CSV File for the Network on Day 230
1 - Minute m 
2 - Power Consumed at minute m 
3 - Power Produced at minute m 
4 - Energy Consumed since the beginning of the day 
5 - Energy Produced since the beginning of the day 
6 - Energy Lost since the beginning of the day 
 
No Production city : 2, Producer : 1
No Production city : 4, Producer : 1
No Production city : 4, Producer : 1
 
0 ; 28199.100913918235 ; 85730.71932915109 ; 0.0 ; 0.0 ; 0.0
1 ; 29564.727659185308 ; 84604.18003577068 ; 28199.100913918235 ; 85730.71932915109 ; 238.00000000000003
2 ; 31699.013714106877 ; 83523.39136428398 ; 57763.82857310354 ; 170334.8993649218 ; 476.00000000000006
3 ; 33345.24527040515 ; 82499.22868662879 ; 89462.84228721043 ; 253858.29072920576 ; 714.0000000000001
4 ; 34923.752050200776 ; 81545.37057483231 ; 122808.08755761557 ; 336357.51941583457 ; 952.0000000000001
5 ; 36337.48384672938 ; 80678.75787768519 ; 157731.83960781634 ; 417902.8899906669 ; 1190.0000000000002
6 ; 38201.94342334666 ; 79919.76696431162 ; 194069.32345454572 ; 498581.64786835207 ; 1428.0000000000002
7 ; 39764.94473876846 ; 79291.70592521889 ; 232271.26687789237 ; 578501.4148326637 ; 1666.0000000000002
8 ; 41112.047527602284 ; 78819.12675544493 ; 272036.2116166608 ; 657793.1207578826 ; 1904.0000000000002
9 ; 43127.083991889725 ; 78524.61683400848 ; 313148.2591442631 ; 736612.2475133275 ; 2142.0000000000005
10 ; 44328.94085925332 ; 78424.4546937238 ; 356275.34313615283 ; 815136.864347336 ; 2380.0000000000005
11 ; 45807.95729646436 ; 78524.61683400848 ; 400604.2839954062 ; 893561.3190410598 ; 2618.0000000000005
12 ; 47931.68928549467 ; 78819.12675544493 ; 446412.24129187054 ; 972085.9358750683 ; 2856.0000000000005
13 ; 49509.82942339015 ; 79291.70592521889 ; 494343.9305773652 ; 1050905.0626305132 ; 3094.0000000000005
14 ; 50754.550180516395 ; 79919.76696431123 ; 543853.7600007553 ; 1130196.7685557322 ; 3332.0000000000005
15 ; 52293.08195825415 ; 80678.75787768519 ; 594608.3101812718 ; 1210116.5355200435 ; 3570.0000000000005
16 ; 53298.16304787606 ; 81545.37057483231 ; 646901.3921395259 ; 1290795.2933977286 ; 3808.0000000000005
17 ; 54985.183573349335 ; 82499.22868662879 ; 700199.555187402 ; 1372340.6639725608 ; 4046.0000000000005
18 ; 56427.602614532756 ; 83523.39136428427 ; 755184.7387607513 ; 1454839.8926591896 ; 4284.000000000001
19 ; 57742.91772968013 ; 84604.1800357704 ; 811612.3413752841 ; 1538363.284023474 ; 4522.000000000001
20 ; 59185.2705412595 ; 85730.71932915109 ; 869355.2591049642 ; 1622967.4640592444 ; 4760.000000000001
21 ; 60856.04610644655 ; 86894.41777170956 ; 928540.5296462238 ; 1708698.1833883955 ; 4998.000000000001
22 ; 61885.621074579314 ; 88088.49211767163 ; 989396.5757526703 ; 1795592.601160105 ; 5236.000000000001
23 ; 63136.35378562732 ; 89307.57020773645 ; 1051282.1968272496 ; 1883681.0932777766 ; 5474.000000000001
24 ; 64831.90240653745 ; 90547.37463637635 ; 1114418.550612877 ; 1972988.663485513 ; 5712.000000000001
25 ; 65861.25622377607 ; 91804.47688493076 ; 1179250.4530194143 ; 2063536.0381218893 ; 5950.000000000001
26 ; 67139.82113868535 ; 93076.1084953954 ; 1245111.7092431905 ; 2155340.51500682 ; 6188.000000000001
27 ; 68305.1533631497 ; 94360.0167056857 ; 1312251.5303818758 ; 2248416.6235022154 ; 6426.000000000001
28 ; 69070.92617403058 ; 95654.35407341103 ; 1380556.6837450254 ; 2342776.640207901 ; 6664.000000000001
29 ; 70650.74731201834 ; 96957.59384401835 ; 1449627.609919056 ; 2438430.994281312 ; 6902.000000000001
30 ; 71917.66389785692 ; 98268.46475855232 ; 1520278.3572310745 ; 2535388.5881253304 ; 7140.000000000001
31 ; 73158.7350179323 ; 99585.90055026727 ; 1592196.0211289313 ; 2633657.0528838825 ; 7378.000000000001
32 ; 74406.63081716654 ; 100909.00057419439 ; 1665354.7561468636 ; 2733242.9534341497 ; 7616.000000000001
33 ; 75166.76478211992 ; 102236.99891289756 ; 1739761.38696403 ; 2834151.954008344 ; 7854.000000000001
34 ; 76469.05950237896 ; 103569.23997089583 ; 1814928.15174615 ; 2936388.9529212415 ; 8092.000000000001
35 ; 77587.9946272705 ; 104905.15906606507 ; 1891397.2112485291 ; 3039958.1928921374 ; 8330.000000000002
36 ; 78468.13449524812 ; 106244.26689343802 ; 1968985.2058757995 ; 3144863.3519582027 ; 8568.000000000002
37 ; 79443.77972607897 ; 107586.13700910892 ; 2047453.3403710476 ; 3251107.6188516407 ; 8806.000000000002
38 ; 80966.46274063239 ; 108930.39568459666 ; 2126897.120097127 ; 3358693.7558607496 ; 9044.000000000002
39 ; 81379.69529088153 ; 110276.71363350845 ; 2207863.582837759 ; 3467624.1515453462 ; 9282.000000000002
40 ; 82583.39428854911 ; 111624.79922617612 ; 2289243.2781286407 ; 3577900.8651788547 ; 9520.000000000002
41 ; 83548.06133347789 ; 112974.39289394305 ; 2371826.67241719 ; 3689525.6644050307 ; 9758.000000000002
42 ; 84468.9139186985 ; 114325.26249012792 ; 2455374.733750668 ; 3802500.0572989737 ; 9996.000000000002
43 ; 85251.44034506154 ; 115677.19942465224 ; 2539843.6476693666 ; 3916825.3197891014 ; 10234.000000000002
44 ; 86495.54493904719 ; 117030.01542771942 ; 2625095.088014428 ; 4032502.5192137538 ; 10472.000000000002
45 ; 87388.18218013614 ; 118383.53982763622 ; 2711590.632953475 ; 4149532.534641473 ; 10710.000000000002
46 ; 87949.08226756663 ; 119737.61725096837 ; 2798978.815133611 ; 4267916.074469109 ; 10948.000000000002
47 ; 88766.8303666445 ; 121092.10567128535 ; 2886927.897401178 ; 4387653.691720078 ; 11186.000000000002
48 ; 89523.3719005314 ; 122446.87474696325 ; 2975694.7277678223 ; 4508745.797391363 ; 11424.000000000002
49 ; 90684.7193432579 ; 123801.8043997409 ; 3065218.099668354 ; 4631192.672138327 ; 11662.000000000002
50 ; 91701.12173072564 ; 125156.78359465806 ; 3155902.819011612 ; 4754994.476538068 ; 11900.000000000002
51 ; 92231.9105469245 ; 126511.70928912867 ; 3247603.9407423376 ; 4880151.260132725 ; 12138.000000000002
52 ; 92856.35072907154 ; 127866.48552462737 ; 3339835.851289262 ; 5006662.969421854 ; 12376.000000000002
53 ; 93606.96116773033 ; 129221.02263907934 ; 3432692.2020183336 ; 5134529.454946482 ; 12614.000000000002
54 ; 94564.96154319386 ; 130575.23658178134 ; 3526299.163186064 ; 5263750.477585561 ; 12852.000000000002
55 ; 95256.77133179943 ; 131929.04831572092 ; 3620864.124729258 ; 5394325.714167342 ; 13090.000000000002
56 ; 95145.03200573471 ; 133282.3832946452 ; 3716120.896061057 ; 5526254.762483062 ; 13328.000000000002
57 ; 96205.37982729523 ; 134635.17100426654 ; 3811265.928066792 ; 5659537.145777707 ; 13566.000000000002
58 ; 96901.95052495024 ; 135987.34455867118 ; 3907471.3078940874 ; 5794172.3167819735 ; 13804.000000000002
59 ; 97758.44190999825 ; 137338.84034438274 ; 4004373.258419038 ; 5930159.661340645 ; 14042.000000000002
60 ; 98118.27717975296 ; 138689.5977056836 ; 4102131.700329036 ; 6067498.501685027 ; 14280.000000000002
61 ; 98644.70493129101 ; 140039.55866575512 ; 4200249.977508789 ; 6206188.099390711 ; 14518.000000000002
62 ; 99314.38133117804 ; 141388.66767899756 ; 4298894.68244008 ; 6346227.658056466 ; 14756.000000000002
63 ; 99226.6054365141 ; 142736.87141056187 ; 4398209.063771258 ; 6487616.325735464 ; 14994.000000000002
64 ; 100054.70960597752 ; 144084.11853969013 ; 4497435.669207772 ; 6630353.1971460255 ; 15232.000000000002
65 ; 100449.1302935221 ; 145430.35958393625 ; 4597490.37881375 ; 6774437.3156857155 ; 15470.000000000002
66 ; 101233.70310182545 ; 146775.54674174212 ; 4697939.509107272 ; 6919867.675269652 ; 15708.000000000002
67 ; 101467.0585169169 ; 148119.63375118573 ; 4799173.212209098 ; 7066643.222011394 ; 15946.000000000002
68 ; 102106.50039483393 ; 149462.57576300864 ; 4900640.270726015 ; 7214762.8557625795 ; 16184.000000000002
69 ; 102080.10742369424 ; 150804.32922627774 ; 5002746.771120849 ; 7364225.431525588 ; 16422.000000000004
70 ; 102721.75735234606 ; 152144.8517852498 ; 5104826.878544543 ; 7515029.760751866 ; 16660.000000000004
71 ; 102856.6336260548 ; 153484.10218618685 ; 5207548.635896889 ; 7667174.612537116 ; 16898.000000000004
72 ; 103393.6073254811 ; 154822.04019302997 ; 5310405.2695229435 ; 7820658.714723303 ; 17136.000000000004
73 ; 103620.46769114374 ; 156158.62651097166 ; 5413798.876848425 ; 7975480.754916333 ; 17374.000000000004
74 ; 103981.26006790219 ; 157493.82271708397 ; 5517419.344539569 ; 8131639.381427304 ; 17612.000000000004
75 ; 104161.11306125675 ; 158827.59119726112 ; 5621400.604607471 ; 8289133.2041443875 ; 17850.000000000004
76 ; 104518.19407783779 ; 160159.89508882217 ; 5725561.717668728 ; 8447960.795341648 ; 18088.000000000004
77 ; 105159.14166080633 ; 161490.69822819583 ; 5830079.911746566 ; 8608120.69043047 ; 18326.000000000004
78 ; 105084.56091116097 ; 162819.96510317543 ; 5935239.053407373 ; 8769611.388658665 ; 18564.000000000004
79 ; 104833.4818287784 ; 164147.66080928987 ; 6040323.614318534 ; 8932431.35376184 ; 18802.000000000004
80 ; 105495.52904612782 ; 165473.75100988866 ; 6145157.096147312 ; 9096579.01457113 ; 19040.000000000004
81 ; 105486.83777971257 ; 166798.2018995799 ; 6250652.625193439 ; 9262052.76558102 ; 19278.000000000004
82 ; 105555.84630947228 ; 168120.98017070408 ; 6356139.462973152 ; 9428850.9674806 ; 19516.000000000004
83 ; 105695.82165439108 ; 169442.05298255564 ; 6461695.309282624 ; 9596971.947651304 ; 19754.000000000004
84 ; 105766.77167965357 ; 170761.38793309886 ; 6567391.130937016 ; 9766414.00063386 ; 19992.000000000004
85 ; 106271.54287260865 ; 172078.95303294857 ; 6673157.902616669 ; 9937175.38856696 ; 20230.000000000004
86 ; 105803.93448544975 ; 173394.7166814102 ; 6779429.445489278 ; 1.0109254341599908E7 ; 20468.000000000004
87 ; 105878.15795007808 ; 174708.6476443966 ; 6885233.3799747275 ; 1.0282649058281317E7 ; 20706.000000000004
88 ; 105868.00837663285 ; 176020.7150340538 ; 6991111.537924806 ; 1.0457357705925714E7 ; 20944.000000000004
89 ; 106031.30731006687 ; 177330.88828994863 ; 7096979.5463014385 ; 1.0633378420959769E7 ; 21182.000000000004
90 ; 105834.48983779756 ; 178639.13716168227 ; 7203010.853611506 ; 1.0810709309249718E7 ; 21420.000000000004
91 ; 106029.3243083266 ; 179945.43169280884 ; 7308845.343449303 ; 1.09893484464114E7 ; 21658.000000000004
92 ; 105875.79950706082 ; 181249.74220594953 ; 7414874.667757629 ; 1.1169293878104208E7 ; 21896.000000000004
93 ; 105997.2721599037 ; 182552.03928900193 ; 7520750.46726469 ; 1.1350543620310158E7 ; 22134.000000000004
94 ; 105918.16110622436 ; 183852.29378235532 ; 7626747.739424594 ; 1.1533095659599159E7 ; 22372.000000000004
95 ; 105648.27738661449 ; 185150.47676702993 ; 7732665.900530818 ; 1.1716947953381514E7 ; 22610.000000000004
96 ; 105831.72083636765 ; 186446.5595536658 ; 7838314.177917432 ; 1.1902098430148544E7 ; 22848.000000000004
97 ; 105306.82059433729 ; 187740.5136722938 ; 7944145.8987537995 ; 1.208854498970221E7 ; 23086.000000000004
98 ; 105320.4675782051 ; 189032.31086282726 ; 8049452.719348136 ; 1.2276285503374504E7 ; 23324.000000000004
99 ; 104970.26192455243 ; 190321.92306621818 ; 8154773.186926342 ; 1.2465317814237332E7 ; 23562.000000000004
100 ; 104559.40880730828 ; 191609.3224162271 ; 8259743.448850894 ; 1.265563973730355E7 ; 23800.000000000004
101 ; 104749.10172852185 ; 192894.48123175968 ; 8364302.857658203 ; 1.2847249059719777E7 ; 24038.000000000004
102 ; 104459.61172786122 ; 194177.37200972738 ; 8469051.959386725 ; 1.3040143540951537E7 ; 24276.000000000004
103 ; 103881.37290691042 ; 195457.96741839303 ; 8573511.571114587 ; 1.3234320912961265E7 ; 24514.000000000004
104 ; 103701.25992803503 ; 196736.24029116603 ; 8677392.944021497 ; 1.3429778880379658E7 ; 24752.000000000004
105 ; 103347.21443153736 ; 198012.1636208136 ; 8781094.203949532 ; 1.3626515120670823E7 ; 24990.000000000004
106 ; 102649.08031131681 ; 199285.71055405875 ; 8884441.418381069 ; 1.3824527284291636E7 ; 25228.000000000004
107 ; 103073.63089147066 ; 200556.85438653655 ; 8987090.498692386 ; 1.4023812994845696E7 ; 25466.000000000004
108 ; 102199.42732388928 ; 201825.56855808402 ; 9090164.129583856 ; 1.4224369849232232E7 ; 25704.000000000004
109 ; 101659.32333825906 ; 203091.8266483397 ; 9192363.556907745 ; 1.4426195417790316E7 ; 25942.000000000004
110 ; 101298.5685392933 ; 204355.6023726314 ; 9294022.880246004 ; 1.4629287244438656E7 ; 26180.000000000004
111 ; 100802.48082884171 ; 205616.86957813276 ; 9395321.448785298 ; 1.4833642846811287E7 ; 26418.000000000004
112 ; 100499.24303460229 ; 206875.60224026977 ; 9496123.92961414 ; 1.503925971638942E7 ; 26656.000000000004
113 ; 100032.88804850678 ; 208131.77445936046 ; 9596623.172648743 ; 1.524613531862969E7 ; 26894.000000000004
114 ; 99557.4341265061 ; 209385.36045747204 ; 9696656.06069725 ; 1.545426709308905E7 ; 27132.000000000004
115 ; 99222.93547889648 ; 210636.3345754819 ; 9796213.494823756 ; 1.5663652453546522E7 ; 27370.000000000004
116 ; 98194.19114337806 ; 211884.6712703274 ; 9895436.430302652 ; 1.5874288788122004E7 ; 27608.000000000004
117 ; 97718.1582391164 ; 213130.34511243398 ; 9993630.62144603 ; 1.6086173459392332E7 ; 27846.000000000004
118 ; 97208.96924195529 ; 214373.3307833086 ; 1.0091348779685147E7 ; 1.6299303804504765E7 ; 28084.000000000004
119 ; 96077.6884136716 ; 215613.6030732887 ; 1.0188557748927101E7 ; 1.6513677135288075E7 ; 28322.000000000004
120 ; 95759.01755260426 ; 216851.1368794366 ; 1.0284635437340774E7 ; 1.6729290738361362E7 ; 28560.000000000004
121 ; 95449.7150659109 ; 218085.90720357024 ; 1.0380394454893379E7 ; 1.69461418752408E7 ; 28798.000000000004
122 ; 94892.00922887903 ; 219317.88915042146 ; 1.047584416995929E7 ; 1.716422778244437E7 ; 29036.000000000004
123 ; 93521.56991589454 ; 220547.05792591415 ; 1.057073617918817E7 ; 1.738354567159479E7 ; 29274.000000000004
124 ; 93616.4782918339 ; 221773.388835555 ; 1.0664257749104064E7 ; 1.7604092729520705E7 ; 29512.000000000004
125 ; 92623.30585101731 ; 222996.85728292976 ; 1.0757874227395898E7 ; 1.782586611835626E7 ; 29750.000000000004
126 ; 91972.45756016354 ; 224217.43876829854 ; 1.0850497533246916E7 ; 1.804886297563919E7 ; 29988.000000000004
127 ; 90952.89354409635 ; 225435.10888728444 ; 1.0942469990807079E7 ; 1.8273080414407488E7 ; 30226.000000000004
128 ; 90232.48694396413 ; 226649.84332964994 ; 1.1033422884351175E7 ; 1.8498515523294773E7 ; 30464.000000000004
129 ; 89637.21438750326 ; 227861.61787815572 ; 1.112365537129514E7 ; 1.8725165366624422E7 ; 30702.000000000004
130 ; 88710.79812257894 ; 229070.4084074969 ; 1.1213292585682642E7 ; 1.8953026984502576E7 ; 30940.000000000004
131 ; 88014.05602288284 ; 230276.19088331264 ; 1.1302003383805221E7 ; 1.9182097392910074E7 ; 31178.000000000004
132 ; 86770.8531751959 ; 231478.94136126447 ; 1.1390017439828103E7 ; 1.9412373583793387E7 ; 31416.000000000004
133 ; 85839.06761973604 ; 232678.63598617967 ; 1.14767882930033E7 ; 1.964385252515465E7 ; 31654.000000000004
134 ; 84678.53778694941 ; 233875.25099125534 ; 1.1562627360623036E7 ; 1.987653116114083E7 ; 31892.000000000004
135 ; 84106.45872093696 ; 235068.76269732098 ; 1.1647305898409985E7 ; 2.0110406412132084E7 ; 32130.000000000004
136 ; 83319.31672126487 ; 236259.14751215483 ; 1.1731412357130922E7 ; 2.0345475174829405E7 ; 32368.000000000004
137 ; 82445.35852332758 ; 237446.38192985184 ; 1.1814731673852187E7 ; 2.058173432234156E7 ; 32606.000000000004
138 ; 81288.36991239869 ; 238630.44253024028 ; 1.1897177032375515E7 ; 2.0819180704271413E7 ; 32844.00000000001
139 ; 80630.32891625377 ; 239811.3059783442 ; 1.1978465402287913E7 ; 2.1057811146801654E7 ; 33082.00000000001
140 ; 79400.46548027081 ; 240988.94902388903 ; 1.2059095731204167E7 ; 2.1297622452779997E7 ; 33320.00000000001
141 ; 78210.65002609977 ; 242163.34850084817 ; 1.2138496196684439E7 ; 2.1538611401803885E7 ; 33558.00000000001
142 ; 77221.14123415621 ; 243334.48132702845 ; 1.2216706846710538E7 ; 2.1780774750304732E7 ; 33796.00000000001
143 ; 75952.42796011422 ; 244502.3245036922 ; 1.2293927987944694E7 ; 2.202410923163176E7 ; 34034.00000000001
144 ; 75107.28901202136 ; 245666.85511521372 ; 1.2369880415904809E7 ; 2.2268611556135453E7 ; 34272.00000000001
145 ; 74465.05768467908 ; 246828.050328769 ; 1.244498770491683E7 ; 2.2514278411250666E7 ; 34510.00000000001
146 ; 74567.84220574507 ; 247985.8873940559 ; 1.2519452762601508E7 ; 2.2761106461579435E7 ; 34748.00000000001
147 ; 74099.37274292279 ; 249140.34364304433 ; 1.2594020604807252E7 ; 2.300909234897349E7 ; 34986.00000000001
148 ; 74021.2076931139 ; 250291.3964897538 ; 1.2668119977550175E7 ; 2.3258232692616533E7 ; 35224.00000000001
149 ; 73758.40709821033 ; 251439.0234300578 ; 1.2742141185243288E7 ; 2.3508524089106288E7 ; 35462.00000000001
150 ; 73342.06970697857 ; 252583.20204151256 ; 1.2815899592341498E7 ; 2.3759963112536345E7 ; 35700.00000000001
151 ; 73435.57908391957 ; 253723.9099832103 ; 1.2889241662048476E7 ; 2.401254631457786E7 ; 35938.00000000001
152 ; 72893.41238116525 ; 254861.1249956542 ; 1.2962677241132395E7 ; 2.426627022456107E7 ; 36176.00000000001
153 ; 72308.17547465698 ; 255994.82490065516 ; 1.303557065351356E7 ; 2.452113134955672E7 ; 36414.00000000001
154 ; 72766.9662876442 ; 257124.98760124858 ; 1.3107878828988217E7 ; 2.477712617445738E7 ; 36652.00000000001
155 ; 72337.19734268764 ; 258251.59108163026 ; 1.3180645795275861E7 ; 2.503425116205863E7 ; 36890.00000000001
156 ; 72065.92985563935 ; 259374.61340711074 ; 1.325298299261855E7 ; 2.529250275314026E7 ; 37128.00000000001
157 ; 72011.23182332335 ; 260494.0327240863 ; 1.3325048922474189E7 ; 2.555187736654737E7 ; 37366.00000000001
158 ; 71161.25823412264 ; 261609.82726002714 ; 1.3397060154297512E7 ; 2.5812371399271455E7 ; 37604.00000000001
159 ; 70977.26911319519 ; 262721.9753234804 ; 1.3468221412531635E7 ; 2.6073981226531483E7 ; 37842.00000000001
160 ; 70988.79387039047 ; 263830.45530408825 ; 1.353919868164483E7 ; 2.6336703201854963E7 ; 38080.00000000001
161 ; 70181.22171934223 ; 264935.24567262 ; 1.3610187475515222E7 ; 2.6600533657159053E7 ; 38318.00000000001
162 ; 69983.86941187558 ; 266036.3249810174 ; 1.3680368697234564E7 ; 2.6865468902831674E7 ; 38556.00000000001
163 ; 69380.88026081302 ; 267133.6718624523 ; 1.375035256664644E7 ; 2.7131505227812693E7 ; 38794.00000000001
164 ; 69255.48212929843 ; 268227.26503139694 ; 1.3819733446907252E7 ; 2.7398638899675146E7 ; 39032.00000000001
165 ; 68879.25913970527 ; 269317.0832837049 ; 1.388898892903655E7 ; 2.7666866164706543E7 ; 39270.00000000001
166 ; 68678.9927657903 ; 270403.1054967031 ; 1.3957868188176256E7 ; 2.7936183247990247E7 ; 39508.00000000001
167 ; 68340.12275135225 ; 271485.3106292946 ; 1.4026547180942046E7 ; 2.820658635348695E7 ; 39746.00000000001
168 ; 67564.59275073853 ; 272563.6777220699 ; 1.4094887303693397E7 ; 2.8478071664116245E7 ; 39984.00000000001
169 ; 67256.18878375992 ; 273638.1858974284 ; 1.4162451896444136E7 ; 2.8750635341838315E7 ; 40222.00000000001
170 ; 66590.92957968374 ; 274708.8143597088 ; 1.4229708085227896E7 ; 2.9024273527735744E7 ; 40460.00000000001
171 ; 66490.61688139904 ; 275775.54239532666 ; 1.429629901480758E7 ; 2.9298982342095453E7 ; 40698.00000000001
172 ; 66223.55580985635 ; 276838.3493729212 ; 1.4362789631688979E7 ; 2.957475788449078E7 ; 40936.00000000001
173 ; 66128.38756936794 ; 277897.21474350867 ; 1.4429013187498834E7 ; 2.98515962338637E7 ; 41174.00000000001
174 ; 65884.75015478925 ; 278952.1180406429 ; 1.4495141575068202E7 ; 3.012949344860721E7 ; 41412.00000000001
175 ; 66596.23256472552 ; 280003.0388805833 ; 1.4561026325222991E7 ; 3.0408445566647854E7 ; 41650.00000000001
176 ; 66205.20190680418 ; 281049.95696246816 ; 1.4627622557787716E7 ; 3.0688448605528437E7 ; 41888.00000000001
177 ; 66273.6731085087 ; 282092.85206849483 ; 1.469382775969452E7 ; 3.0969498562490907E7 ; 42126.00000000001
178 ; 66723.89403243424 ; 283131.7040641051 ; 1.476010143280303E7 ; 3.12515914145594E7 ; 42364.00000000001
179 ; 67249.09773564617 ; 284166.4928981767 ; 1.4826825326835463E7 ; 3.1534723118623506E7 ; 42602.00000000001
180 ; 67224.25055565848 ; 285197.1986032189 ; 1.4894074424571108E7 ; 3.1818889611521684E7 ; 42840.00000000001
181 ; 67531.86780077298 ; 286223.80129557353 ; 1.4961298675126767E7 ; 3.2104086810124904E7 ; 43078.00000000001
182 ; 67954.2603492098 ; 287246.2811756212 ; 1.5028830542927539E7 ; 3.239031061142048E7 ; 43316.00000000001
183 ; 67907.12579432677 ; 288264.6185279907 ; 1.509678480327675E7 ; 3.26775568925961E7 ; 43554.00000000001
184 ; 68166.2912683548 ; 289278.79372177285 ; 1.5164691929071076E7 ; 3.296582151112409E7 ; 43792.00000000001
185 ; 68249.91792535574 ; 290288.78721073904 ; 1.523285822033943E7 ; 3.3255100304845862E7 ; 44030.00000000001
186 ; 68716.55613095939 ; 291294.57953356236 ; 1.5301108138264786E7 ; 3.3545389092056602E7 ; 44268.00000000001
187 ; 69144.29398000136 ; 292296.1513140425 ; 1.5369824694395745E7 ; 3.3836683671590164E7 ; 44506.00000000001
188 ; 68929.88249130029 ; 293293.4832613341 ; 1.5438968988375746E7 ; 3.412897982290421E7 ; 44744.00000000001
189 ; 69422.65444677556 ; 294286.55617017834 ; 1.5507898870867046E7 ; 3.442227330616554E7 ; 44982.00000000001
190 ; 69510.87376285074 ; 295275.3509211363 ; 1.557732152531382E7 ; 3.471655986233572E7 ; 45220.00000000001
191 ; 69783.82233043358 ; 296259.8484808266 ; 1.5646832399076672E7 ; 3.501183521325686E7 ; 45458.00000000001
192 ; 69845.50326384186 ; 297240.029902164 ; 1.5716616221407106E7 ; 3.530809506173769E7 ; 45696.00000000001
193 ; 70346.73491310132 ; 298215.87632460136 ; 1.5786461724670948E7 ; 3.5605335091639854E7 ; 45934.00000000001
194 ; 70345.40350440281 ; 299187.36897437373 ; 1.585680845958405E7 ; 3.5903550967964455E7 ; 46172.00000000001
195 ; 70810.29860414533 ; 300154.4891647439 ; 1.5927153863088453E7 ; 3.620273833693883E7 ; 46410.00000000001
196 ; 71158.29795229652 ; 301117.21829625027 ; 1.5997964161692599E7 ; 3.6502892826103576E7 ; 46648.00000000001
197 ; 71294.47327857222 ; 302075.5378569566 ; 1.6069122459644895E7 ; 3.680401004439983E7 ; 46886.00000000001
198 ; 71132.78442833011 ; 303029.4294227029 ; 1.6140416932923468E7 ; 3.710608558225679E7 ; 47124.00000000001
199 ; 71333.44330161852 ; 303978.87465735857 ; 1.6211549717351798E7 ; 3.740911501167949E7 ; 47362.00000000001
200 ; 71637.83146772193 ; 304923.8553130764 ; 1.6282883160653416E7 ; 3.771309388633685E7 ; 47600.00000000001
201 ; 71545.72832087742 ; 305864.3532305475 ; 1.6354520992121138E7 ; 3.8018017741649926E7 ; 47838.00000000001
202 ; 72196.86193085492 ; 306800.3503392585 ; 1.6426066720442016E7 ; 3.832388209488048E7 ; 48076.00000000001
203 ; 72060.77319082989 ; 307731.82865774876 ; 1.649826358237287E7 ; 3.863068244521973E7 ; 48314.00000000001
204 ; 71946.91305976451 ; 308658.7702938691 ; 1.65703243555637E7 ; 3.893841427387748E7 ; 48552.00000000001
205 ; 72874.97566552836 ; 309581.1574450411 ; 1.6642271268623464E7 ; 3.924707304417135E7 ; 48790.00000000001
206 ; 72732.40979982316 ; 310498.9723985172 ; 1.6715146244288992E7 ; 3.955665420161639E7 ; 49028.00000000001
207 ; 73228.92208286631 ; 311412.1975316418 ; 1.6787878654088814E7 ; 3.986715317401491E7 ; 49266.00000000001
208 ; 73707.79801816517 ; 312320.81531211245 ; 1.686110757617168E7 ; 4.017856537154655E7 ; 49504.00000000001
209 ; 73553.42794568083 ; 313224.8082982417 ; 1.6934815374189846E7 ; 4.049088618685866E7 ; 49742.00000000001
210 ; 74253.82442859009 ; 314124.1591392197 ; 1.7008368802135527E7 ; 4.080411099515691E7 ; 49980.00000000001
211 ; 74155.33891238728 ; 315018.8505753766 ; 1.708262262656412E7 ; 4.111823515429613E7 ; 50218.00000000001
212 ; 74376.3781793474 ; 315908.8654384455 ; 1.7156777965476505E7 ; 4.143325400487151E7 ; 50456.00000000001
213 ; 74445.96212459428 ; 316794.18665182556 ; 1.7231154343655854E7 ; 4.174916287030996E7 ; 50694.00000000001
214 ; 75130.21605678843 ; 317674.79723084543 ; 1.7305600305780448E7 ; 4.206595705696178E7 ; 50932.00000000001
215 ; 75115.56034850997 ; 318550.6802830259 ; 1.738073052183724E7 ; 4.238363185419263E7 ; 51170.00000000001
216 ; 75383.16984294968 ; 319421.81900834385 ; 1.745584608218575E7 ; 4.2702182534475654E7 ; 51408.00000000001
217 ; 75515.6252363604 ; 320288.19669949496 ; 1.75312292520287E7 ; 4.3021604353484E7 ; 51646.00000000001
218 ; 76285.76283551866 ; 321149.79674215685 ; 1.7606744877265062E7 ; 4.334189255018349E7 ; 51884.00000000001
219 ; 76364.39519444732 ; 322006.60261525185 ; 1.768303064010058E7 ; 4.3663042346925646E7 ; 52122.00000000001
220 ; 76676.06162276419 ; 322858.5978912094 ; 1.775939503529503E7 ; 4.39850489495409E7 ; 52360.00000000001
221 ; 76430.2153884717 ; 323705.76623622875 ; 1.7836071096917793E7 ; 4.430790754743211E7 ; 52598.00000000001
222 ; 76534.81092061488 ; 324548.0914105403 ; 1.7912501312306266E7 ; 4.463161331366834E7 ; 52836.00000000001
223 ; 76896.90472629524 ; 325385.5572686674 ; 1.798903612322688E7 ; 4.495616140507888E7 ; 53074.00000000001
224 ; 76855.73783076464 ; 326218.14775968716 ; 1.8065933027953178E7 ; 4.5281546962347545E7 ; 53312.00000000001
225 ; 77578.20383580918 ; 327045.84692749084 ; 1.8142788765783943E7 ; 4.560776511010723E7 ; 53550.00000000001
226 ; 77872.25401081861 ; 327868.6389110442 ; 1.822036696961975E7 ; 4.593481095703472E7 ; 53788.00000000001
227 ; 77823.20026177083 ; 328686.50794464623 ; 1.829823922363057E7 ; 4.626267959594577E7 ; 54026.00000000001
228 ; 78119.83465015689 ; 329499.43835818826 ; 1.837606242389234E7 ; 4.659136610389041E7 ; 54264.00000000001
229 ; 77881.05047714888 ; 330307.4145774117 ; 1.8454182258542497E7 ; 4.69208655422486E7 ; 54502.00000000001
230 ; 78528.00822405744 ; 331110.4211241652 ; 1.8532063309019644E7 ; 4.725117295682601E7 ; 54740.00000000001
231 ; 78625.83348484107 ; 331908.4426166614 ; 1.8610591317243703E7 ; 4.758228337795018E7 ; 54978.00000000001
232 ; 78997.64971891529 ; 332701.4637697326 ; 1.8689217150728542E7 ; 4.791419182056684E7 ; 55216.00000000001
233 ; 79237.85378133904 ; 333489.4693950851 ; 1.8768214800447457E7 ; 4.8246893284336574E7 ; 55454.00000000001
234 ; 79325.20908128697 ; 334272.4444015537 ; 1.8847452654228795E7 ; 4.858038275373166E7 ; 55692.00000000001
235 ; 79390.42957397467 ; 335050.3737953546 ; 1.8926777863310084E7 ; 4.8914655198133215E7 ; 55930.00000000001
236 ; 79661.82013785832 ; 335823.24268033716 ; 1.900616829288406E7 ; 4.924970557192857E7 ; 56168.00000000001
237 ; 80216.7063048899 ; 336591.03625823546 ; 1.9085830113021918E7 ; 4.95855288146089E7 ; 56406.00000000001
238 ; 80419.11012061434 ; 337353.739828918 ; 1.9166046819326807E7 ; 4.992211985086714E7 ; 56644.00000000001
239 ; 80035.97273580192 ; 338111.338790637 ; 1.924646592944742E7 ; 5.025947359069605E7 ; 56882.00000000001
240 ; 81023.81704459648 ; 338863.81864027644 ; 1.9326501902183224E7 ; 5.059758492948669E7 ; 57120.00000000001
241 ; 81631.20747044602 ; 339611.1649735987 ; 1.940752571922782E7 ; 5.093644874812697E7 ; 57358.00000000001
242 ; 83030.82064721436 ; 340353.3634854903 ; 1.9489156926698267E7 ; 5.127605991310057E7 ; 57596.00000000001
243 ; 83886.47420668273 ; 341090.39997020725 ; 1.957218774734548E7 ; 5.161641327658606E7 ; 57834.00000000001
244 ; 84684.04505291293 ; 341822.260321617 ; 1.9656074221552163E7 ; 5.195750367655627E7 ; 58072.00000000001
245 ; 85957.31709222373 ; 342548.9305334424 ; 1.9740758266605075E7 ; 5.2299325936877884E7 ; 58310.00000000001
246 ; 87217.47959278064 ; 343270.3966995012 ; 1.98267155836973E7 ; 5.264187486741132E7 ; 58548.00000000001
247 ; 87847.62720929267 ; 343986.6450139468 ; 1.9913933063290082E7 ; 5.2985145264110826E7 ; 58786.00000000001
248 ; 89296.06205995163 ; 344697.6617715062 ; 2.0001780690499373E7 ; 5.332913190912477E7 ; 59024.00000000001
249 ; 90315.73714438229 ; 345403.4333677172 ; 2.0091076752559323E7 ; 5.3673829570896275E7 ; 59262.00000000001
250 ; 91681.34676996047 ; 346103.94629916456 ; 2.0181392489703704E7 ; 5.401923300426399E7 ; 59500.00000000001
251 ; 92404.73208753836 ; 346799.1871637142 ; 2.0273073836473662E7 ; 5.4365336950563155E7 ; 59738.00000000001
252 ; 93540.7726486968 ; 347489.14266074623 ; 2.03654785685612E7 ; 5.4712136137726866E7 ; 59976.00000000001
253 ; 94101.34244407638 ; 348173.79959138716 ; 2.0459019341209896E7 ; 5.505962528038761E7 ; 60214.00000000001
254 ; 95307.64192358669 ; 348853.1448587397 ; 2.0553120683653973E7 ; 5.5407799079978995E7 ; 60452.00000000001
255 ; 96195.25666646699 ; 349527.1654681121 ; 2.064842832557756E7 ; 5.5756652224837735E7 ; 60690.00000000001
256 ; 97024.93677562311 ; 350195.8485272456 ; 2.0744623582244027E7 ; 5.610617939030585E7 ; 60928.00000000001
257 ; 98094.75880847243 ; 350859.1812465397 ; 2.0841648519019652E7 ; 5.645637523883309E7 ; 61166.00000000001
258 ; 99363.95569714959 ; 351517.1509392781 ; 2.0939743277828123E7 ; 5.680723442007963E7 ; 61404.00000000001
259 ; 100190.8784116306 ; 352169.74502185045 ; 2.1039107233525272E7 ; 5.715875157101891E7 ; 61642.00000000001
260 ; 100723.76124260116 ; 352816.9510139747 ; 2.1139298111936904E7 ; 5.751092131604076E7 ; 61880.00000000001
261 ; 101709.35665676123 ; 353458.7565389165 ; 2.1240021873179507E7 ; 5.786373826705474E7 ; 62118.00000000001
262 ; 102455.26478812199 ; 354095.14932370814 ; 2.1341731229836266E7 ; 5.821719702359366E7 ; 62356.00000000001
263 ; 103697.1546551643 ; 354726.11719936517 ; 2.1444186494624387E7 ; 5.8571292172917366E7 ; 62594.00000000001
264 ; 104306.11855781495 ; 355351.64810110186 ; 2.1547883649279553E7 ; 5.8926018290116735E7 ; 62832.00000000001
265 ; 105061.87333293204 ; 355971.73006854486 ; 2.1652189767837368E7 ; 5.928136993821783E7 ; 63070.00000000001
266 ; 106345.63929411564 ; 356586.3512459453 ; 2.17572516411703E7 ; 5.9637341668286376E7 ; 63308.00000000001
267 ; 106881.14090555737 ; 357195.49988238956 ; 2.1863597280464415E7 ; 5.999392801953232E7 ; 63546.00000000001
268 ; 107748.81174890453 ; 357799.16433200764 ; 2.1970478421369974E7 ; 6.0351123519414715E7 ; 63784.00000000001
269 ; 108420.01410281009 ; 358397.33305418084 ; 2.2078227233118877E7 ; 6.0708922683746725E7 ; 64022.00000000001
270 ; 108765.5589764442 ; 358989.9946137472 ; 2.2186647247221686E7 ; 6.10673200168009E7 ; 64260.00000000001
271 ; 109818.76748934861 ; 359577.1376812053 ; 2.229541280619813E7 ; 6.142631001141465E7 ; 64498.00000000001
272 ; 110818.58949640277 ; 360158.7510329166 ; 2.240523157368748E7 ; 6.1785887149095856E7 ; 64736.00000000001
273 ; 110947.45013554199 ; 360734.8235513058 ; 2.2516050163183883E7 ; 6.2146045900128774E7 ; 64974.00000000001
274 ; 112120.11276400393 ; 361305.3442250597 ; 2.2626997613319423E7 ; 6.250678072368008E7 ; 65212.00000000001
275 ; 113026.14385059172 ; 361870.3021493247 ; 2.2739117726083428E7 ; 6.2868086067905135E7 ; 65450.00000000001
276 ; 113099.35627397642 ; 362429.68652590143 ; 2.285214386993402E7 ; 6.322995637005446E7 ; 65688.00000000001
277 ; 114337.78292369643 ; 362983.48666343885 ; 2.2965243226207994E7 ; 6.3592386056580365E7 ; 65926.00000000001
278 ; 114641.29321500803 ; 363531.69197762595 ; 2.307958100913169E7 ; 6.39553695432438E7 ; 66164.00000000001
279 ; 115618.73583784298 ; 364074.291991382 ; 2.3194222302346695E7 ; 6.431890123522143E7 ; 66402.00000000001
280 ; 116246.890624307 ; 364611.27633504465 ; 2.330984103818454E7 ; 6.468297552721281E7 ; 66640.00000000001
281 ; 116491.89715566533 ; 365142.6347465565 ; 2.3426087928808846E7 ; 6.504758680354786E7 ; 66878.00000000001
282 ; 116850.71889423819 ; 365668.3570716502 ; 2.354257982596451E7 ; 6.541272943829442E7 ; 67116.00000000001
283 ; 118338.96168923279 ; 366188.4332640307 ; 2.365943054485875E7 ; 6.577839779536607E7 ; 67354.00000000001
284 ; 118604.28719942494 ; 366702.8533855572 ; 2.3777769506547984E7 ; 6.61445862286301E7 ; 67592.00000000001
285 ; 119416.28395024403 ; 367211.6076064217 ; 2.389637379374741E7 ; 6.651128908201566E7 ; 67830.00000000001
286 ; 119258.79916890894 ; 367714.6862053269 ; 2.4015790077697653E7 ; 6.687850068962208E7 ; 68068.00000000001
287 ; 119900.45692994457 ; 368212.079569662 ; 2.413504887686656E7 ; 6.72462153758274E7 ; 68306.00000000001
288 ; 120420.67723702283 ; 368703.7781956757 ; 2.4254949333796505E7 ; 6.761442745539707E7 ; 68544.00000000001
289 ; 121971.33072371635 ; 369189.77268864913 ; 2.4375370011033528E7 ; 6.798313123359275E7 ; 68782.00000000001
290 ; 123210.42866341193 ; 369670.05376306514 ; 2.4497341341757245E7 ; 6.835232100628139E7 ; 69020.00000000001
291 ; 123935.69030986779 ; 370144.6122427768 ; 2.4620551770420656E7 ; 6.872199106004445E7 ; 69258.00000000001
292 ; 124856.55804370198 ; 370613.4390611738 ; 2.4744487460730523E7 ; 6.909213567228723E7 ; 69496.00000000001
293 ; 126567.59832021079 ; 371076.52526134637 ; 2.4869344018774226E7 ; 6.94627491113484E7 ; 69734.00000000001
294 ; 127469.06895488861 ; 371533.8619962487 ; 2.499591161709444E7 ; 6.983382563660975E7 ; 69972.00000000001
295 ; 128230.55019648776 ; 371985.44052885845 ; 2.5123380686049327E7 ; 7.0205359498606E7 ; 70210.00000000001
296 ; 129662.06780024037 ; 372431.2522323363 ; 2.5251611236245815E7 ; 7.057734493913485E7 ; 70448.00000000001
297 ; 130554.75340947525 ; 372871.28859018243 ; 2.5381273304046053E7 ; 7.09497761913672E7 ; 70686.00000000001
298 ; 131366.02618256662 ; 373305.5411963912 ; 2.551182805745553E7 ; 7.132264747995737E7 ; 70924.00000000001
299 ; 132236.59473467444 ; 373734.0017556043 ; 2.5643194083638094E7 ; 7.169595302115376E7 ; 71162.00000000001
300 ; 133255.1237061885 ; 374156.6620832619 ; 2.577543067837277E7 ; 7.206968702290937E7 ; 71400.00000000001
301 ; 133869.90364905322 ; 374573.51410575106 ; 2.590868580207896E7 ; 7.244384368499264E7 ; 71638.00000000001
302 ; 135717.4073461389 ; 374984.5498605536 ; 2.6042555705728013E7 ; 7.28184171990984E7 ; 71876.00000000001
303 ; 135854.64014172863 ; 375389.76149639057 ; 2.6178273113074154E7 ; 7.319340174895895E7 ; 72114.00000000001
304 ; 137290.5259816357 ; 375789.1412733658 ; 2.6314127753215883E7 ; 7.356879151045534E7 ; 72352.00000000001
305 ; 137756.66098739012 ; 376182.6815631072 ; 2.6451418279197518E7 ; 7.39445806517287E7 ; 72590.00000000001
306 ; 138388.87588054736 ; 376570.374848905 ; 2.6589174940184906E7 ; 7.432076333329181E7 ; 72828.00000000001
307 ; 139271.48947103176 ; 376952.2137258508 ; 2.6727563816065453E7 ; 7.469733370814072E7 ; 73066.00000000001
308 ; 140280.1355501957 ; 377328.19090097095 ; 2.6866835305536486E7 ; 7.507428592186657E7 ; 73304.00000000001
309 ; 140965.03799073177 ; 377698.29919336084 ; 2.7007115441086683E7 ; 7.545161411276753E7 ; 73542.00000000001
310 ; 141465.00015251548 ; 378062.53153431613 ; 2.7148080479077414E7 ; 7.58293124119609E7 ; 73780.00000000001
311 ; 142467.43579396492 ; 378420.8809674616 ; 2.728954547922993E7 ; 7.620737494349521E7 ; 74018.00000000001
312 ; 142450.87309027047 ; 378773.3406488787 ; 2.7432012915023897E7 ; 7.658579582446268E7 ; 74256.00000000001
313 ; 143125.13887443842 ; 379119.9038472306 ; 2.7574463788114168E7 ; 7.696456916511156E7 ; 74494.00000000001
314 ; 144001.26505308773 ; 379460.5639438856 ; 2.7717588926988605E7 ; 7.734368906895879E7 ; 74732.00000000001
315 ; 144668.05379592045 ; 383421.7306424815 ; 2.786159019204169E7 ; 7.772314963290268E7 ; 74970.00000000001
316 ; 145443.56473264436 ; 387368.6733997995 ; 2.800625824583761E7 ; 7.810657136354516E7 ; 75208.00000000001
317 ; 146006.630038616 ; 391301.38593604224 ; 2.8151701810570255E7 ; 7.849394003694497E7 ; 75446.00000000001
318 ; 146791.5643853612 ; 395219.8620845898 ; 2.829770844060887E7 ; 7.8885241422881E7 ; 75684.00000000001
319 ; 147209.80276935507 ; 399124.09579211264 ; 2.8444500004994232E7 ; 7.928046128496559E7 ; 75922.00000000001
320 ; 147752.804908364 ; 403014.08111868333 ; 2.8591709807763588E7 ; 7.96795853807577E7 ; 76160.00000000001
321 ; 148793.34914461404 ; 406889.81223788473 ; 2.8739462612671953E7 ; 8.008259946187639E7 ; 76398.00000000001
322 ; 148717.98265274207 ; 410751.2834369176 ; 2.8888255961816568E7 ; 8.048948927411428E7 ; 76636.00000000001
323 ; 149326.3734366213 ; 414598.489116705 ; 2.903697394446931E7 ; 8.09002405575512E7 ; 76874.00000000001
324 ; 149546.38159203887 ; 418431.4237919953 ; 2.9186300317905933E7 ; 8.13148390466679E7 ; 77112.00000000001
325 ; 150600.587085272 ; 422250.08209146257 ; 2.933584669949797E7 ; 8.17332704704599E7 ; 77350.00000000001
326 ; 149912.33446029437 ; 426054.45875780575 ; 2.9486447286583245E7 ; 8.215552055255136E7 ; 77588.00000000001
327 ; 150457.0761332541 ; 429844.54864784493 ; 2.963635962104354E7 ; 8.258157501130916E7 ; 77826.00000000001
328 ; 150567.84714839433 ; 433620.34673261596 ; 2.9786816697176795E7 ; 8.301141955995701E7 ; 78064.00000000001
329 ; 150844.50739845983 ; 437381.84809746285 ; 2.993738454432519E7 ; 8.344503990668963E7 ; 78302.00000000001
330 ; 151041.74387217118 ; 441129.0479421282 ; 3.008822905172365E7 ; 8.388242175478709E7 ; 78540.00000000001
331 ; 151029.78214226017 ; 444861.94158084143 ; 3.023927079559582E7 ; 8.432355080272922E7 ; 78778.00000000001
332 ; 151185.85073341482 ; 448580.52444240474 ; 3.039030057773808E7 ; 8.476841274431007E7 ; 79016.00000000001
333 ; 151047.49572581754 ; 452284.79207027773 ; 3.0541486428471494E7 ; 8.521699326875247E7 ; 79254.00000000001
334 ; 151345.36211978187 ; 455974.7401226591 ; 3.0692533924197312E7 ; 8.566927806082276E7 ; 79492.00000000001
335 ; 150797.35421607413 ; 459650.3643725662 ; 3.0843879286317095E7 ; 8.612525280094542E7 ; 79730.00000000001
336 ; 151114.7352626882 ; 463311.6607079138 ; 3.0994676640533168E7 ; 8.658490316531798E7 ; 79968.00000000001
337 ; 151126.73193591263 ; 466958.62513158866 ; 3.1145791375795856E7 ; 8.70482148260259E7 ; 80206.00000000001
338 ; 151195.6315593606 ; 470591.25376152387 ; 3.1296918107731767E7 ; 8.75151734511575E7 ; 80444.00000000001
339 ; 150837.95316629345 ; 474209.5428307703 ; 3.1448113739291128E7 ; 8.798576470491903E7 ; 80682.00000000001
340 ; 151009.40251951793 ; 477813.4886875657 ; 3.1598951692457423E7 ; 8.845997424774979E7 ; 80920.00000000001
341 ; 150457.0352507497 ; 481403.0877954023 ; 3.174996109497694E7 ; 8.893778773643735E7 ; 81158.00000000001
342 ; 150715.0024433349 ; 484978.3367330914 ; 3.190041813022769E7 ; 8.941919082423276E7 ; 81396.00000000001
343 ; 150586.54598685252 ; 488539.2321948272 ; 3.2051133132671025E7 ; 8.990416916096584E7 ; 81634.00000000001
344 ; 150312.24264310958 ; 492085.77099024714 ; 3.220171967865788E7 ; 9.039270839316067E7 ; 81872.00000000001
345 ; 150104.75407546485 ; 495617.9500444911 ; 3.235203192130099E7 ; 9.088479416415092E7 ; 82110.00000000001
346 ; 149697.53592779703 ; 499135.7663982577 ; 3.2502136675376453E7 ; 9.138041211419542E7 ; 82348.00000000001
347 ; 149580.49371791937 ; 502639.21720785927 ; 3.265183421130425E7 ; 9.187954788059367E7 ; 82586.00000000001
348 ; 149381.3704629246 ; 506128.2997452739 ; 3.280141470502217E7 ; 9.238218709780154E7 ; 82824.00000000001
349 ; 149192.16158471094 ; 509603.011398196 ; 3.2950796075485095E7 ; 9.288831539754681E7 ; 83062.00000000001
350 ; 148659.17897972144 ; 513063.3496700844 ; 3.3099988237069808E7 ; 9.339791840894501E7 ; 83300.00000000001
351 ; 148505.57720190004 ; 516509.3121802086 ; 3.324864741604953E7 ; 9.391098175861509E7 ; 83538.00000000001
352 ; 148198.50517275906 ; 519940.8966636923 ; 3.3397152993251428E7 ; 9.44274910707953E7 ; 83776.00000000001
353 ; 147919.95591503463 ; 523358.10097155534 ; 3.3545351498424187E7 ; 9.4947431967459E7 ; 84014.00000000001
354 ; 147528.93714772162 ; 526760.9230707537 ; 3.369327145433922E7 ; 9.547079006843054E7 ; 84252.00000000001
355 ; 147261.21305596072 ; 530149.3610442166 ; 3.384080039148694E7 ; 9.59975509915013E7 ; 84490.00000000001
356 ; 146738.55135197524 ; 533523.4130908819 ; 3.39880616045429E7 ; 9.652770035254551E7 ; 84728.00000000001
357 ; 146317.35598070384 ; 536883.0775257294 ; 3.4134800155894876E7 ; 9.70612237656364E7 ; 84966.00000000001
358 ; 145583.87125169855 ; 540228.3527798124 ; 3.428111751187558E7 ; 9.759810684316213E7 ; 85204.00000000001
359 ; 145049.3643561744 ; 543559.2374002858 ; 3.442670138312727E7 ; 9.813833519594194E7 ; 85442.00000000001
360 ; 163204.0649744971 ; 546875.7300504334 ; 3.457175074748345E7 ; 9.868189443334222E7 ; 85680.00000000001
361 ; 162243.10889573535 ; 550177.8295096928 ; 3.473495481245794E7 ; 9.922877016339265E7 ; 85918.00000000001
362 ; 161718.4745720359 ; 553465.5346736776 ; 3.4897197921353675E7 ; 9.977894799290234E7 ; 86156.00000000001
363 ; 160889.6521413935 ; 556738.8445541977 ; 3.505891639592571E7 ; 1.0033241352757601E8 ; 86394.00000000001
364 ; 160372.49582026625 ; 559997.758279278 ; 3.52198060480671E7 ; 1.0088915237213022E8 ; 86632.00000000001
365 ; 160144.59945344078 ; 563242.2750931738 ; 3.538017854388737E7 ; 1.014491501304095E8 ; 86870.00000000001
366 ; 159663.43568823597 ; 566472.3943563853 ; 3.554032314334081E7 ; 1.0201239240550266E8 ; 87108.00000000001
367 ; 158610.69433690925 ; 569688.1155456697 ; 3.5699986579029046E7 ; 1.0257886479985905E8 ; 87346.00000000001
368 ; 158182.29402634146 ; 572889.4382540499 ; 3.585859727336595E7 ; 1.0314855291540472E8 ; 87584.00000000001
369 ; 157154.75581399718 ; 576076.3621908227 ; 3.60167795673923E7 ; 1.0372144235365877E8 ; 87822.00000000001
370 ; 156338.45856691233 ; 579248.8871815641 ; 3.617393432320629E7 ; 1.042975187158496E8 ; 88060.00000000001
371 ; 156091.20689424954 ; 582407.0131681325 ; 3.63302727817732E7 ; 1.0487676760303116E8 ; 88298.00000000001
372 ; 155167.85069405922 ; 585550.7402086694 ; 3.648636398866745E7 ; 1.0545917461619928E8 ; 88536.00000000001
373 ; 154029.1632385588 ; 588680.0684775991 ; 3.664153183936151E7 ; 1.0604472535640796E8 ; 88774.00000000001
374 ; 153782.72120828534 ; 591794.9982656245 ; 3.679556100260007E7 ; 1.0663340542488556E8 ; 89012.00000000001
375 ; 153103.41060963954 ; 594895.5299797227 ; 3.694934372380835E7 ; 1.0722520042315118E8 ; 89250.00000000001
376 ; 152304.40386647492 ; 597981.6641431367 ; 3.710244713441799E7 ; 1.078200959531309E8 ; 89488.00000000001
377 ; 151462.4826231785 ; 601053.4013953663 ; 3.7254751538284466E7 ; 1.0841807761727403E8 ; 89726.00000000001
378 ; 149794.77073833943 ; 604110.742492156 ; 3.740621402090764E7 ; 1.090191310186694E8 ; 89964.00000000001
379 ; 149741.27229204657 ; 607153.688305481 ; 3.755600879164598E7 ; 1.0962324176116155E8 ; 90202.00000000001
380 ; 148570.70975862423 ; 610182.2398235312 ; 3.770575006393803E7 ; 1.1023039544946703E8 ; 90440.00000000001
381 ; 147232.60497776564 ; 613196.3981506935 ; 3.785432077369665E7 ; 1.1084057768929057E8 ; 90678.00000000001
382 ; 146483.69637385238 ; 616196.1645075298 ; 3.800155337867442E7 ; 1.1145377408744127E8 ; 90916.00000000001
383 ; 145752.8803697722 ; 619181.5402307566 ; 3.814803707504827E7 ; 1.1206997025194879E8 ; 91154.00000000001
384 ; 144839.31975639865 ; 622152.5267732189 ; 3.829378995541804E7 ; 1.1268915179217954E8 ; 91392.00000000001
385 ; 144952.46812342654 ; 625109.1257038635 ; 3.843862927517444E7 ; 1.1331130431895275E8 ; 91630.00000000001
386 ; 144700.4304080598 ; 628051.3387077103 ; 3.858358174329787E7 ; 1.1393641344465661E8 ; 91868.00000000001
387 ; 144169.46010056444 ; 630979.1675858218 ; 3.872828217370593E7 ; 1.1456446478336433E8 ; 92106.00000000001
388 ; 144600.17688085526 ; 633892.6142552685 ; 3.887245163380649E7 ; 1.1519544395095015E8 ; 92344.00000000001
389 ; 144549.9880233008 ; 636791.6807490946 ; 3.901705181068735E7 ; 1.1582933656520541E8 ; 92582.00000000001
390 ; 144446.71736613836 ; 639676.3692162802 ; 3.916160179871065E7 ; 1.164661282459545E8 ; 92820.00000000001
391 ; 144385.63443711193 ; 642546.6819217014 ; 3.930604851607679E7 ; 1.1710580461517078E8 ; 93058.00000000001
392 ; 143796.68474708643 ; 645402.6212460892 ; 3.94504341505139E7 ; 1.1774835129709248E8 ; 93296.00000000001
393 ; 143768.83766016614 ; 648244.1896859843 ; 3.959423083526099E7 ; 1.1839375391833857E8 ; 93534.00000000001
394 ; 143742.0300500169 ; 651071.3898536926 ; 3.973799967292115E7 ; 1.1904199810802455E8 ; 93772.00000000001
395 ; 143659.68871633333 ; 653884.2244772357 ; 3.988174170297117E7 ; 1.1969306949787824E8 ; 94010.00000000001
396 ; 143419.853066805 ; 656682.6964003015 ; 4.00254013916875E7 ; 1.2034695372235547E8 ; 94248.00000000001
397 ; 143289.93612719062 ; 659466.8085821914 ; 4.01688212447543E7 ; 1.2100363641875577E8 ; 94486.00000000001
398 ; 142866.79121730133 ; 662236.5640977654 ; 4.031211118088149E7 ; 1.2166310322733796E8 ; 94724.00000000001
399 ; 142951.24320471892 ; 664991.966137386 ; 4.04549779720988E7 ; 1.2232533979143572E8 ; 94962.00000000001
400 ; 142747.99125669032 ; 667733.0180068593 ; 4.059792921530352E7 ; 1.229903317575731E8 ; 95200.00000000001
401 ; 142848.92527938608 ; 670459.7231273737 ; 4.074067720656021E7 ; 1.2365806477557996E8 ; 95438.00000000001
402 ; 142347.3364609243 ; 673172.085035437 ; 4.0883526131839596E7 ; 1.2432852449870734E8 ; 95676.00000000001
403 ; 142296.39957600716 ; 675870.1073828115 ; 4.102587346830052E7 ; 1.2500169658374278E8 ; 95914.00000000001
404 ; 142300.4591727459 ; 678553.7939364465 ; 4.116816986787653E7 ; 1.2567756669112559E8 ; 96152.00000000001
405 ; 141729.61201081643 ; 681223.1485784086 ; 4.131047032704928E7 ; 1.2635612048506203E8 ; 96390.00000000001
406 ; 141373.35038805814 ; 683878.1753058115 ; 4.145219993906009E7 ; 1.2703734363364044E8 ; 96628.00000000001
407 ; 140884.02396422956 ; 686518.8782307399 ; 4.159357328944815E7 ; 1.2772122180894625E8 ; 96866.00000000001
408 ; 140637.0275856687 ; 689145.2615801767 ; 4.1734457313412376E7 ; 1.2840774068717699E8 ; 97104.00000000001
409 ; 140759.4048338454 ; 691757.329695923 ; 4.1875094340998046E7 ; 1.2909688594875717E8 ; 97342.00000000001
410 ; 140355.5900443099 ; 694355.0870345198 ; 4.201585374583189E7 ; 1.297886432784531E8 ; 97580.00000000001
411 ; 140005.07313055504 ; 696938.5381671642 ; 4.2156209335876204E7 ; 1.3048299836548762E8 ; 97818.00000000001
412 ; 139845.3078870701 ; 699507.687779627 ; 4.229621440900676E7 ; 1.3117993690365478E8 ; 98056.00000000001
413 ; 139284.65983354 ; 702062.5406721658 ; 4.243605971689383E7 ; 1.318794445914344E8 ; 98294.00000000001
414 ; 138962.15648730774 ; 704603.1017594363 ; 4.257534437672737E7 ; 1.3258150713210657E8 ; 98532.00000000001
415 ; 138997.52564165238 ; 707129.3760704029 ; 4.271430653321468E7 ; 1.33286110233866E8 ; 98770.00000000001
416 ; 138974.17366911354 ; 709641.3687482455 ; 4.285330405885633E7 ; 1.3399323960993642E8 ; 99008.00000000001
417 ; 138652.10652650316 ; 712139.0850502651 ; 4.2992278232525446E7 ; 1.3470288097868466E8 ; 99246.00000000001
418 ; 138145.0618312235 ; 714622.5303477873 ; 4.313093033905195E7 ; 1.3541502006373492E8 ; 99484.00000000001
419 ; 137400.1706837115 ; 717091.7101260643 ; 4.326907540088317E7 ; 1.361296425940827E8 ; 99722.00000000001
420 ; 137382.1018445806 ; 719546.6299841725 ; 4.340647557156688E7 ; 1.368467343042088E8 ; 99960.00000000001
421 ; 137019.8607910632 ; 721987.2956349116 ; 4.354385767341146E7 ; 1.3756628093419296E8 ; 100198.00000000001
422 ; 136857.59419286455 ; 724413.7129046987 ; 4.368087753420252E7 ; 1.3828826822982788E8 ; 100436.00000000001
423 ; 135931.6640579846 ; 726825.8877334609 ; 4.3817735128395386E7 ; 1.3901268194273257E8 ; 100674.00000000001
424 ; 136123.71630533136 ; 729223.8261745281 ; 4.395366679245337E7 ; 1.3973950783046603E8 ; 100912.00000000001
425 ; 135507.44056928504 ; 731607.5343945196 ; 4.40897905087587E7 ; 1.4046873165664056E8 ; 101150.00000000001
426 ; 135021.5591767814 ; 733977.0186732337 ; 4.422529794932798E7 ; 1.412003391910351E8 ; 101388.00000000001
427 ; 135064.74592193286 ; 736332.2854035301 ; 4.436031950850476E7 ; 1.4193431620970833E8 ; 101626.00000000001
428 ; 134589.16569625278 ; 738673.3410912147 ; 4.4495384254426695E7 ; 1.4267064849511185E8 ; 101864.00000000001
429 ; 133904.39283760122 ; 741000.1923549188 ; 4.462997342012295E7 ; 1.4340932183620307E8 ; 102102.00000000001
430 ; 133531.82470177568 ; 743312.8459259795 ; 4.476387781296055E7 ; 1.44150322028558E8 ; 102340.00000000001
431 ; 133157.25742692078 ; 745611.3086483153 ; 4.489740963766233E7 ; 1.4489363487448397E8 ; 102578.00000000001
432 ; 132678.46146765893 ; 747895.5874783013 ; 4.503056689508925E7 ; 1.456392461831323E8 ; 102816.00000000001
433 ; 131931.0843707858 ; 750165.6894846419 ; 4.516324535655691E7 ; 1.463871417706106E8 ; 103054.00000000001
434 ; 131764.71099078556 ; 752421.6218482419 ; 4.529517644092769E7 ; 1.4713730746009526E8 ; 103292.00000000001
435 ; 131643.4543495006 ; 754663.3918620746 ; 4.542694115191848E7 ; 1.478897290819435E8 ; 103530.00000000001
436 ; 131071.05750200602 ; 756891.0069310489 ; 4.555858460626798E7 ; 1.4864439247380558E8 ; 103768.00000000001
437 ; 130071.65500399812 ; 759104.4745718741 ; 4.568965566376999E7 ; 1.494012834807366E8 ; 104006.00000000001
438 ; 129574.05324441282 ; 761303.8024129225 ; 4.5819727318773985E7 ; 1.501603879553085E8 ; 104244.00000000001
439 ; 129369.32477119131 ; 763488.9981940902 ; 4.59493013720184E7 ; 1.5092169175772142E8 ; 104482.00000000001
440 ; 128989.02309004214 ; 765660.069766656 ; 4.6078670696789585E7 ; 1.5168518075591552E8 ; 104720.00000000001
441 ; 128356.88999219207 ; 767817.0250931386 ; 4.620765971987963E7 ; 1.524508408256822E8 ; 104958.00000000001
442 ; 128159.22662533236 ; 769959.8722471504 ; 4.633601660987182E7 ; 1.5321865785077533E8 ; 105196.00000000001
443 ; 127567.54230059026 ; 772088.6194132513 ; 4.646417583649715E7 ; 1.539886177230225E8 ; 105434.00000000001
444 ; 127215.55981217776 ; 774203.2748868 ; 4.659174337879774E7 ; 1.5476070634243575E8 ; 105672.00000000001
445 ; 126651.0834900892 ; 776303.8470738016 ; 4.671895893860992E7 ; 1.5553490961732253E8 ; 105910.00000000001
446 ; 126437.02798678921 ; 778390.3444907563 ; 4.684561002210001E7 ; 1.5631121346439633E8 ; 106148.00000000001
447 ; 125543.2985862527 ; 780462.7757645035 ; 4.69720470500868E7 ; 1.570896038088871E8 ; 106386.00000000001
448 ; 124904.90601213888 ; 782521.1496320651 ; 4.7097590348673046E7 ; 1.578700665846516E8 ; 106624.00000000001
449 ; 124541.36304620131 ; 784565.4749404874 ; 4.7222495254685186E7 ; 1.5865258773428366E8 ; 106862.00000000001
450 ; 123368.17668030852 ; 786595.7606466797 ; 4.7347036617731385E7 ; 1.5943715320922413E8 ; 107100.00000000001
451 ; 123403.10024112731 ; 788612.0158172527 ; 4.74704047944117E7 ; 1.602237489698708E8 ; 107338.00000000001
452 ; 122522.24052122192 ; 790614.2496283532 ; 4.759380789465282E7 ; 1.6101236098568806E8 ; 107576.00000000001
453 ; 122356.16140313126 ; 792602.4713654981 ; 4.771633013517404E7 ; 1.6180297523531643E8 ; 107814.00000000001
454 ; 121538.92028930546 ; 794576.6904234068 ; 4.783868629657718E7 ; 1.6259557770668194E8 ; 108052.00000000001
455 ; 120910.09962952875 ; 796536.9163058301 ; 4.7960225216866486E7 ; 1.6339015439710534E8 ; 108290.00000000001
456 ; 120212.0443238267 ; 798483.158625379 ; 4.8081135316496015E7 ; 1.6418669131341118E8 ; 108528.00000000001
457 ; 119372.19396793966 ; 800415.4271033509 ; 4.820134736081984E7 ; 1.6498517447203654E8 ; 108766.00000000001
458 ; 119142.61305605288 ; 802333.7315695535 ; 4.832071955478778E7 ; 1.6578558989913988E8 ; 109004.00000000001
459 ; 118636.96575464746 ; 804238.0819621279 ; 4.843986216784383E7 ; 1.6658792363070944E8 ; 109242.00000000001
460 ; 118056.14906666958 ; 806128.4883273691 ; 4.8558499133598484E7 ; 1.6739216171267158E8 ; 109480.00000000001
461 ; 117185.53285349363 ; 808004.9608195445 ; 4.8676555282665156E7 ; 1.6819829020099896E8 ; 109718.00000000001
462 ; 117042.31786465785 ; 809867.5097007112 ; 4.879374081551865E7 ; 1.690062951618185E8 ; 109956.00000000001
463 ; 116942.31177780058 ; 811716.1453405318 ; 4.8910783133383304E7 ; 1.6981616267151922E8 ; 110194.00000000001
464 ; 117247.30638457206 ; 813550.878216087 ; 4.9027725445161104E7 ; 1.7062787881685975E8 ; 110432.00000000001
465 ; 117826.1598361821 ; 815371.7189116878 ; 4.9144972751545675E7 ; 1.7144142969507584E8 ; 110670.00000000001
466 ; 117292.9428769328 ; 817178.6781186853 ; 4.9262798911381856E7 ; 1.7225680141398752E8 ; 110908.00000000001
467 ; 117629.57632306103 ; 818971.7666352786 ; 4.938009185425879E7 ; 1.730739800921062E8 ; 111146.00000000001
468 ; 116877.33191105175 ; 820750.9953663215 ; 4.949772143058185E7 ; 1.7389295185874146E8 ; 111384.00000000001
469 ; 117004.85729359869 ; 822516.3753231275 ; 4.96145987624929E7 ; 1.747137028541078E8 ; 111622.00000000001
470 ; 117829.84493508782 ; 824267.9176232712 ; 4.97316036197865E7 ; 1.755362192294309E8 ; 111860.00000000001
471 ; 117228.3649721381 ; 826005.6334903918 ; 4.984943346472159E7 ; 1.763604871470542E8 ; 112098.00000000001
472 ; 117528.17721965736 ; 827729.5342539903 ; 4.996666182969373E7 ; 1.7718649278054458E8 ; 112336.00000000001
473 ; 117328.59902167911 ; 829439.6313492289 ; 5.008419000691339E7 ; 1.7801422231479856E8 ; 112574.00000000001
474 ; 117313.94715688299 ; 831135.9363167263 ; 5.020151860593507E7 ; 1.788436619461478E8 ; 112812.00000000001
475 ; 117294.2662934449 ; 832818.460802352 ; 5.031883255309195E7 ; 1.7967479788246453E8 ; 113050.00000000001
476 ; 117443.70084247654 ; 834487.2165570206 ; 5.0436126819385394E7 ; 1.8050761634326687E8 ; 113288.00000000001
477 ; 117055.35259062954 ; 836142.2154364801 ; 5.055357052022787E7 ; 1.813421035598239E8 ; 113526.00000000001
478 ; 117037.00116190777 ; 837783.4694011041 ; 5.06706258728185E7 ; 1.821782457752604E8 ; 113764.00000000001
479 ; 117020.65089476931 ; 839410.9905156787 ; 5.078766287398041E7 ; 1.8301602924466148E8 ; 114002.00000000001
480 ; 99483.50542327791 ; 841024.7909491877 ; 5.090468352487518E7 ; 1.8385544023517716E8 ; 114240.00000000001
481 ; 100159.46126047938 ; 842624.8829745995 ; 5.100416703029846E7 ; 1.8469646502612635E8 ; 114478.00000000001
482 ; 100859.80965793491 ; 844211.2789686477 ; 5.110432649155894E7 ; 1.8553908990910095E8 ; 114716.00000000001
483 ; 102091.67559038084 ; 845783.9914116149 ; 5.120518630121687E7 ; 1.863833011880696E8 ; 114954.00000000001
484 ; 102912.16727264559 ; 847343.0328871112 ; 5.130727797680725E7 ; 1.8722908517948124E8 ; 115192.00000000001
485 ; 103764.46169670645 ; 848888.4160818532 ; 5.1410190144079894E7 ; 1.8807642821236834E8 ; 115430.00000000001
486 ; 104695.24604956731 ; 850420.1537854411 ; 5.15139546057766E7 ; 1.8892531662845019E8 ; 115668.00000000001
487 ; 105363.96639483525 ; 851938.2588901338 ; 5.161864985182617E7 ; 1.8977573678223562E8 ; 115906.00000000001
488 ; 106428.28550863208 ; 853442.744390623 ; 5.1724013818221E7 ; 1.9062767504112574E8 ; 116144.00000000001
489 ; 106738.10977427295 ; 854933.6233838059 ; 5.1830442103729635E7 ; 1.9148111778551638E8 ; 116382.00000000001
490 ; 107780.842834957 ; 856410.9090685562 ; 5.193718021350391E7 ; 1.923360514089002E8 ; 116620.00000000001
491 ; 108823.73839745794 ; 857874.6147454935 ; 5.204496105633887E7 ; 1.9319246231796876E8 ; 116858.00000000001
492 ; 109577.20059538547 ; 859324.7538167521 ; 5.2153784794736326E7 ; 1.9405033693271425E8 ; 117096.00000000001
493 ; 110067.25890069571 ; 860761.3397857475 ; 5.226336199533171E7 ; 1.94909661686531E8 ; 117334.00000000001
494 ; 110445.35105497259 ; 862184.3862569412 ; 5.237342925423241E7 ; 1.9577042302631676E8 ; 117572.00000000001
495 ; 111780.20770260291 ; 863593.9069356069 ; 5.248387460528738E7 ; 1.966326074125737E8 ; 117810.00000000001
496 ; 112467.64695867355 ; 864989.9156275906 ; 5.259565481298998E7 ; 1.974962013195093E8 ; 118048.00000000001
497 ; 112907.92607375282 ; 866372.426239075 ; 5.270812245994865E7 ; 1.983611912351369E8 ; 118286.00000000001
498 ; 113219.74165685337 ; 867741.4527763373 ; 5.2821030386022404E7 ; 1.9922756366137597E8 ; 118524.00000000001
499 ; 114653.77011718809 ; 869097.0093455093 ; 5.293425012767926E7 ; 2.000953051141523E8 ; 118762.00000000001
500 ; 114835.54854956754 ; 870439.1101523361 ; 5.3048903897796445E7 ; 2.009644021234978E8 ; 119000.00000000001
501 ; 115725.74347513195 ; 871767.7695019303 ; 5.3163739446346015E7 ; 2.0183484123365015E8 ; 119238.00000000001
502 ; 116393.21814872127 ; 873083.00179853 ; 5.327946518982115E7 ; 2.0270660900315207E8 ; 119476.00000000001
503 ; 116641.30059128226 ; 874384.8215452508 ; 5.339585840796987E7 ; 2.035796920049506E8 ; 119714.00000000001
504 ; 117242.42467223051 ; 875673.243343841 ; 5.351249970856115E7 ; 2.0445407682649586E8 ; 119952.00000000001
505 ; 118047.35973698157 ; 876948.2818944318 ; 5.362974213323338E7 ; 2.053297500698397E8 ; 120190.00000000001
506 ; 118309.25770691212 ; 878209.9519952891 ; 5.374778949297036E7 ; 2.0620669835173413E8 ; 120428.00000000001
507 ; 119318.1588545131 ; 879458.2685425637 ; 5.386609875067727E7 ; 2.0708490830372941E8 ; 120666.00000000001
508 ; 120026.00681584804 ; 880693.2465300391 ; 5.398541690953179E7 ; 2.0796436657227197E8 ; 120904.00000000001
509 ; 119926.55072290341 ; 881914.9010488808 ; 5.410544291634764E7 ; 2.08845059818802E8 ; 121142.00000000001
510 ; 120922.67010560111 ; 883123.2472873825 ; 5.422536946707054E7 ; 2.0972697471985087E8 ; 121380.00000000001
511 ; 121639.94502637861 ; 884318.3005307114 ; 5.434629213717614E7 ; 2.1061009796713826E8 ; 121618.00000000001
512 ; 121925.09779110539 ; 885500.0761606557 ; 5.446793208220252E7 ; 2.1149441626766896E8 ; 121856.00000000001
513 ; 122517.17872216362 ; 886668.5896553663 ; 5.458985717999362E7 ; 2.1237991634382963E8 ; 122094.00000000001
514 ; 122795.3084828691 ; 887823.8565891015 ; 5.471237435871579E7 ; 2.13266584933485E8 ; 122332.00000000001
515 ; 123367.21069459763 ; 888965.8926319703 ; 5.483516966719866E7 ; 2.141544087900741E8 ; 122570.00000000001
516 ; 124060.09304168777 ; 890094.7135496739 ; 5.4958536877893254E7 ; 2.150433746827061E8 ; 122808.00000000001
517 ; 124479.54272355571 ; 891210.3352032462 ; 5.508259697093494E7 ; 2.1593346939625576E8 ; 123046.00000000001
518 ; 124907.8173738627 ; 892312.7735487961 ; 5.52070765136585E7 ; 2.1682467973145902E8 ; 123284.00000000001
519 ; 125482.65330213598 ; 893402.0446372463 ; 5.5331984331032366E7 ; 2.177169925050078E8 ; 123522.00000000001
520 ; 126060.9148524988 ; 894478.1646140737 ; 5.54574669843345E7 ; 2.1861039454964504E8 ; 123760.00000000001
521 ; 126486.25879751802 ; 895541.1497190478 ; 5.5583527899187E7 ; 2.1950487271425912E8 ; 123998.00000000001
522 ; 126252.93348800896 ; 896591.0162859694 ; 5.571001415798452E7 ; 2.2040041386397818E8 ; 124236.00000000001
523 ; 126871.49231144904 ; 897627.7807424089 ; 5.583626709147253E7 ; 2.2129700488026413E8 ; 124474.00000000001
524 ; 127051.41255852496 ; 898651.4596094441 ; 5.596313858378398E7 ; 2.2219463266100654E8 ; 124712.00000000001
525 ; 127636.91427343243 ; 899662.0695013973 ; 5.60901899963425E7 ; 2.23093284120616E8 ; 124950.00000000001
526 ; 128364.31926430427 ; 900659.6271255729 ; 5.6217826910615936E7 ; 2.239929461901174E8 ; 125188.00000000001
527 ; 128454.99189987195 ; 901644.1492819942 ; 5.634619122988024E7 ; 2.2489360581724295E8 ; 125426.00000000001
528 ; 128787.47189702107 ; 902615.65286314 ; 5.6474646221780114E7 ; 2.2579524996652496E8 ; 125664.00000000001
529 ; 128655.72011188343 ; 903574.1548536818 ; 5.6603433693677135E7 ; 2.266978656193881E8 ; 125902.00000000001
530 ; 128770.50812484627 ; 904519.6723302207 ; 5.673208941378902E7 ; 2.2760143977424178E8 ; 126140.00000000001
531 ; 129321.78367126462 ; 905452.2224610231 ; 5.686085992191386E7 ; 2.28505959446572E8 ; 126378.00000000001
532 ; 129884.09823665653 ; 906371.8225057595 ; 5.699018170558513E7 ; 2.2941141166903302E8 ; 126616.00000000001
533 ; 129070.95477655253 ; 907278.4898152391 ; 5.712006580382179E7 ; 2.303177834915388E8 ; 126854.00000000001
534 ; 129607.48006746659 ; 908172.2418311499 ; 5.724913675859834E7 ; 2.3122506198135403E8 ; 127092.00000000001
535 ; 130426.82542589298 ; 909053.0960857939 ; 5.737874423866581E7 ; 2.3213323422318518E8 ; 127330.00000000001
536 ; 130267.8240287469 ; 909921.070201827 ; 5.7509171064091705E7 ; 2.3304228731927097E8 ; 127568.00000000001
537 ; 130654.85878503886 ; 910776.1818919966 ; 5.763943888812045E7 ; 2.3395220838947278E8 ; 127806.00000000001
538 ; 130766.68327228715 ; 911618.4489588811 ; 5.777009374690549E7 ; 2.348629845713648E8 ; 128044.00000000001
539 ; 131190.90551738598 ; 912447.8892946299 ; 5.790086043017778E7 ; 2.3577460302032366E8 ; 128282.00000000001
540 ; 131362.50057482143 ; 913264.5208807033 ; 5.803205133569516E7 ; 2.366870509096183E8 ; 128520.00000000001
541 ; 131172.1844935146 ; 914068.3617876152 ; 5.816341383626998E7 ; 2.37600315430499E8 ; 128758.00000000001
542 ; 131406.85114695583 ; 914859.4301746739 ; 5.8294586020763494E7 ; 2.385143837922866E8 ; 128996.00000000001
543 ; 131524.64446103037 ; 915637.744289727 ; 5.842599287191045E7 ; 2.3942924322246128E8 ; 129234.00000000001
544 ; 131653.2854438935 ; 916403.3224689048 ; 5.855751751637148E7 ; 2.40344880966751E8 ; 129472.00000000001
545 ; 131620.08914457474 ; 917156.1831363676 ; 5.8689170801815376E7 ; 2.4126128428921992E8 ; 129710.00000000001
546 ; 132129.47036519513 ; 917896.3448040516 ; 5.882079089095995E7 ; 2.421784404723563E8 ; 129948.00000000001
547 ; 131757.0886256875 ; 918623.8260714181 ; 5.8952920361325145E7 ; 2.4309633681716034E8 ; 130186.00000000001
548 ; 132210.35244491525 ; 919338.6456252045 ; 5.908467744995083E7 ; 2.4401496064323175E8 ; 130424.00000000001
549 ; 132438.43244525837 ; 920040.8222391758 ; 5.9216887802395746E7 ; 2.4493429928885695E8 ; 130662.00000000001
550 ; 132374.205138361 ; 920730.3747738791 ; 5.9349326234841004E7 ; 2.4585434011109614E8 ; 130900.00000000001
551 ; 132278.64709508346 ; 921407.3221763996 ; 5.948170043997937E7 ; 2.4677507048587003E8 ; 131138.00000000003
552 ; 132154.09313802267 ; 922071.6834801189 ; 5.961397908707445E7 ; 2.4769647780804643E8 ; 131376.00000000003
553 ; 132048.75047860164 ; 922723.4778044755 ; 5.9746133180212475E7 ; 2.4861854949152654E8 ; 131614.00000000003
554 ; 132227.35143615576 ; 923362.7243547284 ; 5.987818193069108E7 ; 2.4954127296933103E8 ; 131852.00000000003
555 ; 132245.1655851242 ; 923989.4424217233 ; 6.001040928212723E7 ; 2.5046463569368574E8 ; 132090.00000000003
556 ; 132341.97237150246 ; 924603.65138166 ; 6.0142654447712354E7 ; 2.5138862513610747E8 ; 132328.00000000003
557 ; 132175.83719263657 ; 925205.3706958657 ; 6.027499642008386E7 ; 2.5231322878748915E8 ; 132566.00000000003
558 ; 132089.30694907077 ; 925794.6199105692 ; 6.04071722572765E7 ; 2.53238434158185E8 ; 132804.00000000003
559 ; 131620.4281554676 ; 926371.4186566791 ; 6.053926156422557E7 ; 2.5416422877809557E8 ; 133042.00000000003
560 ; 131785.22357405626 ; 926935.7866495668 ; 6.067088199238104E7 ; 2.5509060019675225E8 ; 133280.00000000003
561 ; 131688.36778783624 ; 927487.7436888522 ; 6.080266721595509E7 ; 2.560175359834018E8 ; 133518.00000000003
562 ; 131716.52664128377 ; 928027.309658193 ; 6.093435558374293E7 ; 2.5694502372709066E8 ; 133756.00000000003
563 ; 131228.52173740737 ; 928554.5045250796 ; 6.106607211038422E7 ; 2.5787305103674886E8 ; 133994.00000000003
564 ; 131017.13470337969 ; 929069.3483406352 ; 6.119730063212162E7 ; 2.5880160554127392E8 ; 134232.00000000003
565 ; 131287.6144512338 ; 929571.8612394175 ; 6.1328317766825005E7 ; 2.5973067488961455E8 ; 134470.00000000003
566 ; 130792.63466245112 ; 930062.063439229 ; 6.145960538127624E7 ; 2.6066024675085396E8 ; 134708.00000000003
567 ; 131250.77247355052 ; 930539.9752409315 ; 6.159039801593869E7 ; 2.6159030881429318E8 ; 134946.00000000003
568 ; 130202.1929836365 ; 931005.617028266 ; 6.172164878841224E7 ; 2.6252084878953412E8 ; 135184.00000000003
569 ; 130496.28156294327 ; 931459.0092676779 ; 6.185185098139588E7 ; 2.634518544065624E8 ; 135422.00000000003
570 ; 129742.80634910999 ; 931900.1725081515 ; 6.1982347262958825E7 ; 2.6438331341583008E8 ; 135660.00000000003
571 ; 129945.75769646275 ; 932329.1273810476 ; 6.211209006930794E7 ; 2.6531521358833823E8 ; 135898.00000000003
572 ; 129261.95877672988 ; 932745.8945999504 ; 6.22420358270044E7 ; 2.6624754271571928E8 ; 136136.00000000003
573 ; 129526.70705936177 ; 933150.4949605212 ; 6.237129778578113E7 ; 2.6718028861031923E8 ; 136374.00000000003
574 ; 129062.46964530795 ; 933542.9493403609 ; 6.250082449284049E7 ; 2.6811343910527974E8 ; 136612.00000000003
575 ; 128604.70014455167 ; 933923.2786988786 ; 6.26298869624858E7 ; 2.690469820546201E8 ; 136850.00000000003
576 ; 128761.15234234164 ; 934291.5040771714 ; 6.275849166263035E7 ; 2.6998090533331895E8 ; 137088.00000000003
577 ; 128616.96906924332 ; 934647.6465979128 ; 6.288725281497269E7 ; 2.7091519683739614E8 ; 137326.00000000003
578 ; 128999.43836893725 ; 934991.7274652484 ; 6.301586978404193E7 ; 2.7184984448399407E8 ; 137564.00000000003
579 ; 129240.07105019072 ; 935323.7679647066 ; 6.314486922241087E7 ; 2.7278483621145934E8 ; 137802.00000000003
580 ; 129889.9869613483 ; 935643.7894631152 ; 6.327410929346106E7 ; 2.7372015997942406E8 ; 138040.00000000003
581 ; 129750.66121726323 ; 935951.8134085328 ; 6.340399928042241E7 ; 2.7465580376888716E8 ; 138278.00000000003
582 ; 130546.16131811494 ; 936247.8613301897 ; 6.353374994163968E7 ; 2.755917555822957E8 ; 138516.00000000003
583 ; 130795.35906314012 ; 936531.9548384442 ; 6.366429610295779E7 ; 2.765280034436259E8 ; 138754.00000000003
584 ; 130740.03918288255 ; 936804.1156247486 ; 6.379509146202093E7 ; 2.774645353984644E8 ; 138992.00000000003
585 ; 130683.15914186067 ; 937064.3654616331 ; 6.392583150120381E7 ; 2.784013395140891E8 ; 139230.00000000003
586 ; 130599.5097554108 ; 937312.7262027012 ; 6.405651466034567E7 ; 2.7933840387955076E8 ; 139468.00000000003
587 ; 130710.15629658717 ; 937549.2197826426 ; 6.4187114170101084E7 ; 2.802757166057535E8 ; 139706.00000000003
588 ; 130924.78151231952 ; 937773.8682172613 ; 6.431782432639767E7 ; 2.8121326582553613E8 ; 139944.00000000003
589 ; 131118.72518705917 ; 937986.6936035217 ; 6.444874910790999E7 ; 2.821510396937534E8 ; 140182.00000000003
590 ; 131154.16483991052 ; 938187.7181196135 ; 6.457986783309705E7 ; 2.8308902638735694E8 ; 140420.00000000003
591 ; 130783.87025072958 ; 938376.9640250332 ; 6.471102199793696E7 ; 2.8402721410547656E8 ; 140658.00000000003
592 ; 131198.76131935779 ; 938554.4536606884 ; 6.484180586818769E7 ; 2.849655910695016E8 ; 140896.00000000003
593 ; 131162.22803120327 ; 938720.2094490228 ; 6.497300462950704E7 ; 2.8590414552316225E8 ; 141134.00000000003
594 ; 131338.15049304403 ; 938874.2538941633 ; 6.5104166857538246E7 ; 2.8684286573261124E8 ; 141372.00000000003
595 ; 131356.55386374416 ; 939016.6095820902 ; 6.523550500803129E7 ; 2.877817399865054E8 ; 141610.00000000003
596 ; 131120.28618311443 ; 939147.299180834 ; 6.536686156189503E7 ; 2.8872075659608746E8 ; 141848.00000000003
597 ; 130644.22982177796 ; 939266.345440696 ; 6.549798184807814E7 ; 2.8965990389526826E8 ; 142086.00000000003
598 ; 131254.63637971744 ; 939373.7711945007 ; 6.562862607789992E7 ; 2.9059917024070895E8 ; 142324.00000000003
599 ; 130929.91625109162 ; 939469.5993578739 ; 6.575988071427964E7 ; 2.9153854401190346E8 ; 142562.00000000003
600 ; 130657.15517852505 ; 939553.8529295531 ; 6.589081063053073E7 ; 2.9247801361126137E8 ; 142800.00000000003
601 ; 130184.24988227713 ; 939626.5549917317 ; 6.6021467785709254E7 ; 2.934175674641909E8 ; 143038.00000000003
602 ; 130183.36736266343 ; 939687.7287104359 ; 6.6151652035591535E7 ; 2.943571940191826E8 ; 143276.00000000003
603 ; 129762.85561124753 ; 939737.3973359405 ; 6.62818354029542E7 ; 2.9529688174789304E8 ; 143514.00000000003
604 ; 129877.92153042414 ; 939775.5842032214 ; 6.641159825856545E7 ; 2.96236619145229E8 ; 143752.00000000003
605 ; 129787.13920360152 ; 939802.3127324507 ; 6.6541476180095874E7 ; 2.971763947294322E8 ; 143990.00000000003
606 ; 128930.7659850806 ; 939817.6064295326 ; 6.6671263319299474E7 ; 2.981161970421647E8 ; 144228.00000000003
607 ; 129050.48014360554 ; 939821.4888866897 ; 6.680019408528455E7 ; 2.990560146485942E8 ; 144466.00000000003
608 ; 128728.09494155798 ; 939813.9837830919 ; 6.692924456542816E7 ; 2.999958361374809E8 ; 144704.00000000003
609 ; 128698.5355422793 ; 939795.1148855423 ; 6.705797266036972E7 ; 3.00935650121264E8 ; 144942.00000000003
610 ; 128170.7677986146 ; 939764.906049214 ; 6.718667119591199E7 ; 3.0187544523614955E8 ; 145180.00000000003
611 ; 127328.61020584877 ; 939723.3812184449 ; 6.73148419637106E7 ; 3.0281521014219874E8 ; 145418.00000000003
612 ; 127350.91764825089 ; 939670.5644275963 ; 6.744217057391645E7 ; 3.037549335234172E8 ; 145656.00000000003
613 ; 127429.02574619788 ; 939606.4798019727 ; 6.75695214915647E7 ; 3.046946040878448E8 ; 145894.00000000003
614 ; 126534.6305454048 ; 939531.1515588136 ; 6.76969505173109E7 ; 3.0563421056764674E8 ; 146132.00000000003
615 ; 125931.40651045737 ; 939444.6040083568 ; 6.782348514785631E7 ; 3.0657374171920556E8 ; 146370.00000000003
616 ; 125159.8269544835 ; 939346.8615549789 ; 6.794941655436677E7 ; 3.0751318632321393E8 ; 146608.00000000003
617 ; 124639.13653259765 ; 939237.9486984194 ; 6.807457638132125E7 ; 3.084525331847689E8 ; 146846.00000000003
618 ; 124692.3244465558 ; 939117.8900350933 ; 6.819921551785386E7 ; 3.093917711334673E8 ; 147084.00000000003
619 ; 124354.4371410579 ; 938986.7102594934 ; 6.832390784230042E7 ; 3.103308890235024E8 ; 147322.00000000003
620 ; 123919.70072161063 ; 938844.434165696 ; 6.844826227944148E7 ; 3.112698757337619E8 ; 147560.00000000003
621 ; 122829.83059829322 ; 938691.0866489694 ; 6.857218198016308E7 ; 3.122087201679276E8 ; 147798.00000000003
622 ; 122494.66498213279 ; 938526.6927074953 ; 6.869501181076138E7 ; 3.1314741125457656E8 ; 148036.00000000003
623 ; 121714.92061633122 ; 938351.2774442118 ; 6.881750647574352E7 ; 3.1408593794728404E8 ; 148274.00000000003
624 ; 121317.36708500184 ; 938164.8660687811 ; 6.893922139635985E7 ; 3.150242892247282E8 ; 148512.00000000003
625 ; 121692.95979555964 ; 937967.483899696 ; 6.906053876344484E7 ; 3.15962454090797E8 ; 148750.00000000003
626 ; 121720.47130707296 ; 937759.1563665317 ; 6.91822317232404E7 ; 3.169004215746967E8 ; 148988.00000000003
627 ; 121974.63646126044 ; 937539.9090123507 ; 6.930395219454747E7 ; 3.1783818073106325E8 ; 149226.00000000003
628 ; 122102.87958959912 ; 937309.7674962755 ; 6.942592683100873E7 ; 3.187757206400756E8 ; 149464.00000000003
629 ; 122610.95573895043 ; 937068.757596239 ; 6.954802971059833E7 ; 3.197130304075719E8 ; 149702.00000000003
630 ; 122908.66620252049 ; 936816.9052119227 ; 6.967064066633728E7 ; 3.2065009916516817E8 ; 149940.00000000003
631 ; 122630.05740079754 ; 936554.2363679011 ; 6.97935493325398E7 ; 3.215869160703801E8 ; 150178.00000000003
632 ; 123320.61061950395 ; 936280.7772170006 ; 6.991617938994059E7 ; 3.22523470306748E8 ; 150416.00000000003
633 ; 123387.44551305965 ; 935996.554043893 ; 7.003950000056009E7 ; 3.2345975108396494E8 ; 150654.00000000003
634 ; 123570.76892581089 ; 935701.59326894 ; 7.016288744607314E7 ; 3.2439574763800883E8 ; 150892.00000000003
635 ; 123882.1137198902 ; 935395.9214523046 ; 7.028645821499896E7 ; 3.2533144923127776E8 ; 151130.00000000003
636 ; 123928.77973314423 ; 935079.5652983516 ; 7.041034032871886E7 ; 3.2626684515273005E8 ; 151368.00000000003
637 ; 124552.65729609899 ; 934752.551660358 ; 7.0534269108452E7 ; 3.272019247180284E8 ; 151606.00000000003
638 ; 124581.11838854325 ; 934414.907545557 ; 7.065882176574811E7 ; 3.281366772696888E8 ; 151844.00000000003
639 ; 124357.9610854747 ; 934066.6601205384 ; 7.078340288413666E7 ; 3.2907109217723435E8 ; 152082.00000000003
640 ; 125166.5110004959 ; 933707.83671704 ; 7.090776084522213E7 ; 3.300051588373549E8 ; 152320.00000000003
641 ; 125176.74161741807 ; 933338.46483815 ; 7.103292735622263E7 ; 3.3093886667407197E8 ; 152558.00000000003
642 ; 124891.60804629781 ; 932958.572164963 ; 7.115810409784004E7 ; 3.318722051389101E8 ; 152796.00000000003
643 ; 125040.842515517 ; 932568.1865637186 ; 7.128299570588633E7 ; 3.3280516371107507E8 ; 153034.00000000003
644 ; 125726.28051145108 ; 932167.3360934642 ; 7.140803654840185E7 ; 3.337377318976388E8 ; 153272.00000000003
645 ; 125441.00714801853 ; 931756.0490142871 ; 7.15337628289133E7 ; 3.346698992337323E8 ; 153510.00000000003
646 ; 125664.63140633993 ; 931334.3537961559 ; 7.165920383606131E7 ; 3.3560165528274655E8 ; 153748.00000000003
647 ; 125439.01307317123 ; 930902.2791284311 ; 7.178486846746765E7 ; 3.3653298963654274E8 ; 153986.00000000003
648 ; 126026.16929792448 ; 930459.853930092 ; 7.191030748054083E7 ; 3.3746389191567117E8 ; 154224.00000000003
649 ; 125946.40815630415 ; 930007.1073607497 ; 7.203633364983875E7 ; 3.383943517696013E8 ; 154462.00000000003
650 ; 126430.89919569928 ; 929544.0688325061 ; 7.216228005799505E7 ; 3.39324358876962E8 ; 154700.00000000003
651 ; 125861.2762492224 ; 929070.7680227405 ; 7.228871095719075E7 ; 3.402539029457945E8 ; 154938.00000000003
652 ; 125963.83749832757 ; 928587.2348878987 ; 7.241457223343997E7 ; 3.4118297371381724E8 ; 155176.00000000003
653 ; 126276.56293715554 ; 928093.4996783793 ; 7.254053607093829E7 ; 3.4211156094870514E8 ; 155414.00000000003
654 ; 126456.92353347063 ; 927589.5929546156 ; 7.266681263387544E7 ; 3.430396544483835E8 ; 155652.00000000003
655 ; 126458.21922166343 ; 927075.5456044616 ; 7.279326955740891E7 ; 3.4396724404133815E8 ; 155890.00000000003
656 ; 126283.446071634 ; 926551.3888620043 ; 7.291972777663058E7 ; 3.448943195869426E8 ; 156128.00000000003
657 ; 126275.02834089541 ; 926017.1543279384 ; 7.304601122270222E7 ; 3.458208709758046E8 ; 156366.00000000003
658 ; 127015.70949699197 ; 925472.8739916491 ; 7.317228625104311E7 ; 3.4674688813013256E8 ; 156604.00000000003
659 ; 126543.33204173628 ; 924918.5802551722 ; 7.32993019605401E7 ; 3.476723610041242E8 ; 156842.00000000003
660 ; 126648.5406807242 ; 924354.3059592131 ; 7.342584529258184E7 ; 3.485972795843794E8 ; 157080.00000000003
661 ; 126656.40123849653 ; 923780.0844114313 ; 7.355249383326256E7 ; 3.495216338903386E8 ; 157318.00000000003
662 ; 126882.87307702756 ; 923195.9494172187 ; 7.367915023450106E7 ; 3.5044541397475004E8 ; 157556.00000000003
663 ; 126456.44683090813 ; 922601.9353132257 ; 7.38060331075781E7 ; 3.513686099241673E8 ; 157794.00000000003
664 ; 126338.34217629074 ; 921998.0770039237 ; 7.393248955440901E7 ; 3.522912118594805E8 ; 158032.00000000003
665 ; 126722.27199447236 ; 921384.4100015194 ; 7.40588278965853E7 ; 3.532132099364844E8 ; 158270.00000000003
666 ; 125990.82309435956 ; 920760.9704695838 ; 7.418555016857977E7 ; 3.541345943464859E8 ; 158508.00000000003
667 ; 126725.42483582339 ; 920127.7952707976 ; 7.431154099167413E7 ; 3.550553553169555E8 ; 158746.00000000003
668 ; 126530.69791476647 ; 919484.9220192672 ; 7.443826641650994E7 ; 3.559754831122263E8 ; 158984.00000000003
669 ; 126622.2130965467 ; 918832.3891379202 ; 7.45647971144247E7 ; 3.5689496803424555E8 ; 159222.00000000003
670 ; 126228.06660839006 ; 918170.2359215643 ; 7.469141932752125E7 ; 3.578138004233835E8 ; 159460.00000000003
671 ; 126280.1737086027 ; 917498.5026062583 ; 7.481764739412963E7 ; 3.5873197065930504E8 ; 159698.00000000003
672 ; 126006.29995390766 ; 916817.2304457398 ; 7.494392756783824E7 ; 3.596494691619113E8 ; 159936.00000000003
673 ; 126080.6441892504 ; 916126.4617957526 ; 7.506993386779214E7 ; 3.6056628639235705E8 ; 160174.00000000003
674 ; 126015.95558519066 ; 915426.2402072295 ; 7.51960145119814E7 ; 3.614824128541528E8 ; 160412.00000000003
675 ; 125957.68145009878 ; 914716.6105294293 ; 7.53220304675666E7 ; 3.6239783909436005E8 ; 160650.00000000003
676 ; 126144.9859742338 ; 913997.6190242736 ; 7.54479881490167E7 ; 3.633125557048895E8 ; 160888.00000000003
677 ; 125606.13196544106 ; 913269.3134933207 ; 7.557413313499093E7 ; 3.6422655332391375E8 ; 161126.00000000003
678 ; 126143.7159529486 ; 912531.7434190162 ; 7.569973926695637E7 ; 3.6513982263740706E8 ; 161364.00000000003
679 ; 125566.15636099913 ; 911784.9601221192 ; 7.582588298290932E7 ; 3.6605235438082606E8 ; 161602.00000000003
680 ; 125142.13518548792 ; 911029.0169374777 ; 7.595144913927032E7 ; 3.6696413934094816E8 ; 161840.00000000003
681 ; 125057.53691226474 ; 910263.9694106916 ; 7.607659127445582E7 ; 3.6787516835788566E8 ; 162078.00000000003
682 ; 125273.4954631782 ; 909489.8755185797 ; 7.620164881136808E7 ; 3.687854323272964E8 ; 162316.00000000003
683 ; 124361.98646289228 ; 908706.7959168599 ; 7.632692230683126E7 ; 3.6969492220281494E8 ; 162554.00000000003
684 ; 124411.23817565407 ; 907914.7942190082 ; 7.645128429329415E7 ; 3.706036289987318E8 ; 162792.00000000003
685 ; 124611.14840698405 ; 907113.9373109383 ; 7.65756955314698E7 ; 3.715115437929508E8 ; 163030.00000000003
686 ; 124103.45847474747 ; 906304.295706938 ; 7.670030667987679E7 ; 3.7241865773026174E8 ; 163268.00000000003
687 ; 124378.9694086661 ; 905485.9439532603 ; 7.682441013835153E7 ; 3.733249620259687E8 ; 163506.00000000003
688 ; 123641.5779200444 ; 904658.9610869174 ; 7.694878910776019E7 ; 3.7423044796992195E8 ; 163744.00000000003
689 ; 123670.12857941556 ; 903823.431158613 ; 7.707243068568024E7 ; 3.751351069310089E8 ; 163982.00000000003
690 ; 123664.65484939901 ; 902979.4438304211 ; 7.719610081425966E7 ; 3.760389303621675E8 ; 164220.00000000003
691 ; 123233.84179363065 ; 902127.0950608678 ; 7.731976546910906E7 ; 3.769419098059979E8 ; 164458.00000000003
692 ; 122914.55759136347 ; 901266.487892539 ; 7.744299931090268E7 ; 3.778440369010588E8 ; 164696.00000000003
693 ; 122752.72483321252 ; 900397.7333603946 ; 7.756591386849405E7 ; 3.7874530338895136E8 ; 164934.00000000003
694 ; 122858.95849470665 ; 899520.9515426962 ; 7.768866659332725E7 ; 3.796457011223118E8 ; 165172.00000000003
695 ; 122484.08439088671 ; 898636.2727810675 ; 7.781152555182196E7 ; 3.8054522207385445E8 ; 165410.00000000003
696 ; 122376.2387034464 ; 897743.8391019388 ; 7.793400963621286E7 ; 3.814438583466355E8 ; 165648.00000000003
697 ; 122219.28764714522 ; 896843.8058787449 ; 7.80563858749163E7 ; 3.8234160218573743E8 ; 165886.00000000003
698 ; 121542.43861852627 ; 895936.3437831788 ; 7.817860516256344E7 ; 3.832384459916162E8 ; 166124.00000000003
699 ; 121500.14219941889 ; 895021.641085037 ; 7.830014760118197E7 ; 3.841343823353994E8 ; 166362.00000000003
700 ; 121213.01001601019 ; 894099.9063743978 ; 7.842164774338138E7 ; 3.850294039764844E8 ; 166600.00000000003
701 ; 120536.97137816943 ; 893171.371797943 ; 7.854286075339739E7 ; 3.859235038828588E8 ; 166838.00000000003
702 ; 120460.60999401589 ; 892236.2969243289 ; 7.866339772477555E7 ; 3.8681667525465673E8 ; 167076.00000000003
703 ; 120484.54161769696 ; 891294.9733832239 ; 7.878385833476956E7 ; 3.877089115515811E8 ; 167314.00000000003
704 ; 119852.56511338547 ; 890347.7304610204 ; 7.890434287638725E7 ; 3.8860020652496433E8 ; 167552.00000000003
705 ; 119529.6767194937 ; 889394.9418861998 ; 7.902419544150063E7 ; 3.8949055425542533E8 ; 167790.00000000003
706 ; 119449.20042894567 ; 888437.0341026677 ; 7.914372511822012E7 ; 3.903799491973115E8 ; 168028.00000000003
707 ; 119161.91865544557 ; 887474.4964153914 ; 7.926317431864907E7 ; 3.912683862314142E8 ; 168266.00000000003
708 ; 118606.6910005327 ; 886507.8935064955 ; 7.938233623730451E7 ; 3.921558607278296E8 ; 168504.00000000003
709 ; 118631.11205381904 ; 885537.8809714604 ; 7.950094292830504E7 ; 3.9304236862133604E8 ; 168742.00000000003
710 ; 117619.93110700903 ; 884565.2247277221 ; 7.961957404035887E7 ; 3.939279065023075E8 ; 168980.00000000003
711 ; 117528.64385036293 ; 883590.82542025 ; 7.973719397146589E7 ; 3.948124717270352E8 ; 169218.00000000003
712 ; 117415.16874703096 ; 882615.7493157896 ; 7.985472261531624E7 ; 3.956960625524555E8 ; 169456.00000000003
713 ; 116566.54152704446 ; 881641.2676732955 ; 7.997213778406328E7 ; 3.965786783017713E8 ; 169694.00000000003
714 ; 116678.94418918411 ; 880668.9072473219 ; 8.008870432559033E7 ; 3.974603195694446E8 ; 169932.00000000003
715 ; 116096.50929436876 ; 879700.5154802583 ; 8.020538326977952E7 ; 3.983409884766919E8 ; 170170.00000000003
716 ; 115871.25241401148 ; 878738.34513419 ; 8.03214797790739E7 ; 3.992206889921722E8 ; 170408.00000000003
717 ; 115183.10223696975 ; 877785.1646671214 ; 8.043735103148791E7 ; 4.000994273373064E8 ; 170646.00000000003
718 ; 114724.53452635041 ; 876844.4025977124 ; 8.055253413372488E7 ; 4.009772125019735E8 ; 170884.00000000003
719 ; 114514.44155373525 ; 875920.3363314914 ; 8.066725866825123E7 ; 4.0185405690457124E8 ; 171122.00000000003
720 ; 114194.55993764315 ; 875018.3380277586 ; 8.078177310980497E7 ; 4.027299772409027E8 ; 171360.00000000003
721 ; 114294.37528460087 ; 874145.1909322886 ; 8.089596766974261E7 ; 4.036049955789305E8 ; 171598.00000000003
722 ; 114886.90694935728 ; 873309.4865177979 ; 8.101026204502721E7 ; 4.044791407698628E8 ; 171836.00000000003
723 ; 115416.11584310223 ; 872522.1001562229 ; 8.112514895197657E7 ; 4.0535245025638056E8 ; 172074.00000000003
724 ; 115969.66342019927 ; 871796.710419592 ; 8.124056506781967E7 ; 4.062249723565368E8 ; 172312.00000000003
725 ; 116520.00129980454 ; 871150.2581566952 ; 8.135653473123987E7 ; 4.070967690669564E8 ; 172550.00000000003
726 ; 116762.56247702787 ; 870603.1197366564 ; 8.147305473253967E7 ; 4.079679193251131E8 ; 172788.00000000003
727 ; 117324.4778609995 ; 870178.6032499841 ; 8.158981729501669E7 ; 4.088385224448498E8 ; 173026.00000000003
728 ; 117046.72758236201 ; 869901.2606917152 ; 8.17071417728777E7 ; 4.0970870104809976E8 ; 173264.00000000003
729 ; 117895.4565451227 ; 869793.6794408686 ; 8.182418850046006E7 ; 4.1057860230879146E8 ; 173502.00000000003
730 ; 117746.19368330926 ; 869872.1380302586 ; 8.194208395700519E7 ; 4.114483959882323E8 ; 173740.00000000003
731 ; 118217.95137095865 ; 870142.612959303 ; 8.20598301506885E7 ; 4.1231826812626255E8 ; 173978.00000000003
732 ; 118349.6473321871 ; 870599.127728584 ; 8.217804810205945E7 ; 4.131884107392219E8 ; 174216.00000000003
733 ; 119196.86724119789 ; 871225.4038052873 ; 8.229639774939165E7 ; 4.1405900986695045E8 ; 174454.00000000003
734 ; 119270.55929252482 ; 871998.853810394 ; 8.241559461663285E7 ; 4.1493023527075577E8 ; 174692.00000000003
735 ; 119570.87916305718 ; 872894.9257488672 ; 8.253486517592537E7 ; 4.1580223412456614E8 ; 174930.00000000003
736 ; 119492.2922035768 ; 873890.3115301984 ; 8.265443605508843E7 ; 4.16675129050315E8 ; 175168.00000000003
737 ; 119316.26915062168 ; 874964.634785264 ; 8.2773928347292E7 ; 4.175490193618452E8 ; 175406.00000000003
738 ; 119928.11896062124 ; 876100.954665273 ; 8.289324461644262E7 ; 4.1842398399663043E8 ; 175644.00000000003
739 ; 119444.0954976796 ; 877285.592598198 ; 8.301317273540324E7 ; 4.193000849512957E8 ; 175882.00000000003
740 ; 120275.0563387383 ; 878507.6732121031 ; 8.313261683090092E7 ; 4.201773705438939E8 ; 176120.00000000003
741 ; 120008.60533545798 ; 879758.6050342696 ; 8.325289188723966E7 ; 4.21055878217106E8 ; 176358.00000000003
742 ; 119674.32103163126 ; 881031.604818925 ; 8.337290049257512E7 ; 4.219356368221403E8 ; 176596.00000000003
743 ; 119833.30866117473 ; 882321.3004067682 ; 8.349257481360675E7 ; 4.228166684269592E8 ; 176834.00000000003
744 ; 120299.6931833563 ; 883623.4143922715 ; 8.361240812226793E7 ; 4.23698989727366E8 ; 177072.00000000003
745 ; 119776.8150469711 ; 884934.5182567742 ; 8.37327078154513E7 ; 4.2458261314175826E8 ; 177310.00000000003
746 ; 120047.76238210505 ; 886251.843542272 ; 8.385248463049826E7 ; 4.2546754766001505E8 ; 177548.00000000003
747 ; 119769.65274885428 ; 887573.1374866802 ; 8.397253239288037E7 ; 4.263537995035573E8 ; 177786.00000000003
748 ; 120036.127858188 ; 888896.5526476083 ; 8.409230204562922E7 ; 4.27241372641044E8 ; 178024.00000000003
749 ; 119880.67269726894 ; 890220.5622705035 ; 8.421233817348741E7 ; 4.281302691936916E8 ; 178262.00000000003
750 ; 120266.07724727163 ; 891543.8950964101 ; 8.433221884618469E7 ; 4.2902048975596213E8 ; 178500.00000000003
751 ; 121236.28351258124 ; 892865.4848585827 ; 8.445248492343196E7 ; 4.2991203365105855E8 ; 178738.00000000003
752 ; 121452.06350021734 ; 894184.4309120523 ; 8.457372120694454E7 ; 4.308048991359171E8 ; 178976.00000000003
753 ; 122233.99177533055 ; 895499.9673393827 ; 8.469517327044475E7 ; 4.316990835668292E8 ; 179214.00000000003
754 ; 122263.50865142955 ; 896811.4385450932 ; 8.481740726222008E7 ; 4.325945835341686E8 ; 179452.00000000003
755 ; 123250.7288501997 ; 898118.2798470597 ; 8.493967077087152E7 ; 4.334913949727137E8 ; 179690.00000000003
756 ; 123441.63467902952 ; 899420.0019403147 ; 8.506292149972172E7 ; 4.343895132525608E8 ; 179928.00000000003
757 ; 124291.44024132697 ; 900716.1783809524 ; 8.518636313440076E7 ; 4.352889332545011E8 ; 180166.00000000003
758 ; 124209.2567931092 ; 902006.4354404921 ; 8.531065457464208E7 ; 4.361896494328821E8 ; 180404.00000000003
759 ; 125098.89887203772 ; 903290.4438325407 ; 8.543486383143519E7 ; 4.3709165586832255E8 ; 180642.00000000003
760 ; 125332.25117849288 ; 904567.9119274297 ; 8.555996273030722E7 ; 4.3799494631215507E8 ; 180880.00000000003
761 ; 125389.61333273999 ; 905838.580156503 ; 8.568529498148571E7 ; 4.3889951422408247E8 ; 181118.00000000003
762 ; 126148.07644771073 ; 907102.2163730795 ; 8.581068459481844E7 ; 4.39805352804239E8 ; 181356.00000000003
763 ; 126236.26496813301 ; 908358.61198708 ; 8.593683267126615E7 ; 4.4071245502061206E8 ; 181594.00000000003
764 ; 126997.90730827121 ; 909607.5787287086 ; 8.606306893623428E7 ; 4.416208136325991E8 ; 181832.00000000003
765 ; 127329.61217887455 ; 910848.9459262714 ; 8.619006684354255E7 ; 4.4253042121132785E8 ; 182070.00000000003
766 ; 127551.44586103363 ; 912082.5582063345 ; 8.631739645572142E7 ; 4.434412701572541E8 ; 182308.00000000003
767 ; 127834.83237631926 ; 913308.2735424673 ; 8.644494790158245E7 ; 4.443533527154604E8 ; 182546.00000000003
768 ; 128455.00641528693 ; 914525.9615930461 ; 8.657278273395877E7 ; 4.452666609890029E8 ; 182784.00000000003
769 ; 128790.86150485062 ; 915735.5022798093 ; 8.670123774037406E7 ; 4.461811869505959E8 ; 183022.00000000003
770 ; 129289.04229497907 ; 916936.7845677971 ; 8.683002860187891E7 ; 4.4709692245287573E8 ; 183260.00000000003
771 ; 129003.82264949293 ; 918129.705414423 ; 8.695931764417389E7 ; 4.480138592374435E8 ; 183498.00000000003
772 ; 129449.72454572396 ; 919314.168861162 ; 8.708832146682338E7 ; 4.489319889428579E8 ; 183736.00000000003
773 ; 129599.76922998759 ; 920490.0852459394 ; 8.72177711913691E7 ; 4.498513031117191E8 ; 183974.00000000003
774 ; 130012.78107707699 ; 921657.3705180516 ; 8.73473709605991E7 ; 4.5077179319696504E8 ; 184212.00000000003
775 ; 129577.37563811973 ; 922815.9456404861 ; 8.747738374167617E7 ; 4.5169345056748307E8 ; 184450.00000000003
776 ; 130424.70768802462 ; 923965.7360669902 ; 8.760696111731428E7 ; 4.526162665131236E8 ; 184688.00000000003
777 ; 129973.54664627761 ; 925106.6712832765 ; 8.77373858250023E7 ; 4.5354023224919057E8 ; 184926.00000000003
778 ; 130633.22812785806 ; 926238.6844034309 ; 8.786735937164858E7 ; 4.544653389204739E8 ; 185164.00000000003
779 ; 131078.67186519725 ; 927361.711813977 ; 8.799799259977643E7 ; 4.553915776048773E8 ; 185402.00000000003
780 ; 130841.47936522306 ; 928475.6928591975 ; 8.812907127164163E7 ; 4.563189393166913E8 ; 185640.00000000003
781 ; 131248.8583645523 ; 929580.5695622733 ; 8.825991275100686E7 ; 4.5724741500955045E8 ; 185878.00000000003
782 ; 131164.39186850956 ; 930676.2863776053 ; 8.839116160937141E7 ; 4.581769955791127E8 ; 186116.00000000003
783 ; 131377.78601246912 ; 931762.7899703437 ; 8.852232600123993E7 ; 4.591076718654903E8 ; 186354.00000000003
784 ; 131864.89192157198 ; 932840.0290197311 ; 8.86537037872524E7 ; 4.6003943465546066E8 ; 186592.00000000003
785 ; 131799.22093210256 ; 933907.9540433212 ; 8.878556867917396E7 ; 4.6097227468448037E8 ; 186830.00000000003
786 ; 131782.75644909655 ; 934966.5172395558 ; 8.891736790010606E7 ; 4.619061826385237E8 ; 187068.00000000003
787 ; 131821.16013242706 ; 936015.6723465131 ; 8.904915065655516E7 ; 4.6284114915576327E8 ; 187306.00000000003
788 ; 131617.8792474023 ; 937055.374514935 ; 8.918097181668758E7 ; 4.637771648281098E8 ; 187544.00000000003
789 ; 131530.0115784708 ; 938085.5801938876 ; 8.931258969593498E7 ; 4.6471422020262474E8 ; 187782.00000000003
790 ; 131878.31939105244 ; 939106.2470276279 ; 8.944411970751345E7 ; 4.656523057828186E8 ; 188020.00000000003
791 ; 131949.58767748054 ; 940117.3337624185 ; 8.957599802690451E7 ; 4.6659141202984625E8 ; 188258.00000000003
792 ; 132009.92687193057 ; 941118.8001621999 ; 8.970794761458199E7 ; 4.6753152936360866E8 ; 188496.00000000003
793 ; 131760.0181100188 ; 942110.6069321646 ; 8.983995754145391E7 ; 4.6847264816377085E8 ; 188734.00000000003
794 ; 131920.2979188115 ; 943092.715649385 ; 8.997171755956393E7 ; 4.69414758770703E8 ; 188972.00000000003
795 ; 131775.37295656593 ; 944065.0886997551 ; 9.010363785748275E7 ; 4.703578514863524E8 ; 189210.00000000003
796 ; 131979.51311135464 ; 945027.689220594 ; 9.02354132304393E7 ; 4.7130191657505214E8 ; 189448.00000000003
797 ; 131961.2121764115 ; 945980.4810483304 ; 9.036739274355066E7 ; 4.7224694426427275E8 ; 189686.00000000003
798 ; 131894.80104851027 ; 946923.4286707575 ; 9.049935395572707E7 ; 4.731929247453211E8 ; 189924.00000000003
799 ; 131830.37320660354 ; 947856.4971834047 ; 9.063124875677559E7 ; 4.7413984817399186E8 ; 190162.00000000003
800 ; 131435.73171925414 ; 948779.6522496208 ; 9.076307912998219E7 ; 4.7508770467117524E8 ; 190400.00000000003
801 ; 131323.11362608886 ; 949692.8600640144 ; 9.089451486170144E7 ; 4.760364843234249E8 ; 190638.00000000003
802 ; 131491.29022370462 ; 950596.0873189259 ; 9.102583797532754E7 ; 4.769861771834889E8 ; 190876.00000000003
803 ; 131081.40101750515 ; 951489.3011736495 ; 9.115732926555124E7 ; 4.779367732708078E8 ; 191114.00000000003
804 ; 131172.63301094825 ; 952372.4692261496 ; 9.128841066656874E7 ; 4.7888826257198143E8 ; 191352.00000000003
805 ; 130701.1846390781 ; 953245.5594870411 ; 9.14195832995797E7 ; 4.7984063504120755E8 ; 191590.00000000003
806 ; 130917.38635999397 ; 954108.5403556298 ; 9.155028448421878E7 ; 4.807938806006946E8 ; 191828.00000000003
807 ; 130361.82127127278 ; 954961.3805978277 ; 9.168120187057877E7 ; 4.817479891410502E8 ; 192066.00000000003
808 ; 130565.21920466934 ; 955804.0493257814 ; 9.181156369185004E7 ; 4.8270295052164805E8 ; 192304.00000000003
809 ; 130021.67332536985 ; 956636.5159790579 ; 9.19421289110547E7 ; 4.836587545709738E8 ; 192542.00000000003
810 ; 130199.76609328706 ; 957458.7503072579 ; 9.207215058438008E7 ; 4.8461539108695287E8 ; 192780.00000000003
811 ; 129835.95774351858 ; 958270.7223539357 ; 9.220235035047336E7 ; 4.855728498372601E8 ; 193018.00000000003
812 ; 129478.23632224402 ; 959072.4024417126 ; 9.233218630821688E7 ; 4.8653112055961406E8 ; 193256.00000000003
813 ; 128986.45431017701 ; 959863.7611584861 ; 9.246166454453912E7 ; 4.874901929620558E8 ; 193494.00000000003
814 ; 128821.96927067258 ; 960644.7693446456 ; 9.25906509988493E7 ; 4.8845005672321427E8 ; 193732.00000000003
815 ; 128732.32901022182 ; 961415.3980812109 ; 9.271947296811998E7 ; 4.894107014925589E8 ; 193970.00000000003
816 ; 128134.36846012114 ; 962175.6186788224 ; 9.28482052971302E7 ; 4.903721168906401E8 ; 194208.00000000003
817 ; 128464.10452711229 ; 962925.4026675113 ; 9.297633966559032E7 ; 4.913342925093189E8 ; 194446.00000000003
818 ; 128047.44504335892 ; 963664.7217871901 ; 9.310480377011743E7 ; 4.922972179119864E8 ; 194684.00000000003
819 ; 127424.0427497009 ; 964393.5479788114 ; 9.323285121516079E7 ; 4.932608826337736E8 ; 194922.00000000003
820 ; 127006.11940333968 ; 965111.8533761355 ; 9.336027525791049E7 ; 4.9422527618175244E8 ; 195160.00000000003
821 ; 126604.0417287976 ; 965819.6102980685 ; 9.348728137731382E7 ; 4.951903880351286E8 ; 195398.00000000003
822 ; 126226.70707088559 ; 966516.7912415214 ; 9.361388541904262E7 ; 4.961562076454267E8 ; 195636.00000000003
823 ; 126398.78316271403 ; 967203.3688747569 ; 9.37401121261135E7 ; 4.971227244366682E8 ; 195874.00000000003
824 ; 125584.4300651855 ; 967879.3160311851 ; 9.386651090927622E7 ; 4.9808992780554295E8 ; 196112.00000000003
825 ; 125386.018703443 ; 968544.6057035723 ; 9.39920953393414E7 ; 4.990578071215741E8 ; 196350.00000000003
826 ; 124309.55528405731 ; 969199.2110386421 ; 9.411748135804485E7 ; 5.000263517272777E8 ; 196588.00000000003
827 ; 124218.3258175239 ; 969843.1053320296 ; 9.42417909133289E7 ; 5.0099555093831635E8 ; 196826.00000000003
828 ; 123687.71897986991 ; 970476.2620235714 ; 9.436600923914643E7 ; 5.0196539404364836E8 ; 197064.00000000003
829 ; 123821.37680129772 ; 971098.6546929067 ; 9.448969695812629E7 ; 5.0293587030567193E8 ; 197302.00000000003
830 ; 122964.26607216026 ; 971710.2570553625 ; 9.461351833492759E7 ; 5.039069689603648E8 ; 197540.00000000003
831 ; 123000.57148814494 ; 972311.042958113 ; 9.473648260099974E7 ; 5.0487867921742016E8 ; 197778.00000000003
832 ; 121820.13508657867 ; 972900.9863765844 ; 9.485948317248788E7 ; 5.058509902603783E8 ; 198016.00000000003
833 ; 121508.3111106727 ; 973480.0614110937 ; 9.498130330757447E7 ; 5.068238912467549E8 ; 198254.00000000003
834 ; 120867.89862748721 ; 974048.2422837092 ; 9.510281161868514E7 ; 5.0779737130816597E8 ; 198492.00000000003
835 ; 120632.12301889689 ; 974605.5033353078 ; 9.522367951731263E7 ; 5.0877141955044967E8 ; 198730.00000000003
836 ; 119645.54513684206 ; 975151.8190228271 ; 9.534431164033152E7 ; 5.0974602505378497E8 ; 198968.00000000003
837 ; 119080.72339534733 ; 975687.1639166921 ; 9.546395718546836E7 ; 5.107211768728078E8 ; 199206.00000000003
838 ; 118714.20841201754 ; 976211.5126984101 ; 9.558303790886371E7 ; 5.116968640367245E8 ; 199444.00000000003
839 ; 118185.46977989508 ; 976724.8401583186 ; 9.570175211727573E7 ; 5.126730755494229E8 ; 199682.00000000003
840 ; 118073.96779493192 ; 977227.1211934799 ; 9.581993758705562E7 ; 5.1364980038958126E8 ; 199920.00000000003
841 ; 117030.50696247254 ; 977718.3308057114 ; 9.593801155485055E7 ; 5.1462702751077473E8 ; 200158.00000000003
842 ; 116248.28697280152 ; 978198.4440997458 ; 9.605504206181303E7 ; 5.1560474584158045E8 ; 200396.00000000003
843 ; 115706.69421405799 ; 978667.4362815063 ; 9.617129034878583E7 ; 5.165829442856802E8 ; 200634.00000000003
844 ; 115155.03820124207 ; 979125.2826565001 ; 9.62869970429999E7 ; 5.175616117219617E8 ; 200872.00000000003
845 ; 114593.56270818209 ; 979571.9586283126 ; 9.640215208120114E7 ; 5.1854073700461817E8 ; 201110.00000000003
846 ; 113455.17746068523 ; 980007.4396972038 ; 9.651674564390932E7 ; 5.1952030896324646E8 ; 201348.00000000003
847 ; 112616.99030668133 ; 980431.7014587973 ; 9.663020082137E7 ; 5.205003164029437E8 ; 201586.00000000003
848 ; 112938.20159522636 ; 980844.7196028552 ; 9.674281781167668E7 ; 5.214807481044025E8 ; 201824.00000000003
849 ; 111673.96078548838 ; 981246.4699121383 ; 9.685575601327191E7 ; 5.2246159282400537E8 ; 202062.00000000003
850 ; 110915.04852040755 ; 981636.9282613418 ; 9.69674299740574E7 ; 5.234428392939175E8 ; 202300.00000000003
851 ; 110256.38159359545 ; 982016.0706161044 ; 9.70783450225778E7 ; 5.244244762221788E8 ; 202538.00000000003
852 ; 109396.0879990925 ; 982383.8730320883 ; 9.71886014041714E7 ; 5.2540649229279494E8 ; 202776.00000000003
853 ; 108547.27009203166 ; 982740.3116541203 ; 9.72979974921705E7 ; 5.2638887616582704E8 ; 203014.00000000003
854 ; 107865.5189010348 ; 983085.3627153977 ; 9.740654476226252E7 ; 5.273716164774811E8 ; 203252.00000000003
855 ; 107001.61111867563 ; 983419.0025367502 ; 9.751441028116356E7 ; 5.2835470184019655E8 ; 203490.00000000003
856 ; 105851.82489916221 ; 983741.2075259554 ; 9.762141189228223E7 ; 5.293381208427333E8 ; 203728.00000000003
857 ; 105432.11334031337 ; 984051.9541771091 ; 9.77272637171814E7 ; 5.303218620502593E8 ; 203966.00000000003
858 ; 104635.31089933016 ; 984351.2190700388 ; 9.783269583052172E7 ; 5.313059140044364E8 ; 204204.00000000003
859 ; 103666.88378367032 ; 984638.9788697689 ; 9.793733114142105E7 ; 5.322902652235064E8 ; 204442.00000000003
860 ; 102927.06892638454 ; 984915.2103260248 ; 9.804099802520472E7 ; 5.332749042023762E8 ; 204680.00000000003
861 ; 101768.11952355753 ; 985179.8902727801 ; 9.81439250941311E7 ; 5.342598194127022E8 ; 204918.00000000003
862 ; 100846.94990896928 ; 985432.9956278412 ; 9.824569321365465E7 ; 5.35244999302975E8 ; 205156.00000000003
863 ; 99994.22527795141 ; 985674.5033924708 ; 9.834654016356362E7 ; 5.362304322986028E8 ; 205394.00000000003
864 ; 99150.258779142 ; 985904.3906510432 ; 9.844653438884157E7 ; 5.372161068019953E8 ; 205632.00000000003
865 ; 99870.4557279112 ; 986122.6345707341 ; 9.854568464762071E7 ; 5.382020111926463E8 ; 205870.00000000003
866 ; 100683.65240658502 ; 986329.2124012413 ; 9.864555510334861E7 ; 5.39188133827217E8 ; 206108.00000000003
867 ; 100965.94319538232 ; 986524.1014745352 ; 9.87462387557552E7 ; 5.401744630396183E8 ; 206346.00000000003
868 ; 101859.12838039466 ; 986707.2792046352 ; 9.884720469895059E7 ; 5.411609871410928E8 ; 206584.00000000003
869 ; 101863.98457043906 ; 986878.7230874142 ; 9.894906382733098E7 ; 5.421476944202974E8 ; 206822.00000000003
870 ; 102916.62997406095 ; 987038.410700429 ; 9.905092781190142E7 ; 5.431345731433848E8 ; 207060.00000000003
871 ; 103799.55394635184 ; 987186.3197027717 ; 9.915384444187549E7 ; 5.441216115540853E8 ; 207298.00000000003
872 ; 104307.70287028709 ; 987322.4278349455 ; 9.925764399582183E7 ; 5.45108797873788E8 ; 207536.00000000003
873 ; 104576.01268763276 ; 987446.7129187612 ; 9.936195169869213E7 ; 5.46096120301623E8 ; 207774.00000000003
874 ; 105300.30285355255 ; 987559.1528572543 ; 9.946652771137977E7 ; 5.470835670145417E8 ; 208012.00000000003
875 ; 105577.71145284017 ; 987659.7256346208 ; 9.957182801423332E7 ; 5.48071126167399E8 ; 208250.00000000003
876 ; 106369.30998326307 ; 987748.4093161707 ; 9.967740572568616E7 ; 5.490587858930336E8 ; 208488.00000000003
877 ; 106777.8523336516 ; 987825.1820483005 ; 9.978377503566943E7 ; 5.500465343023498E8 ; 208726.00000000003
878 ; 107287.78761402884 ; 987890.0220584807 ; 9.989055288800308E7 ; 5.510343594843981E8 ; 208964.00000000003
879 ; 107754.40971873068 ; 987942.9076552581 ; 9.999784067561711E7 ; 5.520222495064566E8 ; 209202.00000000003
880 ; 108346.67525492112 ; 987983.8172282749 ; 1.0010559508533585E8 ; 5.530101924141119E8 ; 209440.00000000003
881 ; 108635.38567830515 ; 988012.7292483005 ; 1.0021394176059078E8 ; 5.539981762313402E8 ; 209678.00000000003
882 ; 109328.21262601964 ; 988029.6222672767 ; 1.0032257714626908E8 ; 5.549861889605885E8 ; 209916.00000000003
883 ; 110286.40536740146 ; 988034.4749183756 ; 1.0043190535889511E8 ; 5.559742185828557E8 ; 210154.00000000003
884 ; 110522.67270670467 ; 988027.2659160688 ; 1.0054219176426251E8 ; 5.569622530577741E8 ; 210392.00000000003
885 ; 111150.6711801482 ; 988007.9740562101 ; 1.0065271443696922E8 ; 5.579502803236902E8 ; 210630.00000000003
886 ; 111856.17551913153 ; 987976.5782161269 ; 1.0076386510814936E8 ; 5.589382882977464E8 ; 210868.00000000003
887 ; 111861.37197890368 ; 987933.0573547217 ; 1.008757212836685E8 ; 5.599262648759625E8 ; 211106.00000000003
888 ; 112413.62104591454 ; 987877.390512585 ; 1.0098758265564741E8 ; 5.609141979333172E8 ; 211344.00000000003
889 ; 112592.36487375847 ; 987809.5568121166 ; 1.0109999627669333E8 ; 5.619020753238298E8 ; 211582.00000000003
890 ; 113116.30385422344 ; 987729.5354576552 ; 1.0121258864156708E8 ; 5.628898848806419E8 ; 211820.00000000003
891 ; 113766.37545602856 ; 987637.3057356159 ; 1.0132570494542131E8 ; 5.638776144160995E8 ; 212058.00000000003
892 ; 113934.8185370226 ; 987532.8470146382 ; 1.0143947132087734E8 ; 5.648652517218351E8 ; 212296.00000000003
893 ; 114654.63843651084 ; 987416.1387457384 ; 1.0155340613941437E8 ; 5.658527845688498E8 ; 212534.00000000003
894 ; 114666.41736742208 ; 987287.1604624703 ; 1.0166806077785088E8 ; 5.668402007075956E8 ; 212772.00000000003
895 ; 115415.57766330235 ; 987145.8917810931 ; 1.0178272719521831E8 ; 5.678274878680581E8 ; 213010.00000000003
896 ; 116109.23050672024 ; 986992.3124007452 ; 1.0189814277288161E8 ; 5.688146337598392E8 ; 213248.00000000003
897 ; 116570.03896332618 ; 986826.4021036243 ; 1.0201425200338833E8 ; 5.698016260722399E8 ; 213486.00000000003
898 ; 116815.98348913708 ; 986648.1407551717 ; 1.0213082204235166E8 ; 5.707884524743435E8 ; 213724.00000000003
899 ; 117041.60209177693 ; 986457.5083042651 ; 1.022476380258408E8 ; 5.717751006150987E8 ; 213962.00000000003
900 ; 117569.21811992345 ; 986254.4847834144 ; 1.0236467962793258E8 ; 5.72761558123403E8 ; 214200.00000000003
901 ; 118282.67072319723 ; 986039.0503089612 ; 1.024822488460525E8 ; 5.737478126081864E8 ; 214438.00000000003
902 ; 117921.33806123617 ; 985811.1850812853 ; 1.026005315167757E8 ; 5.747338516584953E8 ; 214676.00000000003
903 ; 118879.55355833021 ; 985570.8693850164 ; 1.0271845285483694E8 ; 5.757196628435766E8 ; 214914.00000000003
904 ; 119117.45738495207 ; 985318.0835892451 ; 1.0283733240839528E8 ; 5.767052337129616E8 ; 215152.00000000003
905 ; 119659.86811955043 ; 985052.8081477429 ; 1.0295644986578023E8 ; 5.776905517965508E8 ; 215390.00000000003
906 ; 119816.92174633461 ; 984775.0235991826 ; 1.0307610973389979E8 ; 5.786756046046985E8 ; 215628.00000000003
907 ; 119824.78534417323 ; 984484.7105673637 ; 1.0319592665564612E8 ; 5.796603796282977E8 ; 215866.00000000003
908 ; 120388.17041979916 ; 984181.8497614416 ; 1.0331575144099028E8 ; 5.80644864338865E8 ; 216104.00000000003
909 ; 120645.23966265185 ; 983866.4219761568 ; 1.0343613961141008E8 ; 5.816290461886265E8 ; 216342.00000000003
910 ; 120969.29022288318 ; 983538.4080920708 ; 1.0355678485107273E8 ; 5.826129126106027E8 ; 216580.00000000003
911 ; 121376.18132469706 ; 983197.7890758017 ; 1.0367775414129561E8 ; 5.835964510186948E8 ; 216818.00000000003
912 ; 121528.6793173305 ; 982844.5459802648 ; 1.037991303226203E8 ; 5.845796488077706E8 ; 217056.00000000003
913 ; 121747.4604580331 ; 982478.6599449128 ; 1.0392065900193763E8 ; 5.855624933537508E8 ; 217294.00000000003
914 ; 121751.07882502305 ; 982100.1121959806 ; 1.0404240646239567E8 ; 5.865449720136957E8 ; 217532.00000000003
915 ; 122770.18665603363 ; 981708.884046731 ; 1.041641575412207E8 ; 5.875270721258917E8 ; 217770.00000000003
916 ; 122440.57341849443 ; 981304.956897703 ; 1.0428692772787672E8 ; 5.885087810099384E8 ; 218008.00000000003
917 ; 122596.69434764121 ; 980888.3122369593 ; 1.0440936830129522E8 ; 5.894900859668361E8 ; 218246.00000000003
918 ; 123080.98132552225 ; 980458.9316403406 ; 1.0453196499564286E8 ; 5.90470974279073E8 ; 218484.00000000003
919 ; 123404.88903316764 ; 980016.7967717163 ; 1.0465504597696838E8 ; 5.914514332107134E8 ; 218722.00000000003
920 ; 123776.35222649731 ; 979561.8893832389 ; 1.0477845086600155E8 ; 5.924314500074852E8 ; 218960.00000000003
921 ; 123816.05127749621 ; 979094.1913156 ; 1.0490222721822804E8 ; 5.934110118968683E8 ; 219198.00000000003
922 ; 123778.21406156686 ; 978613.6844982854 ; 1.0502604326950555E8 ; 5.94390106088184E8 ; 219436.00000000003
923 ; 124373.09083014035 ; 978120.3509498354 ; 1.0514982148356712E8 ; 5.953687197726823E8 ; 219674.00000000003
924 ; 124332.46727484599 ; 977614.1727781002 ; 1.0527419457439727E8 ; 5.963468401236322E8 ; 219912.00000000003
925 ; 124313.85558373251 ; 977095.1321805015 ; 1.0539852704167211E8 ; 5.973244542964103E8 ; 220150.00000000003
926 ; 124778.17009545538 ; 976563.2114442918 ; 1.0552284089725584E8 ; 5.983015494285908E8 ; 220388.00000000003
927 ; 125229.88573578896 ; 976018.3929468154 ; 1.056476190673513E8 ; 5.99278112640035E8 ; 220626.00000000003
928 ; 124999.34579656013 ; 975460.6591557701 ; 1.0577284895308709E8 ; 6.002541310329819E8 ; 220864.00000000003
929 ; 125196.38163315602 ; 974889.9926294683 ; 1.0589784829888365E8 ; 6.012295916921376E8 ; 221102.00000000003
930 ; 125805.52189001774 ; 974306.3760171002 ; 1.0602304468051681E8 ; 6.02204481684767E8 ; 221340.00000000003
931 ; 125506.1076471369 ; 973709.7920589959 ; 1.0614885020240682E8 ; 6.031787880607841E8 ; 221578.00000000003
932 ; 126118.91803353734 ; 973100.2235868883 ; 1.0627435631005396E8 ; 6.04152497852843E8 ; 221816.00000000003
933 ; 125766.18113353386 ; 972477.6535241768 ; 1.064004752280875E8 ; 6.0512559807643E8 ; 222054.00000000003
934 ; 125972.51814722565 ; 971842.0648861902 ; 1.0652624140922104E8 ; 6.060980757299541E8 ; 222292.00000000003
935 ; 126150.15916033374 ; 971193.4407804488 ; 1.0665221392736827E8 ; 6.070699177948403E8 ; 222530.00000000003
936 ; 126188.81327235447 ; 970531.76440693 ; 1.067783640865286E8 ; 6.080411112356207E8 ; 222768.00000000003
937 ; 125918.12844106447 ; 969857.019058329 ; 1.0690455289980096E8 ; 6.090116430000277E8 ; 223006.00000000003
938 ; 126512.12392414904 ; 969169.188120324 ; 1.0703047102824202E8 ; 6.09981500019086E8 ; 223244.00000000003
939 ; 126628.9768396384 ; 968468.2550718369 ; 1.0715698315216617E8 ; 6.109506692072064E8 ; 223482.00000000003
940 ; 126760.47468888148 ; 967754.203485297 ; 1.072836121290058E8 ; 6.119191374622782E8 ; 223720.00000000003
941 ; 126537.96616093234 ; 967027.0170269043 ; 1.0741037260369469E8 ; 6.128868916657635E8 ; 223958.00000000003
942 ; 126682.15298365234 ; 966286.6794568883 ; 1.0753691056985563E8 ; 6.138539186827904E8 ; 224196.00000000003
943 ; 127051.38557463244 ; 965533.1746297728 ; 1.0766359272283928E8 ; 6.148202053622472E8 ; 224434.00000000003
944 ; 126917.01528709396 ; 964766.4864946349 ; 1.0779064410841392E8 ; 6.15785738536877E8 ; 224672.00000000003
945 ; 126751.6701577269 ; 963986.599095366 ; 1.0791756112370102E8 ; 6.167505050233717E8 ; 224910.00000000003
946 ; 126590.88901776953 ; 963193.4965709313 ; 1.0804431279385875E8 ; 6.17714491622467E8 ; 225148.00000000003
947 ; 126919.8370359385 ; 962387.1631556303 ; 1.0817090368287653E8 ; 6.18677685119038E8 ; 225386.00000000003
948 ; 127574.12683475688 ; 961567.5831793542 ; 1.0829782351991247E8 ; 6.196400722821937E8 ; 225624.00000000003
949 ; 126833.9010244704 ; 960734.7410678447 ; 1.0842539764674722E8 ; 6.20601639865373E8 ; 225862.00000000003
950 ; 126842.04549558045 ; 959888.6213429498 ; 1.0855223154777169E8 ; 6.215623746064409E8 ; 226100.00000000003
951 ; 126762.57202186361 ; 959029.2086228826 ; 1.0867907359326728E8 ; 6.225222632277838E8 ; 226338.00000000003
952 ; 127391.60920591916 ; 958156.4876224755 ; 1.0880583616528913E8 ; 6.234812924364067E8 ; 226576.00000000003
953 ; 127039.59333904435 ; 957270.4431534342 ; 1.0893322777449505E8 ; 6.244394489240292E8 ; 226814.00000000003
954 ; 126886.52345234406 ; 956371.0601245943 ; 1.0906026736783409E8 ; 6.253967193671826E8 ; 227052.00000000003
955 ; 127183.28909080429 ; 955458.3235421712 ; 1.0918715389128643E8 ; 6.263530904273072E8 ; 227290.00000000003
956 ; 126955.87153570965 ; 954532.2185100149 ; 1.0931433718037723E8 ; 6.273085487508494E8 ; 227528.00000000003
957 ; 127431.11479201699 ; 953592.7302298592 ; 1.0944129305191293E8 ; 6.282630809693594E8 ; 227766.00000000003
958 ; 127127.2594826113 ; 952639.8440015726 ; 1.0956872416670495E8 ; 6.292166736995893E8 ; 228004.00000000003
959 ; 127038.53682662513 ; 951673.5452234074 ; 1.0969585142618756E8 ; 6.301693135435908E8 ; 228242.00000000003
960 ; 126475.68223670601 ; 950693.8193922475 ; 1.0982288996301419E8 ; 6.311209870888141E8 ; 228480.00000000003
961 ; 127930.73479096292 ; 949700.6521038553 ; 1.0994936564525089E8 ; 6.320716809082063E8 ; 228718.00000000003
962 ; 128276.14490493145 ; 948694.0290531174 ; 1.1007729638004185E8 ; 6.330213815603102E8 ; 228956.00000000003
963 ; 129200.32404343401 ; 947673.9360342897 ; 1.1020557252494678E8 ; 6.339700755893633E8 ; 229194.00000000003
964 ; 130338.07895577155 ; 946640.3589412398 ; 1.1033477284899022E8 ; 6.349177495253977E8 ; 229432.00000000003
965 ; 130596.54423188057 ; 945593.2837676902 ; 1.1046511092794599E8 ; 6.358643898843389E8 ; 229670.00000000003
966 ; 131441.91597294697 ; 944532.6966074591 ; 1.1059570747217786E8 ; 6.368099831681066E8 ; 229908.00000000003
967 ; 132063.82464677095 ; 943458.5836546996 ; 1.1072714938815081E8 ; 6.37754515864714E8 ; 230146.00000000003
968 ; 133196.99751125206 ; 942370.9312041388 ; 1.1085921321279758E8 ; 6.386979744483687E8 ; 230384.00000000003
969 ; 133531.60470231582 ; 941269.7256513146 ; 1.1099241021030883E8 ; 6.396403453795727E8 ; 230622.00000000003
970 ; 134207.458912089 ; 940154.9534928114 ; 1.1112594181501114E8 ; 6.40581615105224E8 ; 230860.00000000003
971 ; 134777.26880624314 ; 939026.6013264956 ; 1.1126014927392323E8 ; 6.415217700587168E8 ; 231098.00000000003
972 ; 135135.3455958356 ; 937884.6558517471 ; 1.1139492654272948E8 ; 6.424607966600432E8 ; 231336.00000000003
973 ; 135970.74786174475 ; 936729.1038696922 ; 1.1153006188832532E8 ; 6.43398681315895E8 ; 231574.00000000003
974 ; 136311.19253147437 ; 935559.9322834341 ; 1.1166603263618706E8 ; 6.443354104197646E8 ; 231812.00000000003
975 ; 137124.5769143796 ; 934377.1280982806 ; 1.1180234382871854E8 ; 6.45270970352048E8 ; 232050.00000000003
976 ; 137629.94347280578 ; 933180.678421973 ; 1.1193946840563293E8 ; 6.462053474801463E8 ; 232288.00000000003
977 ; 138336.277915901 ; 931970.5704649109 ; 1.1207709834910573E8 ; 6.471385281585683E8 ; 232526.00000000003
978 ; 138269.86634950183 ; 930746.7915403784 ; 1.1221543462702163E8 ; 6.480704987290332E8 ; 232764.00000000003
979 ; 139532.3206241483 ; 929509.3290647643 ; 1.1235370449337113E8 ; 6.490012455205736E8 ; 233002.00000000003
980 ; 140074.82641522525 ; 928258.1705577872 ; 1.1249323681399527E8 ; 6.499307548496383E8 ; 233240.00000000003
981 ; 140476.0225617675 ; 926993.3036427124 ; 1.126333116404105E8 ; 6.508590130201961E8 ; 233478.00000000003
982 ; 141010.7018361824 ; 925714.7160465724 ; 1.1277378766297227E8 ; 6.517860063238388E8 ; 233716.00000000003
983 ; 140998.23749366897 ; 924422.3956003827 ; 1.1291479836480846E8 ; 6.527117210398854E8 ; 233954.00000000003
984 ; 141514.27077178896 ; 923116.3302393574 ; 1.1305579660230212E8 ; 6.536361434354858E8 ; 234192.00000000003
985 ; 141387.91767018818 ; 921796.5080031236 ; 1.131973108730739E8 ; 6.545592597657253E8 ; 234430.00000000003
986 ; 141849.60138029416 ; 920462.917035932 ; 1.133386987907441E8 ; 6.554810562737284E8 ; 234668.00000000003
987 ; 142361.97046251496 ; 919115.545586869 ; 1.1348054839212438E8 ; 6.564015191907643E8 ; 234906.00000000003
988 ; 142646.21813013416 ; 917754.3820100649 ; 1.136229103625869E8 ; 6.573206347363511E8 ; 235144.00000000003
989 ; 143092.53625086695 ; 916379.4147649007 ; 1.1376555658071704E8 ; 6.582383891183612E8 ; 235382.00000000003
990 ; 143318.6538079225 ; 914990.6324162147 ; 1.1390864911696792E8 ; 6.591547685331261E8 ; 235620.00000000003
991 ; 143393.17703000474 ; 913588.0236345052 ; 1.1405196777077584E8 ; 6.600697591655424E8 ; 235858.00000000003
992 ; 143448.1536035942 ; 912171.5771961338 ; 1.1419536094780585E8 ; 6.609833471891769E8 ; 236096.00000000003
993 ; 143785.4035879381 ; 910741.2819835253 ; 1.1433880910140945E8 ; 6.61895518766373E8 ; 236334.00000000003
994 ; 144050.1738670371 ; 909297.1269853663 ; 1.1448259450499739E8 ; 6.628062600483565E8 ; 236572.00000000003
995 ; 143989.36747258506 ; 907839.1012968033 ; 1.1462664467886442E8 ; 6.637155571753418E8 ; 236810.00000000003
996 ; 144469.57434729446 ; 906367.1941196368 ; 1.1477063404633701E8 ; 6.646233962766386E8 ; 237048.00000000003
997 ; 144128.58510315727 ; 904881.394762516 ; 1.149151036206843E8 ; 6.655297634707583E8 ; 237286.00000000003
998 ; 144625.7226478207 ; 903381.6926411298 ; 1.1505923220578745E8 ; 6.664346448655208E8 ; 237524.00000000003
999 ; 144800.64784730866 ; 901868.0772783975 ; 1.1520385792843527E8 ; 6.67338026558162E8 ; 237762.00000000003
1000 ; 144435.0084155341 ; 900340.5383046567 ; 1.1534865857628258E8 ; 6.682398946354403E8 ; 238000.00000000003
1001 ; 144746.5091732151 ; 898799.0654578498 ; 1.1549309358469811E8 ; 6.69140235173745E8 ; 238238.00000000003
1002 ; 144497.86912611872 ; 897243.6485837097 ; 1.1563784009387133E8 ; 6.700390342392029E8 ; 238476.00000000003
1003 ; 144469.2721130099 ; 895674.2776359415 ; 1.1578233796299744E8 ; 6.709362778877865E8 ; 238714.00000000003
1004 ; 144749.54563590942 ; 894090.9426764041 ; 1.1592680723511045E8 ; 6.718319521654224E8 ; 238952.00000000003
1005 ; 144740.71630247697 ; 892493.6338752895 ; 1.1607155678074636E8 ; 6.727260431080989E8 ; 239190.00000000003
1006 ; 144163.67845853342 ; 890882.3415113005 ; 1.1621629749704884E8 ; 6.736185367419741E8 ; 239428.00000000003
1007 ; 144445.3116386063 ; 889257.0559718264 ; 1.1636046117550737E8 ; 6.745094190834854E8 ; 239666.00000000003
1008 ; 144260.52864397134 ; 887617.7677531159 ; 1.1650490648714598E8 ; 6.753986761394572E8 ; 239904.00000000003
1009 ; 143990.91615417725 ; 885964.4674604498 ; 1.1664916701578994E8 ; 6.762862939072104E8 ; 240142.00000000003
1010 ; 144164.73854886612 ; 884297.1458083111 ; 1.1679315793194412E8 ; 6.771722583746707E8 ; 240380.00000000003
1011 ; 143591.16534235855 ; 882615.7936205531 ; 1.1693732267049298E8 ; 6.780565555204791E8 ; 240618.00000000003
1012 ; 143612.0200874656 ; 880920.4018305653 ; 1.1708091383583534E8 ; 6.789391713140997E8 ; 240856.00000000003
1013 ; 143459.92043371306 ; 879210.961481438 ; 1.172245258559228E8 ; 6.798200917159302E8 ; 241094.00000000003
1014 ; 143001.77910948842 ; 877487.4637261253 ; 1.1736798577635652E8 ; 6.806993026774117E8 ; 241332.00000000003
1015 ; 142733.50488456097 ; 875749.8998276051 ; 1.1751098755546601E8 ; 6.815767901411378E8 ; 241570.00000000003
1016 ; 142469.02185026955 ; 873998.2611590376 ; 1.1765372106035057E8 ; 6.824525400409654E8 ; 241808.00000000003
1017 ; 142021.56377590564 ; 872232.5392039234 ; 1.1779619008220084E8 ; 6.833265383021245E8 ; 242046.00000000003
1018 ; 141923.27039342493 ; 870452.7255562568 ; 1.1793821164597675E8 ; 6.841987708413284E8 ; 242284.00000000003
1019 ; 141515.52943658916 ; 868658.8119206794 ; 1.1808013491637018E8 ; 6.850692235668846E8 ; 242522.00000000003
1020 ; 141573.050250334 ; 866850.7901126314 ; 1.1822165044580677E8 ; 6.859378823788053E8 ; 242760.00000000003
1021 ; 141102.59643265465 ; 865028.6520584999 ; 1.1836322349605711E8 ; 6.868047331689179E8 ; 242998.00000000003
1022 ; 140470.66387941872 ; 863192.3897957667 ; 1.1850432609248976E8 ; 6.876697618209764E8 ; 243236.00000000003
1023 ; 140315.3267794164 ; 861341.9954731527 ; 1.1864479675636919E8 ; 6.885329542107722E8 ; 243474.00000000003
1024 ; 139601.61649343747 ; 859477.4613507618 ; 1.187851120831486E8 ; 6.893942962062453E8 ; 243712.00000000003
1025 ; 138920.25084471382 ; 857598.779800222 ; 1.1892471369964203E8 ; 6.902537736675961E8 ; 243950.00000000003
1026 ; 138820.23536496682 ; 855705.9433048238 ; 1.1906363395048675E8 ; 6.911113724473963E8 ; 244188.00000000003
1027 ; 138361.4685307118 ; 853798.9444596581 ; 1.1920245418585172E8 ; 6.91967078390701E8 ; 244426.00000000003
1028 ; 137808.6350565089 ; 851877.7759717519 ; 1.1934081565438244E8 ; 6.928208773351607E8 ; 244664.00000000003
1029 ; 137447.5505998719 ; 849942.4306602002 ; 1.1947862428943895E8 ; 6.936727551111325E8 ; 244902.00000000003
1030 ; 137044.51738804267 ; 847992.9014562988 ; 1.1961607184003882E8 ; 6.945226975417928E8 ; 245140.00000000003
1031 ; 135946.25718359588 ; 846029.1814036726 ; 1.1975311635742687E8 ; 6.953706904432491E8 ; 245378.00000000003
1032 ; 135307.84357345384 ; 844051.2636584027 ; 1.1988906261461046E8 ; 6.962167196246527E8 ; 245616.00000000003
1033 ; 135028.93495456228 ; 842059.1414891528 ; 1.2002437045818391E8 ; 6.970607708883111E8 ; 245854.00000000003
1034 ; 134685.3236581274 ; 840052.8082772905 ; 1.2015939939313848E8 ; 6.979028300298003E8 ; 246092.00000000003
1035 ; 133201.07998837717 ; 838032.2575170109 ; 1.202940847167966E8 ; 6.987428828380775E8 ; 246330.00000000003
1036 ; 133321.34018072527 ; 835997.4828154538 ; 1.2042728579678498E8 ; 6.995809150955945E8 ; 246568.00000000003
1037 ; 132862.44198287604 ; 833948.477892821 ; 1.205606071369657E8 ; 7.0041691257841E8 ; 246806.00000000003
1038 ; 132382.20827152056 ; 831885.2365824932 ; 1.2069346957894859E8 ; 7.012508610563029E8 ; 247044.00000000003
1039 ; 132352.98389637913 ; 829807.7528311405 ; 1.208258517872201E8 ; 7.020827462928854E8 ; 247282.00000000003
1040 ; 132151.69101263618 ; 827716.0206988358 ; 1.2095820477111648E8 ; 7.029125540457165E8 ; 247520.00000000003
1041 ; 132373.09647846775 ; 825610.034359162 ; 1.2109035646212912E8 ; 7.037402700664153E8 ; 247758.00000000003
1042 ; 132136.3310721388 ; 823489.7880993194 ; 1.2122272955860758E8 ; 7.045658801007745E8 ; 247996.00000000003
1043 ; 132033.91575954703 ; 821355.2763202314 ; 1.2135486588967972E8 ; 7.053893698888738E8 ; 248234.00000000003
1044 ; 131741.6470152244 ; 819206.4935366464 ; 1.2148689980543926E8 ; 7.06210725165194E8 ; 248472.00000000003
1045 ; 131603.13755493774 ; 817043.4343772382 ; 1.2161864145245449E8 ; 7.070299316587306E8 ; 248710.00000000003
1046 ; 131276.41778903356 ; 814866.0935847058 ; 1.2175024459000944E8 ; 7.078469750931078E8 ; 248948.00000000003
1047 ; 130997.51083503617 ; 812674.4660158698 ; 1.2188152100779846E8 ; 7.086618411866925E8 ; 249186.00000000003
1048 ; 130910.88767485246 ; 810468.5466417654 ; 1.220125185186335E8 ; 7.094745156527083E8 ; 249424.00000000003
1049 ; 131112.49575518147 ; 808248.330547737 ; 1.2214342940630835E8 ; 7.1028498419935E8 ; 249662.00000000003
1050 ; 130528.95911195861 ; 806013.8129335269 ; 1.2227454190206353E8 ; 7.110932325298977E8 ; 249900.00000000003
1051 ; 130333.20213167032 ; 803764.9891133646 ; 1.2240507086117549E8 ; 7.118992463428313E8 ; 250138.00000000003
1052 ; 130353.11214926152 ; 801501.8545160526 ; 1.2253540406330717E8 ; 7.127030113319446E8 ; 250376.00000000003
1053 ; 129846.27685119046 ; 799224.4046850502 ; 1.2266575717545643E8 ; 7.135045131864606E8 ; 250614.00000000003
1054 ; 129655.54940284425 ; 796932.6352785563 ; 1.2279560345230763E8 ; 7.143037375911456E8 ; 250852.00000000003
1055 ; 129439.83032754288 ; 794626.5420695879 ; 1.2292525900171047E8 ; 7.151006702264242E8 ; 251090.00000000003
1056 ; 129062.93469699091 ; 792306.1209460602 ; 1.2305469883203802E8 ; 7.158952967684938E8 ; 251328.00000000003
1057 ; 129266.37757513739 ; 789971.3679108596 ; 1.23183761766735E8 ; 7.166876028894398E8 ; 251566.00000000003
1058 ; 128490.67641932948 ; 787622.2790819195 ; 1.2331302814431015E8 ; 7.174775742573507E8 ; 251804.00000000003
1059 ; 127952.02040248174 ; 785258.8506922906 ; 1.2344151882072948E8 ; 7.182651965364326E8 ; 252042.00000000003
1060 ; 127583.47770637755 ; 782881.0790902106 ; 1.2356947084113196E8 ; 7.190504553871249E8 ; 252280.00000000003
1061 ; 127484.17942380061 ; 780488.9607391716 ; 1.2369705431883833E8 ; 7.198333364662151E8 ; 252518.00000000003
1062 ; 126919.6519648111 ; 778082.4922179854 ; 1.2382453849826212E8 ; 7.206138254269543E8 ; 252756.00000000003
1063 ; 126940.77760868822 ; 775661.6702208458 ; 1.2395145815022694E8 ; 7.213919079191723E8 ; 252994.00000000003
1064 ; 126053.68778918176 ; 773226.4915573904 ; 1.2407839892783563E8 ; 7.221675695893931E8 ; 253232.00000000003
1065 ; 125807.63695629235 ; 770776.953152759 ; 1.2420445261562482E8 ; 7.229407960809505E8 ; 253470.00000000003
1066 ; 125178.61269406561 ; 768313.0520476502 ; 1.243302602525811E8 ; 7.237115730341033E8 ; 253708.00000000003
1067 ; 125239.9873474245 ; 765834.7853983764 ; 1.2445543886527517E8 ; 7.244798860861509E8 ; 253946.00000000003
1068 ; 124453.79152208258 ; 763342.1504769155 ; 1.245806788526226E8 ; 7.252457208715492E8 ; 254184.00000000003
1069 ; 123618.37234861653 ; 760835.1446709624 ; 1.2470513264414468E8 ; 7.260090630220262E8 ; 254422.00000000003
1070 ; 123506.05857645831 ; 758313.7654839754 ; 1.248287510164933E8 ; 7.267698981666971E8 ; 254660.00000000003
1071 ; 122820.78675196847 ; 755778.0105352241 ; 1.2495225707506977E8 ; 7.275282119321811E8 ; 254898.00000000003
1072 ; 122227.36905811913 ; 753227.8775598323 ; 1.2507507786182174E8 ; 7.282839899427164E8 ; 255136.00000000003
1073 ; 122187.2582226948 ; 750663.3644088202 ; 1.2519730523087986E8 ; 7.290372178202761E8 ; 255374.00000000003
1074 ; 121126.34579533973 ; 748084.4690491431 ; 1.2531949248910256E8 ; 7.29787881184685E8 ; 255612.00000000003
1075 ; 121237.86121924421 ; 745491.1895637305 ; 1.2544061883489789E8 ; 7.305359656537341E8 ; 255850.00000000003
1076 ; 120182.7538352244 ; 742883.5241515205 ; 1.2556185669611713E8 ; 7.312814568432978E8 ; 256088.00000000003
1077 ; 119835.4409904448 ; 740261.4711274926 ; 1.2568203944995236E8 ; 7.320243403674494E8 ; 256326.00000000003
1078 ; 119192.78941315264 ; 737625.0289227003 ; 1.2580187489094281E8 ; 7.327646018385769E8 ; 256564.00000000003
1079 ; 118576.5910514955 ; 734974.1960842982 ; 1.2592106768035597E8 ; 7.335022268674996E8 ; 256802.00000000003
1080 ; 118395.73126591905 ; 732308.9712755703 ; 1.2603964427140746E8 ; 7.342372010635839E8 ; 257040.00000000003
1081 ; 117269.7919966907 ; 729629.3532759545 ; 1.2615804000267337E8 ; 7.349695100348594E8 ; 257278.00000000003
1082 ; 116659.67247951578 ; 726935.3409810639 ; 1.2627530979467006E8 ; 7.356991393881353E8 ; 257516.00000000003
1083 ; 116245.86772513848 ; 724226.9334027086 ; 1.2639196946714957E8 ; 7.364260747291163E8 ; 257754.00000000003
1084 ; 115410.05116476513 ; 721504.1296689133 ; 1.265082153348747E8 ; 7.37150301662519E8 ; 257992.00000000003
1085 ; 115130.91042006473 ; 718766.9290239338 ; 1.2662362538603947E8 ; 7.378718057921879E8 ; 258230.00000000003
1086 ; 114046.04716878675 ; 716015.33082827 ; 1.2673875629645953E8 ; 7.385905727212119E8 ; 258468.00000000003
1087 ; 113198.69571042487 ; 713249.334558679 ; 1.2685280234362832E8 ; 7.393065880520402E8 ; 258706.00000000003
1088 ; 112869.08315022837 ; 710468.9398081838 ; 1.2696600103933874E8 ; 7.40019837386599E8 ; 258944.00000000003
1089 ; 111818.53426426464 ; 707674.1462860813 ; 1.2707887012248896E8 ; 7.407303063264071E8 ; 259182.00000000003
1090 ; 111343.99943454353 ; 704864.9538179473 ; 1.2719068865675323E8 ; 7.414379804726932E8 ; 259420.00000000003
1091 ; 110805.71675116578 ; 702041.3623456403 ; 1.2730203265618777E8 ; 7.421428454265112E8 ; 259658.00000000003
1092 ; 110066.71724886193 ; 699203.3719273019 ; 1.2741283837293895E8 ; 7.428448867888569E8 ; 259896.00000000003
1093 ; 109078.05373766096 ; 696350.9827373561 ; 1.275229050901878E8 ; 7.435440901607841E8 ; 260134.00000000003
1094 ; 108508.74204649475 ; 693484.195066506 ; 1.2763198314392546E8 ; 7.442404411435214E8 ; 260372.00000000003
1095 ; 107206.53356325631 ; 690603.009321729 ; 1.2774049188597195E8 ; 7.449339253385879E8 ; 260610.00000000003
1096 ; 106688.48031636483 ; 687707.4260262675 ; 1.278476984195352E8 ; 7.456245283479096E8 ; 260848.00000000003
1097 ; 105346.88779712826 ; 684797.4458196218 ; 1.2795438689985158E8 ; 7.463122357739358E8 ; 261086.00000000003
1098 ; 104861.6917833846 ; 681873.069457536 ; 1.2805973378764871E8 ; 7.469970332197554E8 ; 261324.00000000003
1099 ; 104115.85971727775 ; 678934.2978119856 ; 1.2816459547943209E8 ; 7.47678906289213E8 ; 261562.00000000003
1100 ; 103640.89398232498 ; 675981.1318711605 ; 1.2826871133914937E8 ; 7.483578405870249E8 ; 261800.00000000003
1101 ; 102570.94157818916 ; 673013.5727394472 ; 1.2837235223313169E8 ; 7.49033821718896E8 ; 262038.00000000003
1102 ; 101456.89663669596 ; 670031.6216374084 ; 1.2847492317470989E8 ; 7.497068352916355E8 ; 262276.00000000006
1103 ; 101007.004242137 ; 667035.2799017598 ; 1.2857638007134658E8 ; 7.50376866913273E8 ; 262514.00000000006
1104 ; 99822.3755206787 ; 664024.5489853466 ; 1.2867738707558872E8 ; 7.510439021931747E8 ; 262752.00000000006
1105 ; 99502.00006949497 ; 660999.4304571156 ; 1.287772094511094E8 ; 7.517079267421601E8 ; 262990.00000000006
1106 ; 99761.55901285488 ; 657959.9260020873 ; 1.288767114511789E8 ; 7.523689261726172E8 ; 263228.00000000006
1107 ; 99988.46298219367 ; 654906.0374213234 ; 1.2897647301019175E8 ; 7.530268860986193E8 ; 263466.00000000006
1108 ; 99773.55373535106 ; 651837.7666318945 ; 1.2907646147317395E8 ; 7.536817921360407E8 ; 263704.00000000006
1109 ; 99705.11592018964 ; 648755.1156668453 ; 1.2917623502690929E8 ; 7.543336299026725E8 ; 263942.00000000006
1110 ; 99989.97070927227 ; 645658.0866751556 ; 1.2927594014282948E8 ; 7.549823850183394E8 ; 264180.00000000006
1111 ; 99708.20831010646 ; 642546.6819217015 ; 1.2937593011353876E8 ; 7.556280431050146E8 ; 264418.00000000006
1112 ; 99494.29651304973 ; 639420.9037872138 ; 1.2947563832184887E8 ; 7.562705897869363E8 ; 264656.00000000006
1113 ; 99992.43481949005 ; 636280.7547682336 ; 1.2957513261836192E8 ; 7.569100106907235E8 ; 264894.00000000006
1114 ; 99808.7828301671 ; 633126.2374770665 ; 1.2967512505318141E8 ; 7.575462914454918E8 ; 265132.00000000006
1115 ; 99950.15965786169 ; 629957.3546417343 ; 1.2977493383601157E8 ; 7.581794176829689E8 ; 265370.00000000006
1116 ; 99614.2591450183 ; 626774.1091059246 ; 1.2987488399566944E8 ; 7.588093750376105E8 ; 265608.00000000006
1117 ; 99349.84410771151 ; 623576.503828939 ; 1.2997449825481446E8 ; 7.594361491467165E8 ; 265846.00000000006
1118 ; 99114.68334740892 ; 620364.5418856377 ; 1.3007384809892218E8 ; 7.600597256505454E8 ; 266084.00000000006
1119 ; 98963.44831385286 ; 617138.226466383 ; 1.3017296278226958E8 ; 7.60680090192431E8 ; 266322.00000000006
1120 ; 98538.55004048353 ; 613897.5608769809 ; 1.3027192623058343E8 ; 7.612972284188974E8 ; 266560.00000000006
1121 ; 98677.73224680705 ; 610642.5485386198 ; 1.3037046478062391E8 ; 7.619111259797744E8 ; 266798.00000000006
1122 ; 98581.4007493089 ; 607373.1929878078 ; 1.3046914251287071E8 ; 7.625217685283129E8 ; 267036.00000000006
1123 ; 98238.43607719685 ; 604089.4978763069 ; 1.3056772391362002E8 ; 7.631291417213007E8 ; 267274.00000000006
1124 ; 98052.65416905619 ; 600791.4669710664 ; 1.3066596234969722E8 ; 7.63733231219177E8 ; 267512.00000000006
1125 ; 97224.4243149678 ; 597479.1041541534 ; 1.3076401500386627E8 ; 7.64334022686148E8 ; 267750.00000000006
1126 ; 96975.66527770151 ; 594152.4134226806 ; 1.3086123942818123E8 ; 7.649315017903022E8 ; 267988.00000000006
1127 ; 96979.10341651631 ; 590811.3988887336 ; 1.3095821509345894E8 ; 7.655256542037249E8 ; 268226.00000000006
1128 ; 97017.5986011672 ; 587456.064779295 ; 1.3105519419687545E8 ; 7.661164656026136E8 ; 268464.00000000006
1129 ; 97176.01943061088 ; 584086.4154361661 ; 1.3115221179547662E8 ; 7.667039216673928E8 ; 268702.00000000006
1130 ; 96385.69484022014 ; 580702.4553158873 ; 1.3124938781490722E8 ; 7.67288008082829E8 ; 268940.00000000006
1131 ; 96546.97285275835 ; 577304.1889896563 ; 1.3134577350974745E8 ; 7.678687105381448E8 ; 269178.00000000006
1132 ; 96039.38695133325 ; 573891.6211432439 ; 1.314423204826002E8 ; 7.684460147271345E8 ; 269416.00000000006
1133 ; 95662.32216110438 ; 570464.7565769072 ; 1.3153835986955152E8 ; 7.690199063482777E8 ; 269654.00000000006
1134 ; 95573.48618280588 ; 567023.6002053025 ; 1.3163402219171263E8 ; 7.695903711048546E8 ; 269892.00000000006
1135 ; 95716.9250232411 ; 563568.1570573936 ; 1.3172959567789544E8 ; 7.701573947050599E8 ; 270130.00000000006
1136 ; 95498.3055395787 ; 560098.4322763608 ; 1.3182531260291868E8 ; 7.707209628621173E8 ; 270368.00000000006
1137 ; 94472.29100313848 ; 556614.4311195051 ; 1.3192081090845826E8 ; 7.712810612943937E8 ; 270606.00000000006
1138 ; 94707.54937069736 ; 553116.1589581519 ; 1.320152831994614E8 ; 7.718376757255132E8 ; 270844.00000000006
1139 ; 94826.63039986318 ; 549603.6212775534 ; 1.3210999074883209E8 ; 7.723907918844714E8 ; 271082.00000000006
1140 ; 112194.99051866177 ; 546076.8236767864 ; 1.3220481737923196E8 ; 7.72940395505749E8 ; 271320.00000000006
1141 ; 111738.40182928779 ; 542535.7718686501 ; 1.3231701236975062E8 ; 7.734864723294258E8 ; 271558.00000000006
1142 ; 111706.9488545797 ; 538980.4716795617 ; 1.324287507715799E8 ; 7.740290081012945E8 ; 271796.00000000006
1143 ; 111464.6499621361 ; 535410.9290494486 ; 1.3254045772043449E8 ; 7.745679885729741E8 ; 272034.00000000006
1144 ; 111378.02460287916 ; 531827.1500316402 ; 1.3265192237039663E8 ; 7.751033995020236E8 ; 272272.00000000006
1145 ; 110853.62990120758 ; 528229.1407927565 ; 1.327633003949995E8 ; 7.756352266520553E8 ; 272510.00000000006
1146 ; 111070.44101174518 ; 524616.9076125951 ; 1.328741540249007E8 ; 7.76163455792848E8 ; 272748.00000000006
1147 ; 110624.43991267322 ; 520990.4568840163 ; 1.3298522446591245E8 ; 7.766880727004606E8 ; 272986.00000000006
1148 ; 110373.7888573925 ; 517349.79511282523 ; 1.3309584890582512E8 ; 7.772090631573446E8 ; 273224.00000000006
1149 ; 110228.20257603413 ; 513694.928917654 ; 1.3320622269468251E8 ; 7.777264129524574E8 ; 273462.00000000006
1150 ; 109865.82334576896 ; 510025.86502983933 ; 1.3331645089725855E8 ; 7.782401078813751E8 ; 273700.00000000006
1151 ; 109764.67777558803 ; 506342.61029329966 ; 1.3342631672060432E8 ; 7.787501337464049E8 ; 273938.00000000006
1152 ; 109954.64801495915 ; 502645.1716644103 ; 1.335360813983799E8 ; 7.792564763566982E8 ; 274176.00000000006
1153 ; 109935.11020763154 ; 498933.55621187564 ; 1.3364603604639487E8 ; 7.797591215283625E8 ; 274414.00000000006
1154 ; 110611.67462152784 ; 495207.77111660026 ; 1.337559711566025E8 ; 7.802580550845743E8 ; 274652.00000000006
1155 ; 110926.32060880245 ; 491467.8236715576 ; 1.3386658283122402E8 ; 7.80753262855691E8 ; 274890.00000000006
1156 ; 111319.3161102105 ; 487713.72128165653 ; 1.3397750915183283E8 ; 7.812447306793625E8 ; 275128.00000000006
1157 ; 111187.01727778441 ; 483945.4714636062 ; 1.3408882846794304E8 ; 7.817324444006442E8 ; 275366.00000000006
1158 ; 111559.78496779838 ; 480163.0818457792 ; 1.3420001548522082E8 ; 7.822163898721077E8 ; 275604.00000000006
1159 ; 112273.77698361306 ; 476366.5601680715 ; 1.3431157527018863E8 ; 7.826965529539535E8 ; 275842.00000000006
1160 ; 112741.57613690927 ; 472555.9142817621 ; 1.3442384904717225E8 ; 7.831729195141215E8 ; 276080.00000000006
1161 ; 113552.99939310573 ; 468731.15214936907 ; 1.3453659062330917E8 ; 7.836454754284033E8 ; 276318.00000000006
1162 ; 113447.8611408192 ; 464892.28184450546 ; 1.3465014362270227E8 ; 7.841142065805526E8 ; 276556.00000000006
1163 ; 113844.5692211209 ; 461039.31155173114 ; 1.347635914838431E8 ; 7.845790988623971E8 ; 276794.00000000006
1164 ; 114350.55807474126 ; 457172.24956640427 ; 1.348774360530642E8 ; 7.850401381739488E8 ; 277032.00000000006
1165 ; 114750.36394398108 ; 453291.1042945307 ; 1.3499178661113894E8 ; 7.854973104235152E8 ; 277270.00000000006
1166 ; 115035.21382763045 ; 449395.88425261003 ; 1.3510653697508293E8 ; 7.859506015278097E8 ; 277508.00000000006
1167 ; 115073.53438351025 ; 445486.59806748177 ; 1.3522157218891057E8 ; 7.863999974120624E8 ; 277746.00000000006
1168 ; 115276.33507429647 ; 441563.254476168 ; 1.3533664572329408E8 ; 7.868454840101299E8 ; 277984.00000000006
1169 ; 115464.80467200952 ; 437625.8623257149 ; 1.3545192205836838E8 ; 7.872870472646061E8 ; 278222.00000000006
1170 ; 115538.56266226352 ; 433674.4305730319 ; 1.355673868630404E8 ; 7.877246731269318E8 ; 278460.00000000006
1171 ; 116095.49509210113 ; 429708.9682847295 ; 1.3568292542570266E8 ; 7.881583475575048E8 ; 278698.00000000006
1172 ; 116836.54866443574 ; 425729.4846369545 ; 1.3579902092079476E8 ; 7.885880565257895E8 ; 278936.00000000006
1173 ; 117239.96335183393 ; 421735.9889152241 ; 1.3591585746945918E8 ; 7.890137860104264E8 ; 279174.00000000006
1174 ; 117084.55424593005 ; 417728.4905142574 ; 1.3603309743281102E8 ; 7.894355219993416E8 ; 279412.00000000006
1175 ; 117075.45080619013 ; 413706.9989378052 ; 1.3615018198705694E8 ; 7.898532504898559E8 ; 279650.00000000006
1176 ; 117067.26841391926 ; 409671.52379847877 ; 1.3626725743786314E8 ; 7.902669574887937E8 ; 279888.00000000006
1177 ; 117747.50465897782 ; 405622.0748175752 ; 1.3638432470627707E8 ; 7.906766290125922E8 ; 280126.00000000006
1178 ; 117696.9727168885 ; 401558.6618249025 ; 1.3650207221093604E8 ; 7.910822510874097E8 ; 280364.00000000006
1179 ; 118146.69702238569 ; 397481.2947586017 ; 1.3661976918365294E8 ; 7.914838097492347E8 ; 280602.00000000006
1180 ; 118123.58940675302 ; 393389.98366496735 ; 1.3673791588067532E8 ; 7.918812910439932E8 ; 280840.00000000006
1181 ; 118241.26675523625 ; 389284.73869826726 ; 1.3685603947008207E8 ; 7.922746810276582E8 ; 281078.00000000006
1182 ; 118680.60080910259 ; 385165.5701205587 ; 1.369742807368373E8 ; 7.926639657663565E8 ; 281316.00000000006
1183 ; 118839.76855808473 ; 381032.4883015038 ; 1.370929613376464E8 ; 7.93049131336477E8 ; 281554.00000000006
1184 ; 118915.7704713739 ; 376885.5037181836 ; 1.3721180110620448E8 ; 7.934301638247786E8 ; 281792.00000000006
1185 ; 119112.18683042687 ; 372724.62695490906 ; 1.3733071687667584E8 ; 7.938070493284967E8 ; 282030.00000000006
1186 ; 119601.94770473627 ; 368549.868703031 ; 1.3744982906350628E8 ; 7.941797739554516E8 ; 282268.00000000006
1187 ; 119450.49366572284 ; 364361.239760749 ; 1.37569431011211E8 ; 7.945483238241546E8 ; 282506.00000000006
1188 ; 119686.85832740384 ; 360158.7510329166 ; 1.3768888150487673E8 ; 7.949126850639154E8 ; 282744.00000000006
1189 ; 120080.70835871612 ; 359577.1376812054 ; 1.3780856836320415E8 ; 7.952728438149483E8 ; 282982.00000000006
1190 ; 119959.84722006918 ; 358989.9946137472 ; 1.3792864907156286E8 ; 7.956324209526296E8 ; 283220.00000000006
1191 ; 120135.2841650334 ; 358397.33305418084 ; 1.3804860891878292E8 ; 7.959914109472433E8 ; 283458.00000000006
1192 ; 120770.08490184319 ; 357799.16433200776 ; 1.3816874420294794E8 ; 7.963498082802975E8 ; 283696.00000000006
1193 ; 120307.78234694617 ; 357195.4998823897 ; 1.3828951428784978E8 ; 7.967076074446295E8 ; 283934.00000000006
1194 ; 120203.82474824111 ; 356586.3512459453 ; 1.3840982207019672E8 ; 7.970648029445119E8 ; 284172.00000000006
1195 ; 120767.82395878655 ; 355971.73006854486 ; 1.3853002589494497E8 ; 7.974213892957579E8 ; 284410.00000000006
1196 ; 120790.77450780466 ; 355351.64810110186 ; 1.3865079371890375E8 ; 7.977773610258265E8 ; 284648.00000000006
1197 ; 121061.12501912945 ; 354726.11719936517 ; 1.3877158449341154E8 ; 7.981327126739275E8 ; 284886.00000000006
1198 ; 121112.49376015403 ; 354095.14932370814 ; 1.3889264561843067E8 ; 7.98487438791127E8 ; 285124.00000000006
1199 ; 121274.91884202113 ; 353458.7565389166 ; 1.3901375811219084E8 ; 7.988415339404507E8 ; 285362.00000000006
1200 ; 120585.73353005323 ; 352816.95101397485 ; 1.3913503303103286E8 ; 7.991949926969895E8 ; 285600.00000000006
1201 ; 122091.39695451276 ; 352169.74502185057 ; 1.392556187645629E8 ; 7.995478096480035E8 ; 285838.00000000006
1202 ; 122638.7310336261 ; 351517.1509392782 ; 1.393777101615174E8 ; 7.998999793930253E8 ; 286076.00000000006
1203 ; 123779.34328471021 ; 350859.1812465398 ; 1.3950034889255103E8 ; 8.002514965439645E8 ; 286314.00000000006
1204 ; 124872.2134163602 ; 350195.8485272456 ; 1.3962412823583573E8 ; 8.00602355725211E8 ; 286552.00000000006
1205 ; 125714.73573575114 ; 349527.1654681122 ; 1.397490004492521E8 ; 8.009525515737382E8 ; 286790.00000000006
1206 ; 126687.97452926522 ; 348853.1448587398 ; 1.3987471518498784E8 ; 8.013020787392063E8 ; 287028.00000000006
1207 ; 127690.24413537176 ; 348173.79959138716 ; 1.400014031595171E8 ; 8.01650931884065E8 ; 287266.00000000006
1208 ; 128536.77269478567 ; 347489.14266074623 ; 1.401290934036525E8 ; 8.019991056836565E8 ; 287504.00000000006
1209 ; 128733.9026079139 ; 346799.1871637142 ; 1.402576301763473E8 ; 8.023465948263172E8 ; 287742.00000000006
1210 ; 129903.9179999467 ; 346103.94629916456 ; 1.403863640789552E8 ; 8.026933940134809E8 ; 287980.00000000006
1211 ; 130606.21459085202 ; 345403.4333677172 ; 1.4051626799695516E8 ; 8.030394979597801E8 ; 288218.00000000006
1212 ; 131391.70040073703 ; 344697.6617715061 ; 1.40646874211546E8 ; 8.033849013931478E8 ; 288456.00000000006
1213 ; 131994.76436070143 ; 343986.6450139468 ; 1.4077826591194674E8 ; 8.037295990549194E8 ; 288694.00000000006
1214 ; 132743.00115734013 ; 343270.3966995012 ; 1.4091026067630744E8 ; 8.040735856999333E8 ; 288932.00000000006
1215 ; 133629.9407421433 ; 342548.9305334424 ; 1.4104300367746478E8 ; 8.044168560966328E8 ; 289170.00000000006
1216 ; 134290.99594005043 ; 341822.260321617 ; 1.4117663361820692E8 ; 8.047594050271662E8 ; 289408.00000000006
1217 ; 134847.77488703642 ; 341090.39997020725 ; 1.4131092461414698E8 ; 8.051012272874879E8 ; 289646.00000000006
1218 ; 135350.23932527678 ; 340353.36348549044 ; 1.41445772389034E8 ; 8.05442317687458E8 ; 289884.00000000006
1219 ; 135921.14025889846 ; 339611.16497359856 ; 1.415811226283593E8 ; 8.057826710509435E8 ; 290122.00000000006
1220 ; 136677.590164118 ; 338863.81864027644 ; 1.417170437686182E8 ; 8.061222822159171E8 ; 290360.00000000006
1221 ; 137188.61897931393 ; 338111.3387906371 ; 1.4185372135878232E8 ; 8.064611460345573E8 ; 290598.00000000006
1222 ; 137919.75479310215 ; 337353.739828918 ; 1.4199090997776163E8 ; 8.06799257373348E8 ; 290836.00000000006
1223 ; 138232.51704376814 ; 336591.03625823546 ; 1.4212882973255473E8 ; 8.07136611113177E8 ; 291074.00000000006
1224 ; 138578.70266216973 ; 335823.2426803373 ; 1.422670622495985E8 ; 8.074732021494352E8 ; 291312.00000000006
1225 ; 139443.5217461596 ; 335050.37379535474 ; 1.4240564095226067E8 ; 8.078090253921155E8 ; 291550.00000000006
1226 ; 139588.22206603145 ; 334272.44440155383 ; 1.4254508447400683E8 ; 8.081440757659109E8 ; 291788.00000000006
1227 ; 139853.73373489644 ; 333489.4693950851 ; 1.4268467269607288E8 ; 8.084783482103124E8 ; 292026.00000000006
1228 ; 140156.54315470572 ; 332701.4637697326 ; 1.4282452642980778E8 ; 8.088118376797074E8 ; 292264.00000000006
1229 ; 140646.79149364683 ; 331908.44261666154 ; 1.429646829729625E8 ; 8.091445391434771E8 ; 292502.00000000006
1230 ; 141011.7827894313 ; 331110.4211241652 ; 1.4310532976445615E8 ; 8.094764475860938E8 ; 292740.00000000006
1231 ; 142001.0707731562 ; 330307.4145774117 ; 1.432463415472456E8 ; 8.09807558007218E8 ; 292978.00000000006
1232 ; 142180.44480638433 ; 329499.4383581884 ; 1.4338834261801875E8 ; 8.101378654217954E8 ; 293216.00000000006
1233 ; 142172.5924327822 ; 328686.5079446464 ; 1.4353052306282514E8 ; 8.104673648601536E8 ; 293454.00000000006
1234 ; 142734.26148825526 ; 327868.6389110442 ; 1.4367269565525794E8 ; 8.107960513680983E8 ; 293692.00000000006
1235 ; 142947.36960383964 ; 327045.8469274909 ; 1.438154299167462E8 ; 8.111239200070093E8 ; 293930.00000000006
1236 ; 143870.78267004603 ; 326218.1477596873 ; 1.4395837728635004E8 ; 8.114509658539368E8 ; 294168.00000000006
1237 ; 143739.26764693984 ; 325385.5572686674 ; 1.441022480690201E8 ; 8.117771840016965E8 ; 294406.00000000006
1238 ; 144424.61850447668 ; 324548.0914105404 ; 1.4424598733666703E8 ; 8.121025695589651E8 ; 294644.00000000006
1239 ; 144031.9815745446 ; 323705.76623622887 ; 1.443904119551715E8 ; 8.124271176503756E8 ; 294882.00000000006
1240 ; 143770.6806329576 ; 322858.5978912094 ; 1.4453444393674603E8 ; 8.127508234166118E8 ; 295120.00000000006
1241 ; 144345.48737916394 ; 322006.60261525185 ; 1.4467821461737898E8 ; 8.13073682014503E8 ; 295358.00000000006
1242 ; 144844.32032433504 ; 321149.79674215685 ; 1.4482256010475814E8 ; 8.133956886171182E8 ; 295596.00000000006
1243 ; 145043.40863906546 ; 320288.19669949496 ; 1.4496740442508247E8 ; 8.137168384138604E8 ; 295834.00000000006
1244 ; 144765.0397676269 ; 319421.81900834385 ; 1.4511244783372155E8 ; 8.140371266105599E8 ; 296072.00000000006
1245 ; 144764.13813215695 ; 318550.68028302584 ; 1.4525721287348917E8 ; 8.143565484295683E8 ; 296310.00000000006
1246 ; 145496.24676322224 ; 317674.7972308453 ; 1.4540197701162133E8 ; 8.146750991098514E8 ; 296548.00000000006
1247 ; 144573.883274355 ; 316794.1866518256 ; 1.4554747325838456E8 ; 8.149927739070822E8 ; 296786.00000000006
1248 ; 145257.70164655388 ; 315908.86543844535 ; 1.456920471416589E8 ; 8.15309568093734E8 ; 297024.00000000006
1249 ; 145284.68971399643 ; 315018.85057537653 ; 1.4583730484330547E8 ; 8.156254769591725E8 ; 297262.00000000006
1250 ; 144905.20271785185 ; 314124.1591392197 ; 1.4598258953301945E8 ; 8.159404958097478E8 ; 297500.00000000006
1251 ; 145021.62571248403 ; 313224.8082982418 ; 1.461274947357373E8 ; 8.162546199688871E8 ; 297738.00000000006
1252 ; 145119.06495016784 ; 312320.81531211233 ; 1.4627251636144978E8 ; 8.165678447771853E8 ; 297976.00000000006
1253 ; 145017.11161297694 ; 311412.1975316418 ; 1.4641763542639995E8 ; 8.168801655924975E8 ; 298214.00000000006
1254 ; 144605.6833196055 ; 310498.9723985173 ; 1.4656265253801292E8 ; 8.171915777900292E8 ; 298452.00000000006
1255 ; 145257.40511759682 ; 309581.15744504123 ; 1.4670725822133252E8 ; 8.175020767624277E8 ; 298690.00000000006
1256 ; 144533.97817342752 ; 308658.7702938691 ; 1.4685251562645012E8 ; 8.178116579198728E8 ; 298928.00000000006
1257 ; 144220.29889037999 ; 307731.8286577489 ; 1.4699704960462356E8 ; 8.181203166901666E8 ; 299166.00000000006
1258 ; 144516.74792027377 ; 306800.35033925856 ; 1.4714126990351394E8 ; 8.184280485188243E8 ; 299404.00000000006
1259 ; 143823.7257151362 ; 305864.3532305474 ; 1.472857866514342E8 ; 8.187348488691636E8 ; 299642.00000000006
1260 ; 125731.6787805308 ; 304923.8553130764 ; 1.4742961037714934E8 ; 8.190407132223942E8 ; 299880.00000000006
1261 ; 125353.66703457874 ; 303978.8746573586 ; 1.4755534205592987E8 ; 8.193456370777073E8 ; 300118.00000000006
1262 ; 124988.77833187811 ; 303029.429422703 ; 1.4768069572296444E8 ; 8.196496159523647E8 ; 300356.00000000006
1263 ; 124933.21668983155 ; 302075.53785695654 ; 1.478056845012963E8 ; 8.199526453817874E8 ; 300594.00000000006
1264 ; 124518.43993019893 ; 301117.2182962503 ; 1.4793061771798614E8 ; 8.202547209196444E8 ; 300832.00000000006
1265 ; 124654.74243815214 ; 300154.48916474404 ; 1.4805513615791634E8 ; 8.205558381379406E8 ; 301070.00000000006
1266 ; 123897.82962062396 ; 299187.3689743739 ; 1.4817979090035447E8 ; 8.208559926271054E8 ; 301308.00000000006
1267 ; 123369.37772222189 ; 298215.8763246015 ; 1.483036887299751E8 ; 8.211551799960797E8 ; 301546.00000000006
1268 ; 123240.36213068818 ; 297240.02990216407 ; 1.4842705810769734E8 ; 8.214533958724043E8 ; 301784.00000000006
1269 ; 123073.14683251498 ; 296259.8484808266 ; 1.4855029846982804E8 ; 8.217506359023066E8 ; 302022.00000000006
1270 ; 122795.69017157132 ; 295275.35092113644 ; 1.4867337161666057E8 ; 8.220468957507874E8 ; 302260.00000000006
1271 ; 122158.21872433546 ; 294286.5561701784 ; 1.4879616730683213E8 ; 8.223421711017085E8 ; 302498.00000000006
1272 ; 121703.77227446638 ; 293293.48326133407 ; 1.4891832552555647E8 ; 8.226364576578788E8 ; 302736.00000000006
1273 ; 121227.81879722618 ; 292296.1513140425 ; 1.4904002929783094E8 ; 8.229297511411401E8 ; 302974.00000000006
1274 ; 120997.24608742731 ; 291294.5795335624 ; 1.4916125711662817E8 ; 8.232220472924541E8 ; 303212.00000000006
1275 ; 119608.24885833214 ; 290288.78721073904 ; 1.492822543627156E8 ; 8.235133418719877E8 ; 303450.00000000006
1276 ; 119588.39457670963 ; 289278.79372177285 ; 1.4940186261157393E8 ; 8.238036306591984E8 ; 303688.00000000006
1277 ; 119170.42426989066 ; 288264.6185279907 ; 1.4952145100615063E8 ; 8.240929094529202E8 ; 303926.00000000006
1278 ; 118641.31177007813 ; 287246.2811756212 ; 1.4964062143042052E8 ; 8.243811740714482E8 ; 304164.00000000006
1279 ; 118002.98603172612 ; 286223.80129557353 ; 1.497592627421906E8 ; 8.246684203526238E8 ; 304402.00000000006
1280 ; 117594.44027911927 ; 285197.1986032189 ; 1.4987726572822234E8 ; 8.249546441539193E8 ; 304640.00000000006
1281 ; 116373.3543311875 ; 284166.49289817666 ; 1.4999486016850147E8 ; 8.252398413525226E8 ; 304878.00000000006
1282 ; 116184.58391510019 ; 283131.7040641051 ; 1.5011123352283266E8 ; 8.255240078454208E8 ; 305116.00000000006
1283 ; 115203.68544715278 ; 282092.85206849483 ; 1.5022741810674778E8 ; 8.25807139549485E8 ; 305354.00000000006
1284 ; 114666.857488932 ; 281049.9569624682 ; 1.5034262179219493E8 ; 8.260892324015535E8 ; 305592.00000000006
1285 ; 113639.35575236788 ; 280003.03888058325 ; 1.5045728864968386E8 ; 8.26370282358516E8 ; 305830.00000000006
1286 ; 113055.62227188906 ; 278952.11804064293 ; 1.5057092800543624E8 ; 8.266502853973966E8 ; 306068.00000000006
1287 ; 112458.0658434332 ; 277897.21474350867 ; 1.5068398362770814E8 ; 8.269292375154372E8 ; 306306.00000000006
1288 ; 111159.75305172235 ; 276838.3493729214 ; 1.5079644169355157E8 ; 8.272071347301807E8 ; 306544.00000000006
1289 ; 110722.03070664969 ; 275775.54239532666 ; 1.509076014466033E8 ; 8.274839730795536E8 ; 306782.00000000006
1290 ; 109752.22115956248 ; 274708.8143597088 ; 1.5101832347730994E8 ; 8.27759748621949E8 ; 307020.00000000006
1291 ; 109174.64309002696 ; 273638.1858974286 ; 1.5112807569846952E8 ; 8.280344574363086E8 ; 307258.00000000006
1292 ; 108245.6330268898 ; 272563.6777220699 ; 1.5123725034155956E8 ; 8.283080956222061E8 ; 307496.00000000006
1293 ; 107508.11435580654 ; 271485.31062929466 ; 1.5134549597458646E8 ; 8.285806592999282E8 ; 307734.00000000006
1294 ; 106343.84507348327 ; 270403.10549670324 ; 1.5145300408894226E8 ; 8.288521446105574E8 ; 307972.00000000006
1295 ; 105515.48263425699 ; 269317.08328370505 ; 1.5155934793401575E8 ; 8.291225477160541E8 ; 308210.00000000006
1296 ; 104604.00947268453 ; 268227.265031397 ; 1.5166486341665E8 ; 8.293918647993377E8 ; 308448.00000000006
1297 ; 103216.98774573416 ; 267133.6718624524 ; 1.517694674261227E8 ; 8.296600920643691E8 ; 308686.00000000006
1298 ; 102799.30440289446 ; 266036.32498101756 ; 1.5187268441386843E8 ; 8.299272257362316E8 ; 308924.00000000006
1299 ; 101811.15249119246 ; 264935.24567262 ; 1.5197548371827132E8 ; 8.301932620612125E8 ; 309162.00000000006
1300 ; 100461.87541450383 ; 263830.45530408836 ; 1.520772948707625E8 ; 8.304581973068851E8 ; 309400.00000000006
1301 ; 99523.0855964538 ; 262721.97532348055 ; 1.52177756746177E8 ; 8.307220277621893E8 ; 309638.00000000006
1302 ; 98691.9492521025 ; 261609.82726002714 ; 1.5227727983177343E8 ; 8.309847497375127E8 ; 309876.00000000006
1303 ; 97520.89887047598 ; 260494.03272408637 ; 1.5237597178102553E8 ; 8.312463595647727E8 ; 310114.00000000006
1304 ; 96470.73374634866 ; 259374.61340711065 ; 1.52473492679896E8 ; 8.315068535974969E8 ; 310352.00000000006
1305 ; 95119.58240612043 ; 258251.59108163026 ; 1.5256996341364235E8 ; 8.31766228210904E8 ; 310590.00000000006
1306 ; 94143.06830859071 ; 257124.98760124863 ; 1.5266508299604848E8 ; 8.320244798019856E8 ; 310828.00000000006
1307 ; 92688.76190196845 ; 255994.82490065505 ; 1.5275922606435707E8 ; 8.322816047895869E8 ; 311066.00000000006
1308 ; 91538.71865880842 ; 254861.12499565416 ; 1.5285191482625905E8 ; 8.325375996144875E8 ; 311304.00000000006
1309 ; 90168.55333344486 ; 253723.90998321032 ; 1.5294345354491785E8 ; 8.327924607394832E8 ; 311542.00000000006
1310 ; 89209.16638731337 ; 252583.20204151268 ; 1.5303362209825128E8 ; 8.330461846494664E8 ; 311780.00000000006
1311 ; 87832.90531614868 ; 251439.02343005774 ; 1.531228312646386E8 ; 8.332987678515079E8 ; 312018.00000000006
1312 ; 86877.86536550449 ; 250291.39648975382 ; 1.5321066416995475E8 ; 8.33550206874938E8 ; 312256.00000000006
1313 ; 85431.46039392544 ; 249140.3436430444 ; 1.5329754203532025E8 ; 8.338004982714278E8 ; 312494.00000000006
1314 ; 83846.57202462472 ; 247985.88739405604 ; 1.533829734957142E8 ; 8.340496386150708E8 ; 312732.00000000006
1315 ; 83171.12274555158 ; 246828.050328769 ; 1.534668200677388E8 ; 8.342976245024649E8 ; 312970.00000000006
1316 ; 81541.05411317495 ; 245666.85511521355 ; 1.5354999119048434E8 ; 8.345444525527936E8 ; 313208.00000000006
1317 ; 80321.30379389058 ; 244502.32450369233 ; 1.5363153224459752E8 ; 8.347901194079088E8 ; 313446.00000000006
1318 ; 78644.58269231065 ; 243334.48132702842 ; 1.537118535483914E8 ; 8.350346217324125E8 ; 313684.00000000006
1319 ; 76798.09738351802 ; 242163.34850084843 ; 1.5379049813108373E8 ; 8.352779562137395E8 ; 313922.00000000006
1320 ; 75842.50623779785 ; 240988.94902388914 ; 1.5386729622846726E8 ; 8.355201195622404E8 ; 314160.00000000006
1321 ; 74405.52567179382 ; 239811.30597834417 ; 1.5394313873470506E8 ; 8.357611085112642E8 ; 314398.00000000006
1322 ; 73415.40783894261 ; 238630.44253024054 ; 1.5401754426037684E8 ; 8.360009198172425E8 ; 314636.00000000006
1323 ; 71866.39812007242 ; 237446.3819298519 ; 1.5409095966821578E8 ; 8.362395502597728E8 ; 314874.00000000006
1324 ; 70327.14554050153 ; 236259.14751215477 ; 1.5416282606633586E8 ; 8.364769966417027E8 ; 315112.00000000006
1325 ; 68490.6917427709 ; 235068.76269732125 ; 1.5423315321187636E8 ; 8.367132557892148E8 ; 315350.00000000006
1326 ; 67917.02550411223 ; 233875.25099125545 ; 1.5430164390361914E8 ; 8.369483245519122E8 ; 315588.00000000006
1327 ; 66844.86085584313 ; 232678.63598617958 ; 1.5436956092912325E8 ; 8.371821998029034E8 ; 315826.00000000006
1328 ; 65530.86817102149 ; 231478.94136126473 ; 1.544364057899791E8 ; 8.374148784388896E8 ; 316064.00000000006
1329 ; 64589.27814638773 ; 230276.1908833127 ; 1.5450193665815014E8 ; 8.376463573802509E8 ; 316302.00000000006
1330 ; 64068.02000175744 ; 229070.40840749702 ; 1.5456652593629652E8 ; 8.378766335711342E8 ; 316540.00000000006
1331 ; 62347.27479639388 ; 227861.61787815593 ; 1.546305939562983E8 ; 8.381057039795417E8 ; 316778.00000000006
1332 ; 61993.755589819746 ; 226649.84332965 ; 1.546929412310947E8 ; 8.383335655974199E8 ; 317016.00000000006
1333 ; 60756.959118803024 ; 225435.10888728456 ; 1.547549349866845E8 ; 8.385602154407495E8 ; 317254.00000000006
1334 ; 59773.6712979762 ; 224217.43876829848 ; 1.548156919458033E8 ; 8.387856505496368E8 ; 317492.00000000006
1335 ; 58908.10305139099 ; 222996.8572829298 ; 1.5487546561710128E8 ; 8.390098679884051E8 ; 317730.00000000006
1336 ; 57750.54207934823 ; 221773.38883555512 ; 1.5493437372015268E8 ; 8.39232864845688E8 ; 317968.00000000006
1337 ; 57512.6888834036 ; 220547.05792591406 ; 1.5499212426223204E8 ; 8.394546382345235E8 ; 318206.00000000006
1338 ; 55596.7022612749 ; 219317.88915042146 ; 1.5504963695111543E8 ; 8.396751852924495E8 ; 318444.00000000006
1339 ; 54804.36957573726 ; 218085.9072035703 ; 1.551052336533767E8 ; 8.398945031815999E8 ; 318682.00000000006
1340 ; 53262.52331311391 ; 216851.1368794365 ; 1.5516003802295244E8 ; 8.401125890888034E8 ; 318920.00000000006
1341 ; 51961.888997411224 ; 215613.60307328892 ; 1.5521330054626554E8 ; 8.403294402256829E8 ; 319158.00000000006
1342 ; 51294.077352621374 ; 214373.33078330866 ; 1.5526526243526295E8 ; 8.405450538287561E8 ; 319396.00000000006
1343 ; 50243.29714178098 ; 213130.3451124339 ; 1.5531655651261556E8 ; 8.407594271595395E8 ; 319634.00000000006
1344 ; 49099.440139718914 ; 211884.6712703276 ; 1.5536679980975735E8 ; 8.409725575046519E8 ; 319872.00000000006
1345 ; 48726.53045681908 ; 210636.33457548192 ; 1.5541589924989706E8 ; 8.411844421759223E8 ; 320110.00000000006
1346 ; 48681.122374338636 ; 209385.3604574719 ; 1.5546462578035387E8 ; 8.413950785104978E8 ; 320348.00000000006
1347 ; 48464.824156020535 ; 208131.77445936063 ; 1.555133069027282E8 ; 8.416044638709552E8 ; 320586.00000000006
1348 ; 48643.70680514793 ; 206875.6022402698 ; 1.5556177172688422E8 ; 8.418125956454146E8 ; 320824.00000000006
1349 ; 47650.369336663265 ; 205616.86957813258 ; 1.5561041543368936E8 ; 8.420194712476549E8 ; 321062.00000000006
1350 ; 47657.372722526336 ; 204355.60237263152 ; 1.5565806580302602E8 ; 8.42225088117233E8 ; 321300.00000000006
1351 ; 47878.14992310357 ; 203091.82664833966 ; 1.5570572317574856E8 ; 8.424294437196057E8 ; 321538.00000000006
1352 ; 47360.46648564476 ; 201825.56855808437 ; 1.5575360132567167E8 ; 8.42632535546254E8 ; 321776.00000000006
1353 ; 47180.922274289755 ; 200556.8543865367 ; 1.5580096179215732E8 ; 8.428343611148121E8 ; 322014.00000000006
1354 ; 47115.95859081447 ; 199285.7105540587 ; 1.558481427144316E8 ; 8.430349179691987E8 ; 322252.00000000006
1355 ; 46593.99991774124 ; 198012.1636208139 ; 1.5589525867302242E8 ; 8.432342036797527E8 ; 322490.00000000006
1356 ; 46555.168649319996 ; 196736.2402911662 ; 1.5594185267294016E8 ; 8.434322158433735E8 ; 322728.00000000006
1357 ; 46537.98180753147 ; 195457.96741839303 ; 1.5598840784158948E8 ; 8.436289520836647E8 ; 322966.00000000006
1358 ; 45724.28649631577 ; 194177.3720097277 ; 1.56034945823397E8 ; 8.438244100510831E8 ; 323204.00000000006
1359 ; 45954.38214522784 ; 192894.48123175983 ; 1.5608067010989332E8 ; 8.440185874230928E8 ; 323442.00000000006
1360 ; 45347.47067196801 ; 191609.32241622702 ; 1.5612662449203855E8 ; 8.442114819043247E8 ; 323680.00000000006
1361 ; 45502.73658937897 ; 190321.92306621812 ; 1.5617197196271053E8 ; 8.444030912267408E8 ; 323918.00000000006
1362 ; 44981.46059372879 ; 189032.31086282732 ; 1.562174746992999E8 ; 8.445934131498071E8 ; 324156.00000000006
1363 ; 44803.755726080766 ; 187740.51367229395 ; 1.5626245615989363E8 ; 8.447824454606699E8 ; 324394.00000000006
1364 ; 44659.73902249747 ; 186446.55955366578 ; 1.563072599156197E8 ; 8.449701859743422E8 ; 324632.00000000006
1365 ; 44558.80070707586 ; 185150.47676703 ; 1.563519196546422E8 ; 8.451566325338959E8 ; 324870.00000000006
1366 ; 44337.609063951306 ; 183852.29378235544 ; 1.5639647845534927E8 ; 8.453417830106629E8 ; 325108.00000000006
1367 ; 43698.679537494056 ; 182552.03928900187 ; 1.5644081606441322E8 ; 8.455256353044453E8 ; 325346.00000000006
1368 ; 44009.51804076989 ; 181249.7422059496 ; 1.5648451474395072E8 ; 8.457081873437343E8 ; 325584.00000000006
1369 ; 43623.44419693123 ; 179945.43169280895 ; 1.565285242619915E8 ; 8.458894370859402E8 ; 325822.00000000006
1370 ; 43489.464431757915 ; 178639.13716168219 ; 1.5657214770618844E8 ; 8.460693825176331E8 ; 326060.00000000006
1371 ; 42975.475834520956 ; 177330.88828994866 ; 1.566156371706202E8 ; 8.462480216547948E8 ; 326298.00000000006
1372 ; 43131.43158083664 ; 176020.71503405392 ; 1.5665861264645472E8 ; 8.464253525430847E8 ; 326536.00000000006
1373 ; 42789.62123021796 ; 174708.64764439655 ; 1.5670174407803556E8 ; 8.466013732581187E8 ; 326774.00000000006
1374 ; 42517.38312957907 ; 173394.71668141044 ; 1.5674453369926578E8 ; 8.467760819057631E8 ; 327012.00000000006
1375 ; 42556.119821641594 ; 172078.95303294863 ; 1.5678705108239534E8 ; 8.469494766224445E8 ; 327250.00000000006
1376 ; 42184.86304357285 ; 170761.38793309874 ; 1.5682960720221698E8 ; 8.471215555754775E8 ; 327488.00000000006
1377 ; 41966.33993786237 ; 169442.05298255585 ; 1.5687179206526056E8 ; 8.472923169634106E8 ; 327726.00000000006
1378 ; 41678.16774008243 ; 168120.9801707041 ; 1.5691375840519843E8 ; 8.474617590163932E8 ; 327964.00000000006
1379 ; 41933.62852946493 ; 166798.2018995798 ; 1.569554365729385E8 ; 8.476298799965639E8 ; 328202.00000000006
1380 ; 41579.99341862415 ; 165473.7510098889 ; 1.5699737020146796E8 ; 8.477966781984634E8 ; 328440.00000000006
1381 ; 41502.73627713899 ; 164147.66080928993 ; 1.570389501948866E8 ; 8.479621519494734E8 ; 328678.00000000006
1382 ; 41245.122631999475 ; 162819.96510317523 ; 1.5708045293116373E8 ; 8.481262996102827E8 ; 328916.00000000006
1383 ; 40500.78353581313 ; 161490.69822819607 ; 1.5712169805379573E8 ; 8.482891195753858E8 ; 329154.00000000006
1384 ; 40507.93049429216 ; 160159.89508882217 ; 1.5716219883733153E8 ; 8.48450610273614E8 ; 329392.00000000006
1385 ; 39907.391770959235 ; 158827.59119726147 ; 1.572027067678258E8 ; 8.486107701687028E8 ; 329630.00000000006
1386 ; 39629.89678372019 ; 157493.82271708417 ; 1.5724261415959677E8 ; 8.487695977599001E8 ; 329868.00000000006
1387 ; 39705.18506100485 ; 156158.62651097166 ; 1.5728224405638048E8 ; 8.489270915826172E8 ; 330106.00000000006
1388 ; 39315.7699021326 ; 154822.04019303032 ; 1.573219492414415E8 ; 8.490832502091281E8 ; 330344.00000000006
1389 ; 39608.84418130376 ; 153484.10218618697 ; 1.5736126501134363E8 ; 8.492380722493212E8 ; 330582.00000000006
1390 ; 38916.38787061508 ; 152144.8517852498 ; 1.5740087385552493E8 ; 8.493915563515074E8 ; 330820.00000000006
1391 ; 38938.39736194887 ; 150804.32922627786 ; 1.5743979024339554E8 ; 8.495437012032927E8 ; 331058.00000000006
1392 ; 38661.84775896455 ; 149462.57576300876 ; 1.5747872864075747E8 ; 8.49694505532519E8 ; 331296.00000000006
1393 ; 38749.78896647602 ; 148119.63375118567 ; 1.5751739048851645E8 ; 8.49843968108282E8 ; 331534.00000000006
1394 ; 38113.30403263003 ; 146775.54674174212 ; 1.5755614027748293E8 ; 8.499920877420331E8 ; 331772.00000000006
1395 ; 37932.73462745167 ; 145430.35958393637 ; 1.5759425358151555E8 ; 8.501388632887748E8 ; 332010.00000000006
1396 ; 37584.63632558631 ; 144084.1185396903 ; 1.57632186316143E8 ; 8.502842936483588E8 ; 332248.00000000006
1397 ; 37370.11778894848 ; 142736.87141056187 ; 1.576697709524686E8 ; 8.504283777668985E8 ; 332486.00000000006
1398 ; 37163.995798518896 ; 141388.66767899768 ; 1.5770714107025754E8 ; 8.505711146383091E8 ; 332724.00000000006
1399 ; 36789.97672430787 ; 140039.55866575532 ; 1.5774430506605607E8 ; 8.507125033059881E8 ; 332962.00000000006
1400 ; 36526.67774045059 ; 138689.59770568355 ; 1.5778109504278037E8 ; 8.508525428646538E8 ; 333200.00000000006
1401 ; 36623.50196277144 ; 137338.84034438283 ; 1.5781762172052082E8 ; 8.509912324623595E8 ; 333438.00000000006
1402 ; 35909.28791556289 ; 135987.3445586713 ; 1.578542452224836E8 ; 8.51128571302704E8 ; 333676.00000000006
1403 ; 35944.95983513298 ; 134635.17100426654 ; 1.5789015451039916E8 ; 8.512645586472627E8 ; 333914.00000000006
1404 ; 35807.306631218074 ; 133282.38329464503 ; 1.579260994702343E8 ; 8.51399193818267E8 ; 334152.00000000006
1405 ; 35604.15057781819 ; 131929.04831572107 ; 1.579619067768655E8 ; 8.515324762015617E8 ; 334390.00000000006
1406 ; 35463.88301914935 ; 130575.23658178128 ; 1.5799751092744333E8 ; 8.516644052498775E8 ; 334628.00000000006
1407 ; 34696.396859018976 ; 129221.02263907965 ; 1.5803297481046247E8 ; 8.517949804864593E8 ; 334866.00000000006
1408 ; 34963.63404039789 ; 127866.48552462745 ; 1.580676712073215E8 ; 8.519242015090983E8 ; 335104.00000000006
1409 ; 34636.318549545045 ; 126511.70928912862 ; 1.5810263484136188E8 ; 8.52052067994623E8 ; 335342.00000000006
1410 ; 34178.11484921429 ; 125156.78359465829 ; 1.5813727115991142E8 ; 8.52178579703912E8 ; 335580.00000000006
1411 ; 34191.136263812194 ; 123801.80439974097 ; 1.5817144927476063E8 ; 8.523037364875066E8 ; 335818.00000000006
1412 ; 34094.34400997891 ; 122446.87474696308 ; 1.5820564041102445E8 ; 8.524275382919064E8 ; 336056.00000000006
1413 ; 33639.72914927713 ; 121092.1056712857 ; 1.5823973475503442E8 ; 8.525499851666533E8 ; 336294.00000000006
1414 ; 34241.6214765942 ; 119737.61725096837 ; 1.582733744841837E8 ; 8.526710772723246E8 ; 336532.00000000006
1415 ; 33276.820468903126 ; 118383.53982763614 ; 1.583076161056603E8 ; 8.527908148895755E8 ; 336770.00000000006
1416 ; 33351.31578402125 ; 117030.01542771961 ; 1.583408929261292E8 ; 8.529091984294031E8 ; 337008.00000000006
1417 ; 33041.91332761353 ; 115677.19942465234 ; 1.583742442419132E8 ; 8.530262284448308E8 ; 337246.00000000006
1418 ; 33070.13392541548 ; 114325.262490128 ; 1.584072861552408E8 ; 8.531419056442554E8 ; 337484.00000000006
1419 ; 32250.71281775942 ; 112974.39289394325 ; 1.584403562891662E8 ; 8.532562309067456E8 ; 337722.00000000006
1420 ; 32163.281605894354 ; 111624.79922617621 ; 1.5847260700198397E8 ; 8.533692052996395E8 ; 337960.00000000006
1421 ; 31846.07023471461 ; 110276.71363350845 ; 1.5850477028358987E8 ; 8.534808300988656E8 ; 338198.00000000006
1422 ; 31791.58979997722 ; 108930.39568459688 ; 1.585366163538246E8 ; 8.535911068124992E8 ; 338436.00000000006
1423 ; 31513.385196844487 ; 107586.13700910892 ; 1.5856840794362456E8 ; 8.537000372081838E8 ; 338674.00000000006
1424 ; 31519.215924414362 ; 106244.26689343802 ; 1.585999213288214E8 ; 8.538076233451929E8 ; 338912.00000000006
1425 ; 31363.78238253221 ; 104905.15906606532 ; 1.586314405447458E8 ; 8.539138676120863E8 ; 339150.00000000006
1426 ; 30865.38677100712 ; 103569.23997089583 ; 1.5866280432712832E8 ; 8.540187727711524E8 ; 339388.00000000006
1427 ; 30694.528937442203 ; 102236.99891289756 ; 1.586936697138993E8 ; 8.541223420111233E8 ; 339626.00000000006
1428 ; 30738.872516884254 ; 100909.00057419454 ; 1.5872436424283674E8 ; 8.542245790100362E8 ; 339864.00000000006
1429 ; 29985.78309926864 ; 99585.90055026727 ; 1.587551031153536E8 ; 8.543254880106105E8 ; 340102.00000000006
1430 ; 29909.718728165146 ; 98268.46475855232 ; 1.5878508889845288E8 ; 8.544250739111607E8 ; 340340.00000000006
1431 ; 29677.387452886716 ; 96957.59384401819 ; 1.5881499861718103E8 ; 8.545233423759192E8 ; 340578.00000000006
1432 ; 29459.74214487581 ; 95654.35407341135 ; 1.5884467600463393E8 ; 8.546202999697633E8 ; 340816.00000000006
1433 ; 29308.149895756138 ; 94360.0167056857 ; 1.5887413574677882E8 ; 8.547159543238367E8 ; 341054.00000000006
1434 ; 28957.008648340747 ; 93076.1084953954 ; 1.5890344389667457E8 ; 8.548103143405423E8 ; 341292.00000000006
1435 ; 29146.273328423686 ; 91804.47688493076 ; 1.589324009053229E8 ; 8.549033904490377E8 ; 341530.00000000006
1436 ; 29033.858383261057 ; 90547.37463637635 ; 1.5896154717865133E8 ; 8.549951949259226E8 ; 341768.00000000006
1437 ; 28245.296848079124 ; 89307.57020773625 ; 1.589905810370346E8 ; 8.55085742300559E8 ; 342006.00000000006
1438 ; 28211.128920595616 ; 88088.49211767163 ; 1.590188263338827E8 ; 8.551750498707668E8 ; 342244.00000000006
1439 ; 27832.953080616746 ; 86894.41777170933 ; 1.5904703746280327E8 ; 8.552631383628844E8 ; 342482.00000000006
