CSV File for the Network on Day 277
1 - Minute m 
2 - Power Consumed at minute m 
3 - Power Produced at minute m 
4 - Energy Consumed since the beginning of the day 
5 - Energy Produced since the beginning of the day 
6 - Energy Lost since the beginning of the day 
 
No Production city : 2, Producer : 1
No Production city : 4, Producer : 1
No Production city : 4, Producer : 1
 
0 ; 45238.368799021104 ; 188220.80327377023 ; 0.0 ; 0.0 ; 0.0
1 ; 46419.010613229206 ; 187877.36753489103 ; 45238.368799021104 ; 188220.80327377023 ; 238.00000000000003
2 ; 47875.48437232098 ; 187569.18854762876 ; 91657.3794122503 ; 376098.17080866126 ; 476.00000000000006
3 ; 49548.87967419034 ; 187296.55907565964 ; 139532.8637845713 ; 563667.35935629 ; 714.0000000000001
4 ; 50547.990694442284 ; 187059.74055045564 ; 189081.74345876163 ; 750963.9184319496 ; 952.0000000000001
5 ; 51697.02781339084 ; 186858.96194282416 ; 239629.7341532039 ; 938023.6589824052 ; 1190.0000000000002
6 ; 52806.24009998184 ; 186694.41876003414 ; 291326.7619665947 ; 1124882.6209252293 ; 1428.0000000000002
7 ; 54690.12609816696 ; 186566.27217873142 ; 344133.00206657656 ; 1311577.0396852633 ; 1666.0000000000002
8 ; 55336.84157772398 ; 186474.64832262116 ; 398823.12816474354 ; 1498143.3118639947 ; 1904.0000000000002
9 ; 56831.21765237464 ; 186419.6376925058 ; 454159.9697424675 ; 1684617.9601866158 ; 2142.0000000000005
10 ; 57820.66723841161 ; 186401.2947547386 ; 510991.18739484216 ; 1871037.5978791215 ; 2380.0000000000005
11 ; 59063.568043439715 ; 186419.6376925058 ; 568811.8546332538 ; 2057438.8926338602 ; 2618.0000000000005
12 ; 60164.48614316109 ; 186474.64832262116 ; 627875.4226766935 ; 2243858.530326366 ; 2856.0000000000005
13 ; 61290.9722426863 ; 186566.27217873142 ; 688039.9088198546 ; 2430333.1786489873 ; 3094.0000000000005
14 ; 62703.06094548952 ; 186694.41876003414 ; 749330.8810625409 ; 2616899.4508277187 ; 3332.0000000000005
15 ; 63614.39290990484 ; 186858.96194282416 ; 812033.9420080305 ; 2803593.869587753 ; 3570.0000000000005
16 ; 64446.71981749975 ; 187059.74055045564 ; 875648.3349179353 ; 2990452.831530577 ; 3808.0000000000005
17 ; 65963.18113542412 ; 187296.55907565958 ; 940095.054735435 ; 3177512.5720810327 ; 4046.0000000000005
18 ; 66604.31707283236 ; 187569.18854762884 ; 1006058.2358708591 ; 3364809.1311566923 ; 4284.000000000001
19 ; 67760.51726887384 ; 187877.36753489095 ; 1072662.5529436914 ; 3552378.319704321 ; 4522.000000000001
20 ; 68971.04316932289 ; 188220.8032737703 ; 1140423.0702125651 ; 3740255.687239212 ; 4760.000000000001
21 ; 70096.74066505602 ; 188599.17291119773 ; 1209394.113381888 ; 3928476.4905129825 ; 4998.000000000001
22 ; 70613.02940383561 ; 189012.1248497843 ; 1279490.854046944 ; 4117075.6634241804 ; 5236.000000000001
23 ; 72152.20950606481 ; 189459.280182437 ; 1350103.8834507796 ; 4306087.788273965 ; 5474.000000000001
24 ; 72606.16112993767 ; 189940.23420335955 ; 1422256.0929568445 ; 4495547.068456402 ; 5712.000000000001
25 ; 73686.51393317242 ; 190454.5579820552 ; 1494862.2540867822 ; 4685487.302659761 ; 5950.000000000001
26 ; 74881.63925982988 ; 191001.79998691689 ; 1568548.7680199547 ; 4875941.860641817 ; 6188.000000000001
27 ; 75868.41908612306 ; 191581.48774514635 ; 1643430.4072797846 ; 5066943.660628733 ; 6426.000000000001
28 ; 76786.16891583626 ; 192193.12952607108 ; 1719298.8263659077 ; 5258525.1483738795 ; 6664.000000000001
29 ; 78145.44447229638 ; 192836.21603541105 ; 1796084.9952817438 ; 5450718.277899951 ; 6902.000000000001
30 ; 78527.28472393636 ; 193510.2221086631 ; 1874230.4397540402 ; 5643554.4939353615 ; 7140.000000000001
31 ; 79627.42122681785 ; 194214.60839250436 ; 1952757.7244779766 ; 5837064.716044025 ; 7378.000000000001
32 ; 80678.09881361427 ; 194948.82300393956 ; 2032385.1457047944 ; 6031279.324436529 ; 7616.000000000001
33 ; 81197.04115134472 ; 195712.3031578112 ; 2113063.2445184086 ; 6226228.147440468 ; 7854.000000000001
34 ; 82017.09306291663 ; 196504.47675423816 ; 2194260.2856697533 ; 6421940.450598279 ; 8092.000000000001
35 ; 83004.86653218068 ; 197324.76391852408 ; 2276277.37873267 ; 6618444.927352517 ; 8330.000000000002
36 ; 83144.80914354669 ; 198172.5784870595 ; 2359282.2452648506 ; 6815769.691271041 ; 8568.000000000002
37 ; 84238.86621128189 ; 199047.32943372568 ; 2442427.054408397 ; 7013942.2697581 ; 8806.000000000002
38 ; 85353.92475424471 ; 199948.42223226462 ; 2526665.920619679 ; 7212989.599191826 ; 9044.000000000002
39 ; 85676.97940795828 ; 200875.26015100742 ; 2612019.845373924 ; 7412938.0214240905 ; 9282.000000000002
40 ; 86497.66137315823 ; 201827.24547723084 ; 2697696.824781882 ; 7613813.281575098 ; 9520.000000000002
41 ; 87538.23448027404 ; 202803.78066924363 ; 2784194.4861550406 ; 7815640.527052329 ; 9758.000000000002
42 ; 87801.42045265718 ; 203804.26943506746 ; 2871732.7206353145 ; 8018444.307721573 ; 9996.000000000002
43 ; 88732.50719819403 ; 204828.1177372854 ; 2959534.1410879716 ; 8222248.577156641 ; 10234.000000000002
44 ; 89595.80230065424 ; 205874.73472426113 ; 3048266.6482861657 ; 8427076.694893926 ; 10472.000000000002
45 ; 89921.4732092733 ; 206943.5335885049 ; 3137862.45058682 ; 8632951.429618187 ; 10710.000000000002
46 ; 90666.65248703425 ; 208033.93235345712 ; 3227783.923796093 ; 8839894.963206692 ; 10948.000000000002
47 ; 90826.75180503285 ; 209145.35459039273 ; 3318450.5762831275 ; 9047928.89556015 ; 11186.000000000002
48 ; 92230.41113961869 ; 210277.2300675175 ; 3409277.3280881606 ; 9257074.250150543 ; 11424.000000000002
49 ; 92622.29757481876 ; 211428.99533362954 ; 3501507.739227779 ; 9467351.48021806 ; 11662.000000000002
50 ; 93042.46997398837 ; 212600.09423896816 ; 3594130.036802598 ; 9678780.475551689 ; 11900.000000000002
51 ; 93696.75146706084 ; 213789.97839606338 ; 3687172.506776586 ; 9891380.569790658 ; 12138.000000000002
52 ; 94185.94546515992 ; 214998.10758354267 ; 3780869.258243647 ; 1.0105170548186721E7 ; 12376.000000000002
53 ; 94642.85721525972 ; 216223.9500959502 ; 3875055.203708807 ; 1.0320168655770265E7 ; 12614.000000000002
54 ; 94894.23089725297 ; 217466.98304269114 ; 3969698.0609240667 ; 1.0536392605866214E7 ; 12852.000000000002
55 ; 96072.20151000057 ; 218726.69259923534 ; 4064592.2918213196 ; 1.0753859588908905E7 ; 13090.000000000002
56 ; 96150.13648565978 ; 220002.5742137078 ; 4160664.49333132 ; 1.097258628150814E7 ; 13328.000000000002
57 ; 96874.54504933304 ; 221294.1327719539 ; 4256814.62981698 ; 1.1192588855721848E7 ; 13566.000000000002
58 ; 96880.22127476781 ; 222600.8827241117 ; 4353689.174866313 ; 1.1413882988493802E7 ; 13804.000000000002
59 ; 97632.49595358224 ; 223922.34817564435 ; 4450569.396141081 ; 1.1636483871217914E7 ; 14042.000000000002
60 ; 97490.80318835349 ; 225258.06294569172 ; 4548201.892094663 ; 1.1860406219393559E7 ; 14280.000000000002
61 ; 98304.16286898433 ; 226607.57059549427 ; 4645692.695283017 ; 1.208566428233925E7 ; 14518.000000000002
62 ; 98711.09262099453 ; 227970.42442952725 ; 4743996.858152001 ; 1.2312271852934744E7 ; 14756.000000000002
63 ; 99252.03845351867 ; 229346.18747185942 ; 4842707.950772996 ; 1.254024227736427E7 ; 14994.000000000002
64 ; 99591.39343360064 ; 230734.43242012305 ; 4941959.9892265145 ; 1.276958846483613E7 ; 15232.000000000002
65 ; 99937.38051838065 ; 232134.74157935206 ; 5041551.382660115 ; 1.3000322897256253E7 ; 15470.000000000002
66 ; 100146.40840201975 ; 233546.70677781178 ; 5141488.763178496 ; 1.3232457638835605E7 ; 15708.000000000002
67 ; 100570.14907981236 ; 234969.92926681455 ; 5241635.171580516 ; 1.3466004345613416E7 ; 15946.000000000002
68 ; 100880.4679851348 ; 236404.0196063838 ; 5342205.3206603285 ; 1.370097427488023E7 ; 16184.000000000002
69 ; 100593.54229586637 ; 237848.5975385021 ; 5443085.788645463 ; 1.3937378294486614E7 ; 16422.000000000004
70 ; 101275.57495466998 ; 239303.29184955664 ; 5543679.33094133 ; 1.4175226892025117E7 ; 16660.000000000004
71 ; 101354.38298964949 ; 240767.74022347212 ; 5644954.905896 ; 1.4414530183874674E7 ; 16898.000000000004
72 ; 102156.09544752198 ; 242241.58908691016 ; 5746309.288885649 ; 1.4655297924098147E7 ; 17136.000000000004
73 ; 101658.92425648797 ; 243724.49344779982 ; 5848465.384333171 ; 1.4897539513185058E7 ; 17374.000000000004
74 ; 102149.94867830141 ; 245216.11672836286 ; 5950124.308589659 ; 1.5141264006632857E7 ; 17612.000000000004
75 ; 102227.70189503577 ; 246716.13059369315 ; 6052274.25726796 ; 1.538648012336122E7 ; 17850.000000000004
76 ; 102424.2367830728 ; 248224.21477686064 ; 6154501.959162996 ; 1.5633196253954913E7 ; 18088.000000000004
77 ; 102916.72125137664 ; 249740.05690141665 ; 6256926.1959460685 ; 1.5881420468731774E7 ; 18326.000000000004
78 ; 102903.04710956053 ; 251263.35230209903 ; 6359842.917197445 ; 1.613116052563319E7 ; 18564.000000000004
79 ; 103197.25252612469 ; 252793.8038444522 ; 6462745.9643070055 ; 1.6382423877935288E7 ; 18802.000000000004
80 ; 102992.68284310133 ; 254331.1217440119 ; 6565943.21683313 ; 1.663521768177974E7 ; 19040.000000000004
81 ; 103264.81066738517 ; 255875.0233856289 ; 6668935.899676232 ; 1.6889548803523753E7 ; 19278.000000000004
82 ; 102982.43160181466 ; 257425.23314345084 ; 6772200.710343617 ; 1.7145423826909382E7 ; 19516.000000000004
83 ; 103409.5565989473 ; 258981.48220201797 ; 6875183.141945432 ; 1.7402849060052834E7 ; 19754.000000000004
84 ; 103301.0827884443 ; 260543.5083788792 ; 6978592.698544379 ; 1.7661830542254854E7 ; 19992.000000000004
85 ; 103380.14003112978 ; 262111.05594908216 ; 7081893.781332823 ; 1.7922374050633732E7 ; 20230.000000000004
86 ; 103386.75030188773 ; 263683.87547185 ; 7185273.9213639535 ; 1.8184485106582813E7 ; 20468.000000000004
87 ; 103523.08975943168 ; 265261.72361971217 ; 7288660.671665841 ; 1.8448168982054662E7 ; 20706.000000000004
88 ; 103552.4719316601 ; 266844.3630103217 ; 7392183.761425273 ; 1.8713430705674373E7 ; 20944.000000000004
89 ; 103038.18389217166 ; 268431.56204115646 ; 7495736.233356933 ; 1.8980275068684693E7 ; 21182.000000000004
90 ; 103049.9016617944 ; 270023.0947272693 ; 7598774.417249105 ; 1.924870663072585E7 ; 21420.000000000004
91 ; 103124.94353428013 ; 271618.7405422247 ; 7701824.3189109 ; 1.951872972545312E7 ; 21658.000000000004
92 ; 103084.39946569988 ; 273218.2842623353 ; 7804949.26244518 ; 1.9790348465995345E7 ; 21896.000000000004
93 ; 102758.1023441916 ; 274821.51581428346 ; 7908033.661910879 ; 2.0063566750257682E7 ; 22134.000000000004
94 ; 102933.02991301085 ; 276428.23012620053 ; 8010791.764255071 ; 2.0338388266071964E7 ; 22372.000000000004
95 ; 102870.23299749674 ; 278038.226982248 ; 8113724.794168082 ; 2.0614816496198166E7 ; 22610.000000000004
96 ; 102539.23328112613 ; 279651.31088073563 ; 8216595.027165579 ; 2.0892854723180413E7 ; 22848.000000000004
97 ; 103020.73071485877 ; 281267.29089579347 ; 8319134.260446705 ; 2.117250603406115E7 ; 23086.000000000004
98 ; 102111.90876634505 ; 282885.9805426011 ; 8422154.991161564 ; 2.1453773324956942E7 ; 23324.000000000004
99 ; 102030.87764504924 ; 284507.1976461661 ; 8524266.899927909 ; 2.1736659305499543E7 ; 23562.000000000004
100 ; 101804.22061563708 ; 286130.7642136352 ; 8626297.777572958 ; 2.202116650314571E7 ; 23800.000000000004
101 ; 101864.01564916121 ; 287756.50631010893 ; 8728101.998188594 ; 2.2307297267359346E7 ; 24038.000000000004
102 ; 101366.35885724769 ; 289384.25393792515 ; 8829966.013837755 ; 2.2595053773669455E7 ; 24276.000000000004
103 ; 101205.92767538343 ; 291013.8409193699 ; 8931332.372695003 ; 2.288443802760738E7 ; 24514.000000000004
104 ; 100596.84840509351 ; 292645.10478276614 ; 9032538.300370386 ; 2.3175451868526753E7 ; 24752.000000000004
105 ; 100401.93676922853 ; 294277.8866518884 ; 9133135.148775479 ; 2.346809697330952E7 ; 24990.000000000004
106 ; 100264.33956028133 ; 295912.03113864467 ; 9233537.085544707 ; 2.376237485996141E7 ; 25228.000000000004
107 ; 99903.29110060656 ; 297547.3862389652 ; 9333801.425104989 ; 2.4058286891100053E7 ; 25466.000000000004
108 ; 99265.09413323621 ; 299183.8032318329 ; 9433704.716205595 ; 2.435583427733902E7 ; 25704.000000000004
109 ; 98883.89235115203 ; 300821.1365813905 ; 9532969.81033883 ; 2.465501808057085E7 ; 25942.000000000004
110 ; 98778.74157641456 ; 302459.2438420532 ; 9631853.702689983 ; 2.495583921715224E7 ; 26180.000000000004
111 ; 98380.90724795037 ; 304097.98556655983 ; 9730632.444266398 ; 2.5258298460994296E7 ; 26418.000000000004
112 ; 98081.60450657475 ; 305737.22521688987 ; 9829013.351514349 ; 2.5562396446560856E7 ; 26656.000000000004
113 ; 97537.15250666035 ; 307376.8290779742 ; 9927094.956020923 ; 2.5868133671777748E7 ; 26894.000000000004
114 ; 97640.18519652254 ; 309016.666174129 ; 1.0024632108527584E7 ; 2.617551050085572E7 ; 27132.000000000004
115 ; 96595.19407180932 ; 310656.6081881395 ; 1.0122272293724107E7 ; 2.648452716702985E7 ; 27370.000000000004
116 ; 96036.29615805432 ; 312296.52938292234 ; 1.0218867487795915E7 ; 2.679518377521799E7 ; 27608.000000000004
117 ; 95825.27192132507 ; 313936.3065256943 ; 1.031490378395397E7 ; 2.7107480304600913E7 ; 27846.000000000004
118 ; 95056.67996782254 ; 315575.818814578 ; 1.0410729055875296E7 ; 2.742141661112661E7 ; 28084.000000000004
119 ; 95441.43837626421 ; 317214.94780757115 ; 1.0505785735843118E7 ; 2.773699242994119E7 ; 28322.000000000004
120 ; 94102.99622858904 ; 318853.5773538151 ; 1.0601227174219383E7 ; 2.805420737774876E7 ; 28560.000000000004
121 ; 93928.6366343653 ; 320491.59352708864 ; 1.0695330170447972E7 ; 2.8373060955102578E7 ; 28798.000000000004
122 ; 93244.25943336588 ; 322128.88456146524 ; 1.0789258807082336E7 ; 2.8693552548629668E7 ; 29036.000000000004
123 ; 92800.72811067189 ; 323765.34078906383 ; 1.0882503066515703E7 ; 2.901568143319113E7 ; 29274.000000000004
124 ; 92834.79148475215 ; 325400.8545798311 ; 1.0975303794626374E7 ; 2.9339446773980197E7 ; 29512.000000000004
125 ; 91549.37369771869 ; 327035.32028329046 ; 1.1068138586111126E7 ; 2.966484762856003E7 ; 29750.000000000004
126 ; 91403.9267314598 ; 328668.63417219673 ; 1.1159687959808845E7 ; 2.999188294884332E7 ; 29988.000000000004
127 ; 90210.80411178064 ; 330300.6943880358 ; 1.1251091886540305E7 ; 3.0320551583015516E7 ; 30226.000000000004
128 ; 89523.03821525969 ; 331931.4008883104 ; 1.1341302690652085E7 ; 3.0650852277403552E7 ; 30464.000000000004
129 ; 88965.41262889732 ; 333560.65539555403 ; 1.1430825728867345E7 ; 3.098278367829186E7 ; 30702.000000000004
130 ; 88256.59561324082 ; 335188.3613480178 ; 1.1519791141496241E7 ; 3.1316344333687413E7 ; 30940.000000000004
131 ; 87633.74119922952 ; 336814.42385197594 ; 1.1608047737109482E7 ; 3.165153269503543E7 ; 31178.000000000004
132 ; 87006.59641738838 ; 338438.74963559466 ; 1.1695681478308711E7 ; 3.1988347118887406E7 ; 31416.000000000004
133 ; 86188.9890298333 ; 340061.2470043169 ; 1.17826880747261E7 ; 3.2326785868523E7 ; 31654.000000000004
134 ; 85637.82150156665 ; 341681.8257977081 ; 1.1868877063755933E7 ; 3.2666847115527317E7 ; 31892.000000000004
135 ; 84817.19479915273 ; 343300.3973477199 ; 1.19545148852575E7 ; 3.3008528941325024E7 ; 32130.000000000004
136 ; 84217.86367334443 ; 344916.8744383188 ; 1.2039332080056652E7 ; 3.3351829338672742E7 ; 32368.000000000004
137 ; 83360.07123748199 ; 346531.171266439 ; 1.2123549943729997E7 ; 3.369674621311106E7 ; 32606.000000000004
138 ; 82745.35546138999 ; 348143.2034042125 ; 1.2206910014967479E7 ; 3.4043277384377494E7 ; 32844.00000000001
139 ; 81635.63741378282 ; 349752.8877624343 ; 1.228965537042887E7 ; 3.4391420587781705E7 ; 33082.00000000001
140 ; 80740.08630614611 ; 351360.14255522087 ; 1.2371291007842652E7 ; 3.474117347554414E7 ; 33320.00000000001
141 ; 79863.90100188734 ; 352964.8872658224 ; 1.2452031094148798E7 ; 3.509253361809936E7 ; 33558.00000000001
142 ; 79325.04600856533 ; 354567.04261354834 ; 1.2531894995150685E7 ; 3.5445498505365185E7 ; 33796.00000000001
143 ; 78030.68391095611 ; 356166.5305217713 ; 1.261122004115925E7 ; 3.580006554797874E7 ; 34034.00000000001
144 ; 77330.09253081724 ; 357763.2740869692 ; 1.2689250725070206E7 ; 3.615623207850051E7 ; 34272.00000000001
145 ; 77279.22877532434 ; 359357.1975487737 ; 1.2766580817601023E7 ; 3.651399535258748E7 ; 34510.00000000001
146 ; 76880.75894802374 ; 360948.22626098944 ; 1.2843860046376348E7 ; 3.687335255013625E7 ; 34748.00000000001
147 ; 77009.02987639762 ; 362536.28666355053 ; 1.2920740805324372E7 ; 3.723430077639724E7 ; 34986.00000000001
148 ; 76878.84501159126 ; 364121.306255384 ; 1.299774983520077E7 ; 3.759683706306079E7 ; 35224.00000000001
149 ; 76742.65897325649 ; 365703.21356814855 ; 1.3074628680212362E7 ; 3.7960958369316176E7 ; 35462.00000000001
150 ; 75849.98590305728 ; 367281.9381408186 ; 1.3151371339185618E7 ; 3.832666158288433E7 ; 35700.00000000001
151 ; 75770.92021621848 ; 368857.41049508564 ; 1.3227221325088676E7 ; 3.869394352102514E7 ; 35938.00000000001
152 ; 75792.20416198659 ; 370429.5621115498 ; 1.3302992245304894E7 ; 3.906280093152023E7 ; 36176.00000000001
153 ; 75354.20488322698 ; 371998.32540667185 ; 1.337878444946688E7 ; 3.943323049363178E7 ; 36414.00000000001
154 ; 74741.3990694269 ; 373563.6337104648 ; 1.3454138654350108E7 ; 3.980522881903845E7 ; 36652.00000000001
155 ; 74886.59377995337 ; 375125.42124489497 ; 1.3528880053419534E7 ; 4.017879245274892E7 ; 36890.00000000001
156 ; 75001.68494395635 ; 376683.6231029723 ; 1.3603766647199487E7 ; 4.0553917873993814E7 ; 37128.00000000001
157 ; 74801.59682902871 ; 378238.1752285046 ; 1.3678768332143445E7 ; 4.0930601497096784E7 ; 37366.00000000001
158 ; 74488.69645144962 ; 379789.0143964937 ; 1.3753569928972473E7 ; 4.130883967232529E7 ; 37604.00000000001
159 ; 74026.9623141106 ; 381336.07819415303 ; 1.3828058625423923E7 ; 4.168862868672179E7 ; 37842.00000000001
160 ; 73538.85675905962 ; 382879.3050025238 ; 1.3902085587738033E7 ; 4.206996476491594E7 ; 38080.00000000001
161 ; 72802.96060275582 ; 384418.6339786713 ; 1.3975624444497094E7 ; 4.245284406991847E7 ; 38318.00000000001
162 ; 73000.03418865456 ; 385954.0050384406 ; 1.404842740509985E7 ; 4.283726270389714E7 ; 38556.00000000001
163 ; 73135.04265469375 ; 387485.3588397539 ; 1.4121427439288504E7 ; 4.322321670893558E7 ; 38794.00000000001
164 ; 72160.67029046793 ; 389012.63676643104 ; 1.4194562481943198E7 ; 4.361070206777533E7 ; 39032.00000000001
165 ; 71876.91720135114 ; 390535.78091251524 ; 1.4266723152233666E7 ; 4.3999714704541765E7 ; 39270.00000000001
166 ; 71949.49327457944 ; 392054.7340670882 ; 1.4338600069435017E7 ; 4.439025048545428E7 ; 39508.00000000001
167 ; 71295.56270975774 ; 393569.43969955714 ; 1.4410549562709596E7 ; 4.478230521952137E7 ; 39746.00000000001
168 ; 71469.39825020228 ; 395079.8419453987 ; 1.4481845125419354E7 ; 4.5175874659220934E7 ; 39984.00000000001
169 ; 71143.7635672574 ; 396585.8855923447 ; 1.4553314523669556E7 ; 4.5570954501166336E7 ; 40222.00000000001
170 ; 70383.1993849359 ; 398087.5160669951 ; 1.4624458287236813E7 ; 4.596754038675868E7 ; 40460.00000000001
171 ; 70274.36797884144 ; 399584.6794218436 ; 1.4694841486621749E7 ; 4.6365627902825676E7 ; 40698.00000000001
172 ; 69852.04825252772 ; 401077.32232270227 ; 1.476511585460059E7 ; 4.676521258224752E7 ; 40936.00000000001
173 ; 69392.83414790497 ; 402565.3920365126 ; 1.4834967902853118E7 ; 4.716628990457022E7 ; 41174.00000000001
174 ; 69826.86360236717 ; 404048.8364195308 ; 1.4904360737001022E7 ; 4.7568855296606734E7 ; 41412.00000000001
175 ; 69639.75526410749 ; 405527.6039058727 ; 1.4974187600603389E7 ; 4.7972904133026265E7 ; 41650.00000000001
176 ; 69670.31808502018 ; 407001.64349640976 ; 1.5043827355867496E7 ; 4.8378431736932136E7 ; 41888.00000000001
177 ; 70451.35595964632 ; 408470.9047480016 ; 1.5113497673952516E7 ; 4.8785433380428545E7 ; 42126.00000000001
178 ; 69891.64163320791 ; 409935.3377630573 ; 1.5183949029912163E7 ; 4.9193904285176545E7 ; 42364.00000000001
179 ; 70285.01208625373 ; 411394.8931794114 ; 1.5253840671545371E7 ; 4.96038396229396E7 ; 42602.00000000001
180 ; 70524.0831737166 ; 412849.5221605074 ; 1.5324125683631625E7 ; 5.001523451611901E7 ; 42840.00000000001
181 ; 70457.28916307149 ; 414299.1763858764 ; 1.5394649766805341E7 ; 5.042808403827952E7 ; 43078.00000000001
182 ; 71030.49946669742 ; 415743.8080419034 ; 1.5465107055968413E7 ; 5.08423832146654E7 ; 43316.00000000001
183 ; 71175.24692812696 ; 417183.36981287133 ; 1.553613755543511E7 ; 5.12581270227073E7 ; 43554.00000000001
184 ; 71073.88320493768 ; 418617.8148722716 ; 1.5607312802363237E7 ; 5.167531039252017E7 ; 43792.00000000001
185 ; 71130.06807504567 ; 420047.0968743779 ; 1.5678386685568174E7 ; 5.209392820739244E7 ; 44030.00000000001
186 ; 71404.03503045878 ; 421471.1699460689 ; 1.574951675364322E7 ; 5.251397530426682E7 ; 44268.00000000001
187 ; 71530.2365234081 ; 422889.9886788961 ; 1.5820920788673678E7 ; 5.2935446474212885E7 ; 44506.00000000001
188 ; 71565.33939282596 ; 424303.508121387 ; 1.5892451025197087E7 ; 5.335833646289178E7 ; 44744.00000000001
189 ; 71617.79125436003 ; 425711.68377157743 ; 1.5964016364589913E7 ; 5.3782639971013166E7 ; 44982.00000000001
190 ; 71194.51295448787 ; 427114.4715697641 ; 1.6035634155844273E7 ; 5.420835165478475E7 ; 45220.00000000001
191 ; 72092.70798437038 ; 428511.8278914726 ; 1.6106828668798761E7 ; 5.463546612635451E7 ; 45458.00000000001
192 ; 72158.83804303789 ; 429903.7095406321 ; 1.6178921376783133E7 ; 5.506397795424598E7 ; 45696.00000000001
193 ; 72461.37284782212 ; 431290.07374295103 ; 1.625108021482617E7 ; 5.549388166378661E7 ; 45934.00000000001
194 ; 72446.06957023725 ; 432670.8781394883 ; 1.6323541587673992E7 ; 5.592517173752956E7 ; 46172.00000000001
195 ; 71944.53475904663 ; 434046.0807804122 ; 1.639598765724423E7 ; 5.635784261566905E7 ; 46410.00000000001
196 ; 72634.94015627168 ; 435415.64011894295 ; 1.6467932192003276E7 ; 5.679188869644946E7 ; 46648.00000000001
197 ; 72663.09373589906 ; 436779.51500547153 ; 1.6540567132159548E7 ; 5.72273043365684E7 ; 46886.00000000001
198 ; 73204.9865697828 ; 438137.6646818508 ; 1.6613230225895448E7 ; 5.766408385157387E7 ; 47124.00000000001
199 ; 72719.8086793205 ; 439490.04877585266 ; 1.668643521246523E7 ; 5.810222151625572E7 ; 47362.00000000001
200 ; 72876.72688701948 ; 440836.62729578617 ; 1.675915502114455E7 ; 5.854171156503157E7 ; 47600.00000000001
201 ; 73453.49004717541 ; 442177.36062527273 ; 1.683203174803157E7 ; 5.898254819232736E7 ; 47838.00000000001
202 ; 73451.6523696337 ; 443512.2095181714 ; 1.6905485238078747E7 ; 5.942472555295263E7 ; 48076.00000000001
203 ; 73672.13910840415 ; 444841.1350936522 ; 1.697893689044838E7 ; 5.9868237762470804E7 ; 48314.00000000001
204 ; 73791.24311364305 ; 446164.09883141133 ; 1.7052609029556785E7 ; 6.0313078897564456E7 ; 48552.00000000001
205 ; 74318.78863410832 ; 447481.06256702426 ; 1.712640027267043E7 ; 6.075924299639586E7 ; 48790.00000000001
206 ; 74185.90850067794 ; 448791.98848743294 ; 1.7200719061304536E7 ; 6.120672405896289E7 ; 49028.00000000001
207 ; 73809.38358297368 ; 450096.8391265619 ; 1.7274904969805215E7 ; 6.165551604745032E7 ; 49266.00000000001
208 ; 74364.51840324221 ; 451395.57736106217 ; 1.7348714353388187E7 ; 6.210561288657688E7 ; 49504.00000000001
209 ; 74603.5967494512 ; 452688.16640617454 ; 1.742307887179143E7 ; 6.2557008463937946E7 ; 49742.00000000001
210 ; 74537.84749659096 ; 453974.56981171377 ; 1.749768246854088E7 ; 6.300969663034412E7 ; 49980.00000000001
211 ; 74554.50296660389 ; 455254.75145816605 ; 1.7572220316037472E7 ; 6.346367120015584E7 ; 50218.00000000001
212 ; 75047.4914081698 ; 456528.6755528982 ; 1.7646774819004077E7 ; 6.391892595161401E7 ; 50456.00000000001
213 ; 75136.63939209643 ; 457796.3066264753 ; 1.7721822310412247E7 ; 6.4375454627166905E7 ; 50694.00000000001
214 ; 75183.90055648002 ; 459057.609529083 ; 1.7796958949804343E7 ; 6.483325093379338E7 ; 50932.00000000001
215 ; 74929.12529107931 ; 460312.54942705145 ; 1.7872142850360822E7 ; 6.529230854332247E7 ; 51170.00000000001
216 ; 75010.84352379495 ; 461561.09179947793 ; 1.79470719756519E7 ; 6.575262109274952E7 ; 51408.00000000001
217 ; 75407.23540636018 ; 462803.2024349456 ; 1.8022082819175698E7 ; 6.6214182184549E7 ; 51646.00000000001
218 ; 75329.40306081995 ; 464038.8474283356 ; 1.809749005458206E7 ; 6.667698538698394E7 ; 51884.00000000001
219 ; 76116.75547919971 ; 465267.9931777277 ; 1.817281945764288E7 ; 6.714102423441227E7 ; 52122.00000000001
220 ; 75530.31915262002 ; 466216.44390373817 ; 1.8248936213122077E7 ; 6.760629222759E7 ; 52360.00000000001
221 ; 76130.47137194895 ; 466216.44390373817 ; 1.8324466532274697E7 ; 6.807250867149374E7 ; 52598.00000000001
222 ; 76318.81316917634 ; 466216.44390373817 ; 1.8400597003646646E7 ; 6.853872511539748E7 ; 52836.00000000001
223 ; 76167.29422967289 ; 466216.44390373817 ; 1.8476915816815823E7 ; 6.900494155930123E7 ; 53074.00000000001
224 ; 76412.71619648565 ; 466216.44390373817 ; 1.8553083111045495E7 ; 6.947115800320497E7 ; 53312.00000000001
225 ; 76491.23715957518 ; 466216.44390373817 ; 1.862949582724198E7 ; 6.993737444710872E7 ; 53550.00000000001
226 ; 76506.72407694274 ; 466216.44390373817 ; 1.8705987064401556E7 ; 7.040359089101246E7 ; 53788.00000000001
227 ; 76752.01775921276 ; 466216.44390373817 ; 1.8782493788478497E7 ; 7.08698073349162E7 ; 54026.00000000001
228 ; 77870.4367764969 ; 466216.44390373817 ; 1.885924580623771E7 ; 7.133602377881995E7 ; 54264.00000000001
229 ; 77152.66682167188 ; 466216.44390373817 ; 1.8937116243014205E7 ; 7.18022402227237E7 ; 54502.00000000001
230 ; 77274.80323966847 ; 466216.44390373817 ; 1.901426890983588E7 ; 7.226845666662744E7 ; 54740.00000000001
231 ; 77739.94936932558 ; 466216.44390373817 ; 1.909154371307555E7 ; 7.273467311053118E7 ; 54978.00000000001
232 ; 77567.71059567638 ; 466216.44390373817 ; 1.9169283662444875E7 ; 7.320088955443493E7 ; 55216.00000000001
233 ; 77908.05491071637 ; 466216.44390373817 ; 1.924685137304055E7 ; 7.366710599833867E7 ; 55454.00000000001
234 ; 77694.70690723482 ; 466216.44390373817 ; 1.9324759427951265E7 ; 7.413332244224241E7 ; 55692.00000000001
235 ; 77589.82609203743 ; 466216.44390373817 ; 1.94024541348585E7 ; 7.459953888614616E7 ; 55930.00000000001
236 ; 78365.91866114839 ; 466216.44390373817 ; 1.948004396095054E7 ; 7.50657553300499E7 ; 56168.00000000001
237 ; 78503.49070662187 ; 466216.44390373817 ; 1.9558409879611686E7 ; 7.553197177395365E7 ; 56406.00000000001
238 ; 78752.6451435831 ; 466216.44390373817 ; 1.963691337031831E7 ; 7.599818821785739E7 ; 56644.00000000001
239 ; 78399.93132194749 ; 466216.44390373817 ; 1.9715666015461892E7 ; 7.646440466176113E7 ; 56882.00000000001
240 ; 78888.13666214286 ; 466216.44390373817 ; 1.979406594678384E7 ; 7.693062110566488E7 ; 57120.00000000001
241 ; 79724.27446322725 ; 466216.44390373817 ; 1.9872954083445985E7 ; 7.739683754956862E7 ; 57358.00000000001
242 ; 80102.86240664829 ; 466216.44390373817 ; 1.9952678357909214E7 ; 7.786305399347237E7 ; 57596.00000000001
243 ; 81591.23790151878 ; 466216.44390373817 ; 2.0032781220315862E7 ; 7.832927043737611E7 ; 57834.00000000001
244 ; 82252.3812605847 ; 466216.44390373817 ; 2.0114372458217382E7 ; 7.879548688127986E7 ; 58072.00000000001
245 ; 83339.6315889585 ; 466216.44390373817 ; 2.0196624839477967E7 ; 7.92617033251836E7 ; 58310.00000000001
246 ; 83788.35568775833 ; 466216.44390373817 ; 2.0279964471066926E7 ; 7.972791976908734E7 ; 58548.00000000001
247 ; 84471.14980253873 ; 466216.44390373817 ; 2.0363752826754685E7 ; 8.019413621299109E7 ; 58786.00000000001
248 ; 85527.30501141536 ; 466216.44390373817 ; 2.0448223976557225E7 ; 8.066035265689483E7 ; 59024.00000000001
249 ; 85840.11588127702 ; 466216.44390373817 ; 2.053375128156864E7 ; 8.112656910079858E7 ; 59262.00000000001
250 ; 86983.22836466035 ; 466216.44390373817 ; 2.0619591397449914E7 ; 8.159278554470232E7 ; 59500.00000000001
251 ; 87240.55954237746 ; 466216.44390373817 ; 2.0706574625814576E7 ; 8.205900198860607E7 ; 59738.00000000001
252 ; 88567.26073813962 ; 466216.44390373817 ; 2.0793815185356952E7 ; 8.252521843250981E7 ; 59976.00000000001
253 ; 89091.00514062039 ; 466216.44390373817 ; 2.088238244609509E7 ; 8.299143487641355E7 ; 60214.00000000001
254 ; 89888.7664311903 ; 466216.44390373817 ; 2.097147345123571E7 ; 8.34576513203173E7 ; 60452.00000000001
255 ; 90326.47040019915 ; 466216.44390373817 ; 2.10613622176669E7 ; 8.392386776422104E7 ; 60690.00000000001
256 ; 91088.90614831925 ; 466216.44390373817 ; 2.11516886880671E7 ; 8.439008420812479E7 ; 60928.00000000001
257 ; 91867.30866156443 ; 466216.44390373817 ; 2.124277759421542E7 ; 8.485630065202853E7 ; 61166.00000000001
258 ; 92610.39825441815 ; 466216.44390373817 ; 2.1334644902876984E7 ; 8.532251709593228E7 ; 61404.00000000001
259 ; 93294.66782705147 ; 466216.44390373817 ; 2.14272553011314E7 ; 8.578873353983602E7 ; 61642.00000000001
260 ; 94035.2746543804 ; 466216.44390373817 ; 2.1520549968958452E7 ; 8.625494998373976E7 ; 61880.00000000001
261 ; 94353.00919356916 ; 466216.44390373817 ; 2.1614585243612833E7 ; 8.672116642764351E7 ; 62118.00000000001
262 ; 94731.03432118746 ; 466216.44390373817 ; 2.1708938252806403E7 ; 8.718738287154725E7 ; 62356.00000000001
263 ; 95555.78789490933 ; 466216.44390373817 ; 2.180366928712759E7 ; 8.7653599315451E7 ; 62594.00000000001
264 ; 96249.09506951916 ; 466216.44390373817 ; 2.18992250750225E7 ; 8.811981575935474E7 ; 62832.00000000001
265 ; 96732.60691080292 ; 466216.44390373817 ; 2.199547417009202E7 ; 8.858603220325848E7 ; 63070.00000000001
266 ; 97757.22100407102 ; 466216.44390373817 ; 2.2092206777002823E7 ; 8.905224864716223E7 ; 63308.00000000001
267 ; 97816.73435013586 ; 466216.44390373817 ; 2.2189963998006895E7 ; 8.951846509106597E7 ; 63546.00000000001
268 ; 98832.32764331604 ; 466216.44390373817 ; 2.2287780732357033E7 ; 8.998468153496972E7 ; 63784.00000000001
269 ; 99577.88270899699 ; 466216.44390373817 ; 2.238661306000035E7 ; 9.045089797887346E7 ; 64022.00000000001
270 ; 99746.17720030795 ; 466216.44390373817 ; 2.2486190942709345E7 ; 9.09171144227772E7 ; 64260.00000000001
271 ; 100734.52462417261 ; 466216.44390373817 ; 2.258593711990965E7 ; 9.138333086668095E7 ; 64498.00000000001
272 ; 100969.58136897116 ; 466216.44390373817 ; 2.2686671644533824E7 ; 9.18495473105847E7 ; 64736.00000000001
273 ; 101450.86517014496 ; 466216.44390373817 ; 2.2787641225902796E7 ; 9.231576375448844E7 ; 64974.00000000001
274 ; 102282.57903109385 ; 466216.44390373817 ; 2.288909209107294E7 ; 9.278198019839218E7 ; 65212.00000000001
275 ; 102130.21654096084 ; 466216.44390373817 ; 2.2991374670104034E7 ; 9.324819664229593E7 ; 65450.00000000001
276 ; 103334.12252784042 ; 466216.44390373817 ; 2.3093504886644997E7 ; 9.371441308619967E7 ; 65688.00000000001
277 ; 103698.88027742569 ; 466216.44390373817 ; 2.319683900917284E7 ; 9.418062953010342E7 ; 65926.00000000001
278 ; 103990.11077337895 ; 466216.44390373817 ; 2.3300537889450263E7 ; 9.464684597400716E7 ; 66164.00000000001
279 ; 104538.71384140062 ; 466216.44390373817 ; 2.340452800022364E7 ; 9.51130624179109E7 ; 66402.00000000001
280 ; 104821.34617188279 ; 466216.44390373817 ; 2.350906671406504E7 ; 9.557927886181465E7 ; 66640.00000000001
281 ; 105098.09391973988 ; 466216.44390373817 ; 2.3613888060236923E7 ; 9.604549530571839E7 ; 66878.00000000001
282 ; 106052.6764507047 ; 466216.44390373817 ; 2.3718986154156663E7 ; 9.651171174962214E7 ; 67116.00000000001
283 ; 106012.4609066602 ; 466216.44390373817 ; 2.3825038830607366E7 ; 9.697792819352588E7 ; 67354.00000000001
284 ; 107078.02360073882 ; 466216.44390373817 ; 2.3931051291514028E7 ; 9.744414463742962E7 ; 67592.00000000001
285 ; 107439.52776618539 ; 466216.44390373817 ; 2.4038129315114766E7 ; 9.791036108133337E7 ; 67830.00000000001
286 ; 107820.16969691392 ; 466216.44390373817 ; 2.4145568842880953E7 ; 9.837657752523711E7 ; 68068.00000000001
287 ; 107374.33729356337 ; 466216.44390373817 ; 2.4253389012577865E7 ; 9.884279396914086E7 ; 68306.00000000001
288 ; 107924.90334604657 ; 466216.44390373817 ; 2.4360763349871427E7 ; 9.93090104130446E7 ; 68544.00000000001
289 ; 109321.80279240606 ; 466216.44390373817 ; 2.4468688253217474E7 ; 9.977522685694835E7 ; 68782.00000000001
290 ; 109941.10349939518 ; 466216.44390373817 ; 2.457801005600988E7 ; 1.0024144330085209E8 ; 69020.00000000001
291 ; 111021.745043658 ; 466216.44390373817 ; 2.4687951159509275E7 ; 1.0070765974475583E8 ; 69258.00000000001
292 ; 111533.95320903757 ; 466216.44390373817 ; 2.4798972904552933E7 ; 1.0117387618865958E8 ; 69496.00000000001
293 ; 112888.04741336987 ; 466216.44390373817 ; 2.491050685776197E7 ; 1.0164009263256332E8 ; 69734.00000000001
294 ; 113304.63222562554 ; 466216.44390373817 ; 2.5023394905175343E7 ; 1.0210630907646707E8 ; 69972.00000000001
295 ; 113900.51088385847 ; 466216.44390373817 ; 2.513669953740097E7 ; 1.0257252552037081E8 ; 70210.00000000001
296 ; 114101.78161500343 ; 466216.44390373817 ; 2.525060004828483E7 ; 1.0303874196427456E8 ; 70448.00000000001
297 ; 115181.53547620727 ; 466216.44390373817 ; 2.5364701829899833E7 ; 1.035049584081783E8 ; 70686.00000000001
298 ; 116267.0550118841 ; 466216.44390373817 ; 2.547988336537604E7 ; 1.0397117485208204E8 ; 70924.00000000001
299 ; 117170.99291145419 ; 466216.44390373817 ; 2.5596150420387924E7 ; 1.0443739129598579E8 ; 71162.00000000001
300 ; 117310.90679943288 ; 466216.44390373817 ; 2.5713321413299378E7 ; 1.0490360773988953E8 ; 71400.00000000001
301 ; 118387.17893137039 ; 466216.44390373817 ; 2.583063232009881E7 ; 1.0536982418379328E8 ; 71638.00000000001
302 ; 118948.69201839811 ; 466216.44390373817 ; 2.594901949903018E7 ; 1.0583604062769702E8 ; 71876.00000000001
303 ; 119946.14098253043 ; 466216.44390373817 ; 2.6067968191048577E7 ; 1.0630225707160076E8 ; 72114.00000000001
304 ; 120239.68176112008 ; 466216.44390373817 ; 2.618791433203111E7 ; 1.0676847351550451E8 ; 72352.00000000001
305 ; 120926.51505442106 ; 466216.44390373817 ; 2.6308154013792228E7 ; 1.0723468995940825E8 ; 72590.00000000001
306 ; 121456.15144298691 ; 466216.44390373817 ; 2.6429080528846648E7 ; 1.07700906403312E8 ; 72828.00000000001
307 ; 121649.98095011237 ; 466216.44390373817 ; 2.6550536680289634E7 ; 1.0816712284721574E8 ; 73066.00000000001
308 ; 122519.63540956985 ; 466216.44390373817 ; 2.6672186661239747E7 ; 1.0863333929111949E8 ; 73304.00000000001
309 ; 123240.37193476697 ; 466216.44390373817 ; 2.679470629664932E7 ; 1.0909955573502323E8 ; 73542.00000000001
310 ; 124069.1793094973 ; 466216.44390373817 ; 2.6917946668584086E7 ; 1.0956577217892697E8 ; 73780.00000000001
311 ; 124563.28265668543 ; 466216.44390373817 ; 2.7042015847893585E7 ; 1.1003198862283072E8 ; 74018.00000000001
312 ; 124601.83947067834 ; 466216.44390373817 ; 2.716657913055027E7 ; 1.1049820506673446E8 ; 74256.00000000001
313 ; 125489.47487741802 ; 466216.44390373817 ; 2.7291180970020946E7 ; 1.109644215106382E8 ; 74494.00000000001
314 ; 125706.39206683873 ; 466216.44390373817 ; 2.7416670444898363E7 ; 1.1143063795454195E8 ; 74732.00000000001
315 ; 126446.17535573628 ; 466216.44390373817 ; 2.7542376836965203E7 ; 1.118968543984457E8 ; 74970.00000000001
316 ; 126813.88137094051 ; 466216.44390373817 ; 2.766882301232094E7 ; 1.1236307084234944E8 ; 75208.00000000001
317 ; 127098.63626922188 ; 466216.44390373817 ; 2.779563689369188E7 ; 1.1282928728625318E8 ; 75446.00000000001
318 ; 127515.7913812658 ; 466216.44390373817 ; 2.79227355299611E7 ; 1.1329550373015693E8 ; 75684.00000000001
319 ; 127930.9792459238 ; 466216.44390373817 ; 2.8050251321342368E7 ; 1.1376172017406067E8 ; 75922.00000000001
320 ; 128388.49152420738 ; 466216.44390373817 ; 2.817818230058829E7 ; 1.1422793661796442E8 ; 76160.00000000001
321 ; 129011.8888963415 ; 466216.44390373817 ; 2.83065707921125E7 ; 1.1469415306186816E8 ; 76398.00000000001
322 ; 129182.0092938436 ; 466216.44390373817 ; 2.843558268100884E7 ; 1.151603695057719E8 ; 76636.00000000001
323 ; 129455.17012166543 ; 466216.44390373817 ; 2.8564764690302685E7 ; 1.1562658594967565E8 ; 76874.00000000001
324 ; 129778.4098716394 ; 466216.44390373817 ; 2.869421986042435E7 ; 1.160928023935794E8 ; 77112.00000000001
325 ; 129931.33208253302 ; 466216.44390373817 ; 2.882399827029599E7 ; 1.1655901883748314E8 ; 77350.00000000001
326 ; 130287.72872641316 ; 466216.44390373817 ; 2.895392960237852E7 ; 1.1702523528138688E8 ; 77588.00000000001
327 ; 130806.58840569886 ; 466216.44390373817 ; 2.9084217331104934E7 ; 1.1749145172529063E8 ; 77826.00000000001
328 ; 130662.71816684243 ; 466216.44390373817 ; 2.9215023919510633E7 ; 1.1795766816919437E8 ; 78064.00000000001
329 ; 131181.9431770756 ; 466216.44390373817 ; 2.9345686637677476E7 ; 1.1842388461309811E8 ; 78302.00000000001
330 ; 131383.7894591106 ; 466216.44390373817 ; 2.947686858085455E7 ; 1.1889010105700186E8 ; 78540.00000000001
331 ; 131704.58834676546 ; 466216.44390373817 ; 2.960825237031366E7 ; 1.193563175009056E8 ; 78778.00000000001
332 ; 131560.8634946368 ; 466216.44390373817 ; 2.9739956958660424E7 ; 1.1982253394480935E8 ; 79016.00000000001
333 ; 131940.58723228826 ; 466216.44390373817 ; 2.9871517822155062E7 ; 1.2028875038871309E8 ; 79254.00000000001
334 ; 131892.9170715721 ; 466216.44390373817 ; 3.000345840938735E7 ; 1.2075496683261684E8 ; 79492.00000000001
335 ; 132001.25863650825 ; 466216.44390373817 ; 3.0135351326458924E7 ; 1.2122118327652058E8 ; 79730.00000000001
336 ; 132428.78439639963 ; 466216.44390373817 ; 3.026735258509543E7 ; 1.2168739972042432E8 ; 79968.00000000001
337 ; 132034.09098943722 ; 466216.44390373817 ; 3.039978136949183E7 ; 1.2215361616432807E8 ; 80206.00000000001
338 ; 132490.64006242558 ; 466216.44390373817 ; 3.0531815460481267E7 ; 1.2261983260823181E8 ; 80444.00000000001
339 ; 132602.73987355392 ; 466216.44390373817 ; 3.0664306100543693E7 ; 1.2308604905213556E8 ; 80682.00000000001
340 ; 132594.26079305375 ; 466216.44390373817 ; 3.0796908840417247E7 ; 1.235522654960393E8 ; 80920.00000000001
341 ; 132844.83720699468 ; 466216.44390373817 ; 3.09295031012103E7 ; 1.2401848193994305E8 ; 81158.00000000001
342 ; 132552.1169335616 ; 466216.44390373817 ; 3.1062347938417293E7 ; 1.2448469838384679E8 ; 81396.00000000001
343 ; 132571.0635602054 ; 466216.44390373817 ; 3.1194900055350855E7 ; 1.2495091482775053E8 ; 81634.00000000001
344 ; 132412.9408596908 ; 466216.44390373817 ; 3.132747111891106E7 ; 1.2541713127165428E8 ; 81872.00000000001
345 ; 132866.0917739711 ; 466216.44390373817 ; 3.145988405977075E7 ; 1.2588334771555802E8 ; 82110.00000000001
346 ; 133053.8481383817 ; 466216.44390373817 ; 3.1592750151544724E7 ; 1.2634956415946177E8 ; 82348.00000000001
347 ; 132575.64516863826 ; 466216.44390373817 ; 3.1725803999683104E7 ; 1.2681578060336551E8 ; 82586.00000000001
348 ; 132774.87346225115 ; 466216.44390373817 ; 3.1858379644851744E7 ; 1.2728199704726925E8 ; 82824.00000000001
349 ; 132877.7091985874 ; 466216.44390373817 ; 3.1991154518313996E7 ; 1.27748213491173E8 ; 83062.00000000001
350 ; 132776.82890248232 ; 466216.44390373817 ; 3.2124032227512583E7 ; 1.2821442993507674E8 ; 83300.00000000001
351 ; 132653.89791208738 ; 466216.44390373817 ; 3.2256809056415066E7 ; 1.2868064637898049E8 ; 83538.00000000001
352 ; 132288.90091289493 ; 466216.44390373817 ; 3.2389462954327155E7 ; 1.2914686282288423E8 ; 83776.00000000001
353 ; 132698.89097325562 ; 466216.44390373817 ; 3.252175185524005E7 ; 1.2961307926678798E8 ; 84014.00000000001
354 ; 132212.3082206727 ; 466216.44390373817 ; 3.2654450746213306E7 ; 1.3007929571069172E8 ; 84252.00000000001
355 ; 132171.80741114856 ; 466216.44390373817 ; 3.278666305443398E7 ; 1.3054551215459546E8 ; 84490.00000000001
356 ; 131751.62159827095 ; 466216.44390373817 ; 3.291883486184513E7 ; 1.3101172859849921E8 ; 84728.00000000001
357 ; 132203.91702582903 ; 466216.44390373817 ; 3.3050586483443398E7 ; 1.3147794504240295E8 ; 84966.00000000001
358 ; 131117.39252191407 ; 466216.44390373817 ; 3.318279040046923E7 ; 1.319441614863067E8 ; 85204.00000000001
359 ; 131399.2226010802 ; 466216.44390373817 ; 3.3313907792991143E7 ; 1.3241037793021044E8 ; 85442.00000000001
360 ; 149177.38256579282 ; 466216.44390373817 ; 3.344530701559222E7 ; 1.3287659437411419E8 ; 85680.00000000001
361 ; 148957.1027664281 ; 466216.44390373817 ; 3.3594484398158014E7 ; 1.3334281081801793E8 ; 85918.00000000001
362 ; 148290.34707942352 ; 466216.44390373817 ; 3.374344150092444E7 ; 1.3380902726192167E8 ; 86156.00000000001
363 ; 148366.98902041133 ; 466216.44390373817 ; 3.3891731848003864E7 ; 1.3427524370582542E8 ; 86394.00000000001
364 ; 147952.32876465606 ; 466216.44390373817 ; 3.404009883702428E7 ; 1.3474146014972916E8 ; 86632.00000000001
365 ; 147472.13899667648 ; 466216.44390373817 ; 3.418805116578893E7 ; 1.352076765936329E8 ; 86870.00000000001
366 ; 147429.3038499852 ; 466216.44390373817 ; 3.433552330478561E7 ; 1.3567389303753665E8 ; 87108.00000000001
367 ; 147253.76700169986 ; 466216.44390373817 ; 3.44829526086356E7 ; 1.361401094814404E8 ; 87346.00000000001
368 ; 146345.19987067435 ; 466216.44390373817 ; 3.46302063756373E7 ; 1.3660632592534414E8 ; 87584.00000000001
369 ; 146304.1312690069 ; 466800.1644321589 ; 3.4776551575507976E7 ; 1.3707254236924788E8 ; 87822.00000000001
370 ; 145839.3496037364 ; 470297.1947999655 ; 3.4922855706776984E7 ; 1.3753934253368005E8 ; 88060.00000000001
371 ; 145322.4480545359 ; 473785.15179168247 ; 3.506869505638072E7 ; 1.3800963972848E8 ; 88298.00000000001
372 ; 145141.40831816284 ; 477264.0354073101 ; 3.5214017504435256E7 ; 1.384834248802717E8 ; 88536.00000000001
373 ; 144383.72775316093 ; 480733.8456468483 ; 3.535915891275342E7 ; 1.38960688915679E8 ; 88774.00000000001
374 ; 144068.20896441833 ; 484194.58251029707 ; 3.550354264050658E7 ; 1.3944142276132587E8 ; 89012.00000000001
375 ; 143654.7289618328 ; 487646.24599765625 ; 3.5647610849470995E7 ; 1.3992561734383616E8 ; 89250.00000000001
376 ; 143400.86198724312 ; 491088.8361089261 ; 3.579126557843283E7 ; 1.4041326358983383E8 ; 89488.00000000001
377 ; 143088.17545414146 ; 494522.3528441065 ; 3.593466644042007E7 ; 1.4090435242594275E8 ; 89726.00000000001
378 ; 141945.99914563925 ; 497946.79620319745 ; 3.607775461587421E7 ; 1.4139887477878687E8 ; 89964.00000000001
379 ; 141426.22259882925 ; 501362.16618619894 ; 3.621970061501985E7 ; 1.4189682157499006E8 ; 90202.00000000001
380 ; 141070.08626368694 ; 504768.4627931111 ; 3.636112683761868E7 ; 1.4239818374117628E8 ; 90440.00000000001
381 ; 140070.29732903955 ; 508165.6860239337 ; 3.6502196923882365E7 ; 1.429029522039694E8 ; 90678.00000000001
382 ; 139739.3134389586 ; 511553.83587866684 ; 3.66422672212114E7 ; 1.434111178899933E8 ; 90916.00000000001
383 ; 139076.2654881395 ; 514932.91235731065 ; 3.678200653465036E7 ; 1.4392267172587198E8 ; 91154.00000000001
384 ; 138262.07205799123 ; 518302.9154598649 ; 3.69210828001385E7 ; 1.4443760463822928E8 ; 91392.00000000001
385 ; 138912.1917299262 ; 521663.8451863297 ; 3.7059344872196496E7 ; 1.4495590755368915E8 ; 91630.00000000001
386 ; 138549.0226343939 ; 525015.7015367051 ; 3.719825706392642E7 ; 1.4547757139887547E8 ; 91868.00000000001
387 ; 138905.48241217644 ; 528358.484510991 ; 3.7336806086560816E7 ; 1.460025871004122E8 ; 92106.00000000001
388 ; 139294.47338399015 ; 531692.1941091876 ; 3.747571156897299E7 ; 1.4653094558492318E8 ; 92344.00000000001
389 ; 139112.37562223003 ; 535016.8303312947 ; 3.761500604235698E7 ; 1.4706263777903238E8 ; 92582.00000000001
390 ; 139050.4263994823 ; 538332.3931773123 ; 3.775411841797921E7 ; 1.4759765460936368E8 ; 92820.00000000001
391 ; 139243.09101222985 ; 541638.8826472404 ; 3.7893168844378695E7 ; 1.4813598700254098E8 ; 93058.00000000001
392 ; 139111.8396782314 ; 544936.2987410792 ; 3.803241193539093E7 ; 1.4867762588518822E8 ; 93296.00000000001
393 ; 139090.79897620348 ; 548224.6414588285 ; 3.8171523775069155E7 ; 1.492225621839293E8 ; 93534.00000000001
394 ; 139322.37306779664 ; 551503.9108004883 ; 3.831061457404536E7 ; 1.4977078682538813E8 ; 93772.00000000001
395 ; 139264.3036226753 ; 554774.1067660587 ; 3.844993694711316E7 ; 1.5032229073618862E8 ; 94010.00000000001
396 ; 139226.093353117 ; 558035.2293555397 ; 3.8589201250735834E7 ; 1.5087706484295467E8 ; 94248.00000000001
397 ; 139010.31561597728 ; 561287.2785689313 ; 3.872842734408895E7 ; 1.514351000723102E8 ; 94486.00000000001
398 ; 139233.59600508178 ; 564530.2544062333 ; 3.886743765970492E7 ; 1.5199638735087913E8 ; 94724.00000000001
399 ; 139315.4864451288 ; 567764.1568674459 ; 3.9006671255710006E7 ; 1.5256091760528538E8 ; 94962.00000000001
400 ; 139168.48520226107 ; 570988.9859525692 ; 3.9145986742155135E7 ; 1.5312868176215282E8 ; 95200.00000000001
401 ; 139677.46468976312 ; 574204.7416616029 ; 3.9285155227357395E7 ; 1.5369967074810538E8 ; 95438.00000000001
402 ; 138821.19940656156 ; 577411.4239945472 ; 3.942483269204716E7 ; 1.54273875489767E8 ; 95676.00000000001
403 ; 138906.441380924 ; 580609.032951402 ; 3.956365389145372E7 ; 1.5485128691376153E8 ; 95914.00000000001
404 ; 139173.7864609533 ; 583797.5685321675 ; 3.9702560332834646E7 ; 1.5543189594671294E8 ; 96152.00000000001
405 ; 139340.0197527494 ; 586977.0307368434 ; 3.98417341192956E7 ; 1.560156935152451E8 ; 96390.00000000001
406 ; 139214.70457123872 ; 590147.41956543 ; 3.9981074139048345E7 ; 1.5660267054598194E8 ; 96628.00000000001
407 ; 138890.14848628442 ; 593308.735017927 ; 4.0120288843619585E7 ; 1.5719281796554738E8 ; 96866.00000000001
408 ; 139164.5336033359 ; 596460.9770943347 ; 4.025917899210587E7 ; 1.577861267005653E8 ; 97104.00000000001
409 ; 139104.84860181506 ; 599604.1457946529 ; 4.0398343525709204E7 ; 1.5838258767765963E8 ; 97342.00000000001
410 ; 139447.41604136408 ; 602738.2411188816 ; 4.053744837431102E7 ; 1.589821918234543E8 ; 97580.00000000001
411 ; 139196.30200788027 ; 605863.2630670209 ; 4.067689579035239E7 ; 1.5958493006457317E8 ; 97818.00000000001
412 ; 139401.0663217941 ; 608979.2116390708 ; 4.081609209236027E7 ; 1.6019079332764018E8 ; 98056.00000000001
413 ; 139086.58372097433 ; 612086.0868350313 ; 4.095549315868207E7 ; 1.6079977253927925E8 ; 98294.00000000001
414 ; 138768.22300036182 ; 615183.8886549022 ; 4.1094579742403045E7 ; 1.6141185862611428E8 ; 98532.00000000001
415 ; 138395.3302141325 ; 618272.6170986837 ; 4.123334796540341E7 ; 1.6202704251476917E8 ; 98770.00000000001
416 ; 138603.97533319052 ; 621352.2721663758 ; 4.137174329561754E7 ; 1.6264531513186786E8 ; 99008.00000000001
417 ; 138326.86989791013 ; 624422.8538579785 ; 4.1510347270950735E7 ; 1.6326666740403423E8 ; 99246.00000000001
418 ; 138660.75460382013 ; 627484.3621734916 ; 4.1648674140848644E7 ; 1.638910902578922E8 ; 99484.00000000001
419 ; 138160.9461064917 ; 630536.7971129154 ; 4.178733489545246E7 ; 1.645185746200657E8 ; 99722.00000000001
420 ; 138321.2249868873 ; 633580.1586762497 ; 4.1925495841558956E7 ; 1.651491114171786E8 ; 99960.00000000001
421 ; 138013.74815711877 ; 636614.4468634946 ; 4.2063817066545844E7 ; 1.6578269157585484E8 ; 100198.00000000001
422 ; 138285.06515743348 ; 639639.66167465 ; 4.2201830814702965E7 ; 1.6641930602271834E8 ; 100436.00000000001
423 ; 137772.18400915537 ; 642655.8031097159 ; 4.23401158798604E7 ; 1.67058945684393E8 ; 100674.00000000001
424 ; 137827.54234145847 ; 645662.8711686925 ; 4.247788806386956E7 ; 1.677016014875027E8 ; 100912.00000000001
425 ; 137577.73268891478 ; 648660.8658515796 ; 4.2615715606211014E7 ; 1.683472643586714E8 ; 101150.00000000001
426 ; 137211.90259331212 ; 651649.7871583772 ; 4.2753293338899925E7 ; 1.6899592522452298E8 ; 101388.00000000001
427 ; 137333.1761663096 ; 654629.6350890854 ; 4.289050524149324E7 ; 1.6964757501168135E8 ; 101626.00000000001
428 ; 136753.11586567084 ; 657600.4096437042 ; 4.302783841765955E7 ; 1.7030220464677045E8 ; 101864.00000000001
429 ; 136441.7479790412 ; 660562.1108222335 ; 4.316459153352522E7 ; 1.7095980505641416E8 ; 102102.00000000001
430 ; 136586.74208823493 ; 663514.7386246733 ; 4.330103328150426E7 ; 1.716203671672364E8 ; 102340.00000000001
431 ; 136736.06743407703 ; 666458.2930510239 ; 4.3437620023592494E7 ; 1.7228388190586105E8 ; 102578.00000000001
432 ; 136665.11983406823 ; 669392.7741012848 ; 4.3574356091026574E7 ; 1.7295034019891208E8 ; 102816.00000000001
433 ; 135722.25427830275 ; 672318.1817754563 ; 4.371102121086064E7 ; 1.7361973297301337E8 ; 103054.00000000001
434 ; 136194.1304707349 ; 675234.5160735385 ; 4.384674346513894E7 ; 1.7429205115478882E8 ; 103292.00000000001
435 ; 135633.73145543592 ; 678141.776995531 ; 4.398293759560968E7 ; 1.7496728567086235E8 ; 103530.00000000001
436 ; 135198.164606406 ; 681039.9645414343 ; 4.411857132706512E7 ; 1.756454274478579E8 ; 103768.00000000001
437 ; 135215.49696057272 ; 683929.078711248 ; 4.4253769491671525E7 ; 1.7632646741239932E8 ; 104006.00000000001
438 ; 135073.1268489639 ; 686809.1195049724 ; 4.43889849886321E7 ; 1.7701039649111056E8 ; 104244.00000000001
439 ; 134597.41769681725 ; 689680.0869226073 ; 4.452405811548106E7 ; 1.7769720561061552E8 ; 104482.00000000001
440 ; 134896.923285642 ; 692541.9809641526 ; 4.465865553317788E7 ; 1.7838688569753814E8 ; 104720.00000000001
441 ; 134635.32334306688 ; 695394.8016296086 ; 4.479355245646352E7 ; 1.790794276785023E8 ; 104958.00000000001
442 ; 133605.62499475118 ; 698238.5489189752 ; 4.492818777980659E7 ; 1.797748224801319E8 ; 105196.00000000001
443 ; 133379.78801951365 ; 701073.2228322523 ; 4.506179340480135E7 ; 1.8047306102905086E8 ; 105434.00000000001
444 ; 133540.46170282003 ; 703898.8233694399 ; 4.519517319282086E7 ; 1.8117413425188312E8 ; 105672.00000000001
445 ; 133482.58012845807 ; 706715.3505305381 ; 4.5328713654523686E7 ; 1.8187803307525256E8 ; 105910.00000000001
446 ; 132689.81298943775 ; 709522.8043155469 ; 4.546219623465215E7 ; 1.825847484257831E8 ; 106148.00000000001
447 ; 132633.8276691996 ; 712321.1847244662 ; 4.559488604764158E7 ; 1.8329427123009863E8 ; 106386.00000000001
448 ; 132748.75458742277 ; 715110.4917572961 ; 4.5727519875310786E7 ; 1.840065924148231E8 ; 106624.00000000001
449 ; 131983.21957303208 ; 717890.7254140365 ; 4.5860268629898205E7 ; 1.8472170290658042E8 ; 106862.00000000001
450 ; 131834.94307167886 ; 720661.8856946875 ; 4.5992251849471234E7 ; 1.8543959363199446E8 ; 107100.00000000001
451 ; 131483.08171955417 ; 723423.972599249 ; 4.612408679254291E7 ; 1.8616025551768914E8 ; 107338.00000000001
452 ; 131116.0934596386 ; 726176.9861277211 ; 4.625556987426247E7 ; 1.8688367949028838E8 ; 107576.00000000001
453 ; 130698.60149232962 ; 728920.9262801037 ; 4.63866859677221E7 ; 1.876098564764161E8 ; 107814.00000000001
454 ; 129905.10163714565 ; 731655.793056397 ; 4.651738456921443E7 ; 1.8833877740269622E8 ; 108052.00000000001
455 ; 129534.19564781978 ; 734381.5864566007 ; 4.664728967085158E7 ; 1.8907043319575262E8 ; 108290.00000000001
456 ; 128682.1393804652 ; 737098.3064807152 ; 4.67768238664994E7 ; 1.8980481478220922E8 ; 108528.00000000001
457 ; 128477.85581566022 ; 739805.9531287401 ; 4.6905506005879864E7 ; 1.9054191308868992E8 ; 108766.00000000001
458 ; 127722.84202019483 ; 742504.5264006754 ; 4.703398386169553E7 ; 1.9128171904181865E8 ; 109004.00000000001
459 ; 127648.59507528403 ; 745194.0262965214 ; 4.716170670371572E7 ; 1.9202422356821933E8 ; 109242.00000000001
460 ; 126941.47500784326 ; 747874.452816278 ; 4.7289355298791006E7 ; 1.9276941759451586E8 ; 109480.00000000001
461 ; 126280.65543909953 ; 750545.8059599451 ; 4.741629677379885E7 ; 1.9351729204733214E8 ; 109718.00000000001
462 ; 126254.21221332232 ; 753208.0857275227 ; 4.7542577429237954E7 ; 1.9426783785329208E8 ; 109956.00000000001
463 ; 126557.43055278025 ; 755861.2921190109 ; 4.766883164145128E7 ; 1.950210459390196E8 ; 110194.00000000001
464 ; 126830.09418136344 ; 758505.4251344098 ; 4.779538907200406E7 ; 1.957769072311386E8 ; 110432.00000000001
465 ; 126107.63986917035 ; 761140.4847737191 ; 4.7922219166185424E7 ; 1.96535412656273E8 ; 110670.00000000001
466 ; 126587.73802213336 ; 763766.4710369391 ; 4.804832680605459E7 ; 1.9729655314104673E8 ; 110908.00000000001
467 ; 126034.75882077345 ; 766383.3839240695 ; 4.8174914544076726E7 ; 1.9806031961208367E8 ; 111146.00000000001
468 ; 126058.75089223568 ; 768991.2234351104 ; 4.83009493028975E7 ; 1.9882670299600774E8 ; 111384.00000000001
469 ; 126234.67853759727 ; 771589.989570062 ; 4.8427008053789735E7 ; 1.9959569421944284E8 ; 111622.00000000001
470 ; 126099.88642464057 ; 774179.6823289241 ; 4.8553242732327335E7 ; 2.003672842090129E8 ; 111860.00000000001
471 ; 125978.87359789881 ; 776760.3017116968 ; 4.867934261875197E7 ; 2.011414638913418E8 ; 112098.00000000001
472 ; 125804.91584013426 ; 779331.84771838 ; 4.880532149234987E7 ; 2.019182241930535E8 ; 112336.00000000001
473 ; 126245.6918563255 ; 781894.3203489737 ; 4.8931126408190005E7 ; 2.026975560407719E8 ; 112574.00000000001
474 ; 125886.72697842654 ; 784447.7196034781 ; 4.905737210004633E7 ; 2.0347945036112088E8 ; 112812.00000000001
475 ; 126180.54892041159 ; 786992.045481893 ; 4.918325882702476E7 ; 2.0426389808072436E8 ; 113050.00000000001
476 ; 126020.36407539595 ; 789527.2979842185 ; 4.9309439375945166E7 ; 2.0505089012620625E8 ; 113288.00000000001
477 ; 125749.29086598015 ; 792053.4771104543 ; 4.943545974002056E7 ; 2.0584041742419046E8 ; 113526.00000000001
478 ; 126256.1129700132 ; 794570.5828606009 ; 4.956120903088654E7 ; 2.066324709013009E8 ; 113764.00000000001
479 ; 126180.21582333557 ; 797078.6152346581 ; 4.9687465143856555E7 ; 2.074270414841615E8 ; 114002.00000000001
480 ; 107652.62085153164 ; 799577.5742326258 ; 4.981364535967989E7 ; 2.0822412009939617E8 ; 114240.00000000001
481 ; 108091.81229346766 ; 802067.4598545041 ; 4.9921297980531424E7 ; 2.090236976736288E8 ; 114478.00000000001
482 ; 109118.8725313537 ; 804548.2721002927 ; 5.0029389792824894E7 ; 2.0982576513348332E8 ; 114716.00000000001
483 ; 109595.01703389031 ; 807020.0109699923 ; 5.013850866535625E7 ; 2.1063031340558362E8 ; 114954.00000000001
484 ; 110130.82899899037 ; 809482.6764636021 ; 5.024810368239014E7 ; 2.1143733341655362E8 ; 115192.00000000001
485 ; 111231.49368330548 ; 811936.2685811224 ; 5.035823451138913E7 ; 2.1224681609301722E8 ; 115430.00000000001
486 ; 111746.89515472171 ; 814380.7873225535 ; 5.046946600507244E7 ; 2.1305875236159834E8 ; 115668.00000000001
487 ; 112031.89509581376 ; 816816.232687895 ; 5.058121290022716E7 ; 2.138731331489209E8 ; 115906.00000000001
488 ; 113037.13763302576 ; 819242.6046771472 ; 5.069324479532297E7 ; 2.1468994938160878E8 ; 116144.00000000001
489 ; 113354.44296781613 ; 821659.90329031 ; 5.0806281932955995E7 ; 2.1550919198628592E8 ; 116382.00000000001
490 ; 113700.68607835886 ; 824068.1285273831 ; 5.091963637592381E7 ; 2.1633085188957623E8 ; 116620.00000000001
491 ; 114507.10055447399 ; 826467.2803883669 ; 5.1033337062002175E7 ; 2.171549200181036E8 ; 116858.00000000001
492 ; 115062.4467396777 ; 828857.3588732611 ; 5.114784416255665E7 ; 2.1798138729849195E8 ; 117096.00000000001
493 ; 115718.95004379153 ; 831238.3639820662 ; 5.126290660929633E7 ; 2.188102446573652E8 ; 117334.00000000001
494 ; 116205.16453543997 ; 833610.2957147816 ; 5.137862555934012E7 ; 2.1964148302134725E8 ; 117572.00000000001
495 ; 116957.48883588522 ; 835973.1540714076 ; 5.149483072387556E7 ; 2.2047509331706205E8 ; 117810.00000000001
496 ; 117165.20080109817 ; 838326.9390519441 ; 5.1611788212711446E7 ; 2.2131106647113347E8 ; 118048.00000000001
497 ; 117702.25581343076 ; 840671.6506563914 ; 5.172895341351254E7 ; 2.2214939341018543E8 ; 118286.00000000001
498 ; 118125.47971632285 ; 843007.2888847489 ; 5.184665566932597E7 ; 2.2299006506084183E8 ; 118524.00000000001
499 ; 118700.75619324637 ; 845333.8537370173 ; 5.196478114904229E7 ; 2.238330723497266E8 ; 118762.00000000001
500 ; 119488.67271099442 ; 847651.345213196 ; 5.208348190523554E7 ; 2.246784062034636E8 ; 119000.00000000001
501 ; 119804.0926059261 ; 849959.7633132853 ; 5.220297057794653E7 ; 2.2552605754867682E8 ; 119238.00000000001
502 ; 120526.17654766155 ; 852259.1080372854 ; 5.2322774670552455E7 ; 2.263760173119901E8 ; 119476.00000000001
503 ; 120832.37574002452 ; 854549.3793851958 ; 5.244330084710012E7 ; 2.272282764200274E8 ; 119714.00000000001
504 ; 121239.81361664235 ; 856830.5773570169 ; 5.256413322284014E7 ; 2.280828257994126E8 ; 119952.00000000001
505 ; 121993.30779456618 ; 859102.7019527485 ; 5.268537303645678E7 ; 2.2893965637676963E8 ; 120190.00000000001
506 ; 121916.52917858044 ; 861365.7531723905 ; 5.280736634425134E7 ; 2.297987590787224E8 ; 120428.00000000001
507 ; 122870.76089432543 ; 863619.7310159431 ; 5.2929282873429924E7 ; 2.306601248318948E8 ; 120666.00000000001
508 ; 122584.74041152681 ; 865864.6354834066 ; 5.305215363432425E7 ; 2.3152374456291074E8 ; 120904.00000000001
509 ; 123223.29786782461 ; 868100.4665747803 ; 5.317473837473578E7 ; 2.3238960919839415E8 ; 121142.00000000001
510 ; 123982.42737069573 ; 870327.2242900647 ; 5.329796167260361E7 ; 2.3325770966496894E8 ; 121380.00000000001
511 ; 124227.57195675274 ; 872544.9086292596 ; 5.3421944099974304E7 ; 2.34128036889259E8 ; 121618.00000000001
512 ; 124398.39124244184 ; 874753.5195923649 ; 5.354617167193106E7 ; 2.3500058179788828E8 ; 121856.00000000001
513 ; 125133.09150044268 ; 876953.057179381 ; 5.36705700631735E7 ; 2.3587533531748065E8 ; 122094.00000000001
514 ; 125430.93990875935 ; 879143.5213903077 ; 5.379570315467395E7 ; 2.3675228837466004E8 ; 122332.00000000001
515 ; 126011.52521152099 ; 881324.9122251448 ; 5.392113409458271E7 ; 2.3763143189605036E8 ; 122570.00000000001
516 ; 126036.32643782787 ; 883497.2296838925 ; 5.404714561979423E7 ; 2.3851275680827552E8 ; 122808.00000000001
517 ; 126267.2877908982 ; 885660.4737665508 ; 5.417318194623206E7 ; 2.3939625403795943E8 ; 123046.00000000001
518 ; 126203.14405950169 ; 887814.6444731195 ; 5.429944923402295E7 ; 2.40281914511726E8 ; 123284.00000000001
519 ; 126819.63711648766 ; 889959.7418035989 ; 5.4425652378082454E7 ; 2.411697291561991E8 ; 123522.00000000001
520 ; 126693.71431895181 ; 892095.7657579888 ; 5.455247201519894E7 ; 2.4205968889800268E8 ; 123760.00000000001
521 ; 127494.26023307366 ; 893274.2656102788 ; 5.467916572951789E7 ; 2.4295178466376066E8 ; 123998.00000000001
522 ; 127824.51344089139 ; 894162.9970630977 ; 5.480665998975097E7 ; 2.4384505892937094E8 ; 124236.00000000001
523 ; 127721.25820103927 ; 895036.1558958293 ; 5.493448450319186E7 ; 2.4473922192643404E8 ; 124474.00000000001
524 ; 128352.8412936524 ; 895893.7757103938 ; 5.50622057613929E7 ; 2.4563425808232987E8 ; 124712.00000000001
525 ; 128535.94241207931 ; 896735.89041191 ; 5.5190558602686554E7 ; 2.4653015185804027E8 ; 124950.00000000001
526 ; 128546.28996346728 ; 897562.534211795 ; 5.531909454509863E7 ; 2.474268877484522E8 ; 125188.00000000001
527 ; 129070.92004675003 ; 898373.741630951 ; 5.54476408350621E7 ; 2.4832445028266397E8 ; 125426.00000000001
528 ; 129561.6076367487 ; 899169.5475030482 ; 5.557671175510885E7 ; 2.492228240242949E8 ; 125664.00000000001
529 ; 129677.95600590078 ; 899949.9869779011 ; 5.57062733627456E7 ; 2.5012199357179797E8 ; 125902.00000000001
530 ; 129708.58257008 ; 900715.0955249441 ; 5.58359513187515E7 ; 2.5102194355877587E8 ; 126140.00000000001
531 ; 129567.5104411001 ; 901464.9089368109 ; 5.596565990132158E7 ; 2.519226586543008E8 ; 126378.00000000001
532 ; 129558.17138332088 ; 902199.4633330151 ; 5.6095227411762685E7 ; 2.528241235632376E8 ; 126616.00000000001
533 ; 130155.44277036042 ; 902918.795163742 ; 5.6224785583146006E7 ; 2.5372632302657062E8 ; 126854.00000000001
534 ; 130078.73176487724 ; 903622.9412137507 ; 5.635494102591637E7 ; 2.5462924182173437E8 ; 127092.00000000001
535 ; 130238.42374847019 ; 904311.9386063905 ; 5.648501975768124E7 ; 2.5553286476294813E8 ; 127330.00000000001
536 ; 130365.48088886956 ; 904985.8248077363 ; 5.6615258181429714E7 ; 2.564371767015545E8 ; 127568.00000000001
537 ; 130799.15277332917 ; 905644.6376308465 ; 5.674562366231858E7 ; 2.5734216252636224E8 ; 127806.00000000001
538 ; 130665.89592778584 ; 906288.4152401455 ; 5.687642281509191E7 ; 2.582478071639931E8 ; 128044.00000000001
539 ; 131035.83566861504 ; 906917.1961559374 ; 5.7007088711019695E7 ; 2.5915409557923323E8 ; 128282.00000000001
540 ; 131357.94715068102 ; 907531.0192590519 ; 5.713812454668831E7 ; 2.6006101277538916E8 ; 128520.00000000001
541 ; 130807.37582240945 ; 908129.9237956301 ; 5.726948249383899E7 ; 2.6096854379464823E8 ; 128758.00000000001
542 ; 131395.9730426463 ; 908713.9493820504 ; 5.74002898696614E7 ; 2.6187667371844387E8 ; 128996.00000000001
543 ; 131173.51086008394 ; 909283.1360100039 ; 5.753168584270404E7 ; 2.627853876678259E8 ; 129234.00000000001
544 ; 131146.98360181446 ; 909837.5240517185 ; 5.766285935356413E7 ; 2.636946708038359E8 ; 129472.00000000001
545 ; 131021.53325975203 ; 910377.1542653416 ; 5.7794006337165944E7 ; 2.6460450832788762E8 ; 129710.00000000001
546 ; 131336.0201461468 ; 910902.067800482 ; 5.792502787042569E7 ; 2.6551488548215297E8 ; 129948.00000000001
547 ; 131257.9399656666 ; 911412.3062039197 ; 5.805636389057184E7 ; 2.6642578754995346E8 ; 130186.00000000001
548 ; 131229.55990583164 ; 911907.9114254861 ; 5.8187621830537505E7 ; 2.673371998561574E8 ; 130424.00000000001
549 ; 131463.00326006793 ; 912388.9258241227 ; 5.831885139044334E7 ; 2.6824910776758286E8 ; 130662.00000000001
550 ; 131301.19112098438 ; 912855.3921741209 ; 5.845031439370341E7 ; 2.69161496693407E8 ; 130900.00000000001
551 ; 131364.79339715408 ; 913307.3536715512 ; 5.858161558482439E7 ; 2.700743520855811E8 ; 131138.00000000003
552 ; 130998.63834217275 ; 913744.8539408885 ; 5.871298037822154E7 ; 2.709876594392527E8 ; 131376.00000000003
553 ; 131553.01565896798 ; 914167.937041836 ; 5.884397901656371E7 ; 2.719014042931936E8 ; 131614.00000000003
554 ; 130867.73037094987 ; 914576.6474763575 ; 5.897553203222268E7 ; 2.728155722302354E8 ; 131852.00000000003
555 ; 131561.16534498584 ; 914971.0301959261 ; 5.910639976259363E7 ; 2.737301488777118E8 ; 132090.00000000003
556 ; 130595.30962494847 ; 915351.1306089896 ; 5.923796092793861E7 ; 2.746451199079077E8 ; 132328.00000000003
557 ; 130408.49430861633 ; 915716.9945886699 ; 5.936855623756356E7 ; 2.755604710385167E8 ; 132566.00000000003
558 ; 130835.50299394576 ; 916068.668480693 ; 5.949896473187217E7 ; 2.764761880331054E8 ; 132804.00000000003
559 ; 131064.98181075777 ; 916406.1991115676 ; 5.962980023486612E7 ; 2.7739225670158607E8 ; 133042.00000000003
560 ; 130484.3064083476 ; 916729.6337970109 ; 5.9760865216676876E7 ; 2.7830866290069765E8 ; 133280.00000000003
561 ; 130659.35352540403 ; 917039.0203506377 ; 5.989134952308522E7 ; 2.7922539253449464E8 ; 133518.00000000003
562 ; 130647.6871190621 ; 917334.4070929167 ; 6.002200887661063E7 ; 2.801424315548453E8 ; 133756.00000000003
563 ; 130188.02459218181 ; 917615.8428604048 ; 6.015265656372969E7 ; 2.810597659619382E8 ; 133994.00000000003
564 ; 130112.5755616301 ; 917883.3770152671 ; 6.028284458832187E7 ; 2.819773818047986E8 ; 134232.00000000003
565 ; 129765.68528514513 ; 918137.0594550952 ; 6.04129571638835E7 ; 2.828952651818139E8 ; 134470.00000000003
566 ; 129892.34126989909 ; 918376.9406230289 ; 6.054272284916864E7 ; 2.83813402241269E8 ; 134708.00000000003
567 ; 129664.21698329973 ; 918603.0715181967 ; 6.067261519043854E7 ; 2.8473177918189204E8 ; 134946.00000000003
568 ; 129313.5912824486 ; 918815.5037064829 ; 6.080227940742184E7 ; 2.856503822534102E8 ; 135184.00000000003
569 ; 129918.36400827712 ; 919014.2893316315 ; 6.093159299870429E7 ; 2.865691977571167E8 ; 135422.00000000003
570 ; 128949.76983573647 ; 919199.4811267008 ; 6.106151136271257E7 ; 2.874882120464483E8 ; 135660.00000000003
571 ; 128878.08849615 ; 919371.1324258785 ; 6.11904611325483E7 ; 2.88407411527575E8 ; 135898.00000000003
572 ; 128859.43352724603 ; 919529.2971766714 ; 6.131933922104445E7 ; 2.893267826600009E8 ; 136136.00000000003
573 ; 128410.65740916772 ; 919674.0299524792 ; 6.14481986545717E7 ; 2.902463119571776E8 ; 136374.00000000003
574 ; 128357.96631442172 ; 919805.3859655705 ; 6.1576609311980866E7 ; 2.9116598598713005E8 ; 136612.00000000003
575 ; 128485.39775974698 ; 919923.4210804679 ; 6.1704967278295286E7 ; 2.9208579137309563E8 ; 136850.00000000003
576 ; 127748.3353770733 ; 920028.1918277645 ; 6.183345267605504E7 ; 2.930057147941761E8 ; 137088.00000000003
577 ; 128045.77066403799 ; 920119.7554183791 ; 6.196120101143211E7 ; 2.939257429860039E8 ; 137326.00000000003
578 ; 128125.29882042621 ; 920198.1697582679 ; 6.208924678209615E7 ; 2.9484586274142224E8 ; 137564.00000000003
579 ; 128420.69122967047 ; 920263.4934636113 ; 6.2217372080916576E7 ; 2.957660609111805E8 ; 137802.00000000003
580 ; 128597.20771790549 ; 920315.7858764871 ; 6.234579277214625E7 ; 2.9668632440464413E8 ; 138040.00000000003
581 ; 129212.32996785536 ; 920355.1070810502 ; 6.247438997986415E7 ; 2.9760664019052064E8 ; 138278.00000000003
582 ; 129072.48316920846 ; 920381.517920235 ; 6.260360230983201E7 ; 2.985269952976017E8 ; 138516.00000000003
583 ; 129004.93433486103 ; 920395.0800130011 ; 6.273267479300121E7 ; 2.9944737681552196E8 ; 138754.00000000003
584 ; 129156.01674629183 ; 920395.8557721344 ; 6.286167972733607E7 ; 3.0036777189553493E8 ; 138992.00000000003
585 ; 129064.74314220928 ; 920383.9084226332 ; 6.299083574408236E7 ; 3.012881677513071E8 ; 139230.00000000003
586 ; 128806.68355807816 ; 920359.3020206895 ; 6.311990048722457E7 ; 3.022085516597297E8 ; 139468.00000000003
587 ; 129325.38252893212 ; 920322.1014732937 ; 6.324870717078265E7 ; 3.031289109617504E8 ; 139706.00000000003
588 ; 129805.15575814263 ; 920272.3725584794 ; 6.337803255331158E7 ; 3.0404923306322366E8 ; 139944.00000000003
589 ; 129326.66982191194 ; 920210.1819462336 ; 6.350783770906972E7 ; 3.0496950543578213E8 ; 140182.00000000003
590 ; 129558.71577532284 ; 920135.5972200955 ; 6.363716437889163E7 ; 3.0588971561772835E8 ; 140420.00000000003
591 ; 129361.9375526105 ; 920048.6868994648 ; 6.376672309466696E7 ; 3.068098512149485E8 ; 140658.00000000003
592 ; 129673.74283335221 ; 919949.5204626502 ; 6.389608503221957E7 ; 3.0772989990184796E8 ; 140896.00000000003
593 ; 129768.39415492072 ; 919838.1683706772 ; 6.402575877505292E7 ; 3.086498494223106E8 ; 141134.00000000003
594 ; 129590.96335200543 ; 919714.7020918872 ; 6.415552716920784E7 ; 3.0956968759068125E8 ; 141372.00000000003
595 ; 129476.24038100918 ; 919579.194127353 ; 6.428511813255984E7 ; 3.104894022927731E8 ; 141610.00000000003
596 ; 129576.82324252499 ; 919431.7180371408 ; 6.441459437294085E7 ; 3.114089814869005E8 ; 141848.00000000003
597 ; 129539.82631433052 ; 919272.3484674455 ; 6.4544171196183376E7 ; 3.1232841320493764E8 ; 142086.00000000003
598 ; 129032.24009909994 ; 919101.1611786359 ; 6.4673711022497706E7 ; 3.132476855534051E8 ; 142324.00000000003
599 ; 128730.4164726074 ; 918918.2330742338 ; 6.480274326259681E7 ; 3.1416678671458375E8 ; 142562.00000000003
600 ; 128880.99003225431 ; 918723.6422308667 ; 6.4931473679069415E7 ; 3.15085704947658E8 ; 142800.00000000003
601 ; 128640.53397425832 ; 918517.4679292251 ; 6.506035466910167E7 ; 3.160044285898889E8 ; 143038.00000000003
602 ; 128352.5783743013 ; 918299.7906860588 ; 6.518899520307593E7 ; 3.169229460578181E8 ; 143276.00000000003
603 ; 127938.47870322847 ; 918070.6922872514 ; 6.5317347781450234E7 ; 3.178412458485042E8 ; 143514.00000000003
604 ; 128321.61614918684 ; 917830.2558220078 ; 6.5445286260153465E7 ; 3.1875931654079145E8 ; 143752.00000000003
605 ; 127965.96088700404 ; 917578.5657181962 ; 6.557360787630265E7 ; 3.1967714679661345E8 ; 143990.00000000003
606 ; 127635.24760636076 ; 917315.7077788821 ; 6.570157383718966E7 ; 3.205947253623316E8 ; 144228.00000000003
607 ; 127741.58214311049 ; 917041.7692200992 ; 6.582920908479602E7 ; 3.215120410701105E8 ; 144466.00000000003
608 ; 127205.29298133437 ; 916756.838709896 ; 6.595695066693913E7 ; 3.224290828393306E8 ; 144704.00000000003
609 ; 127332.17015099547 ; 916461.0064087064 ; 6.6084155959920466E7 ; 3.233458396780405E8 ; 144942.00000000003
610 ; 126468.12225077221 ; 916154.3640110883 ; 6.621148813007146E7 ; 3.242623006844492E8 ; 145180.00000000003
611 ; 126412.75716864344 ; 915837.0047888748 ; 6.6337956252322234E7 ; 3.251784550484603E8 ; 145418.00000000003
612 ; 125461.05971068292 ; 915509.0236357925 ; 6.646436900949088E7 ; 3.260942920532492E8 ; 145656.00000000003
613 ; 125392.05706168227 ; 915170.5171135894 ; 6.658983006920156E7 ; 3.27009801076885E8 ; 145894.00000000003
614 ; 125412.07038712234 ; 914821.5834997327 ; 6.671522212626324E7 ; 3.2792497159399855E8 ; 146132.00000000003
615 ; 125073.47064550692 ; 914462.3228367191 ; 6.684063419665036E7 ; 3.288397931774983E8 ; 146370.00000000003
616 ; 124800.54072983633 ; 914092.8369830631 ; 6.696570766729587E7 ; 3.29754255500335E8 ; 146608.00000000003
617 ; 124421.31385331633 ; 913713.2296660095 ; 6.709050820802571E7 ; 3.3066834833731806E8 ; 146846.00000000003
618 ; 123645.32668518001 ; 913323.6065360354 ; 6.721492952187903E7 ; 3.3158206156698406E8 ; 147084.00000000003
619 ; 123289.83308833871 ; 912924.0752231939 ; 6.733857484856421E7 ; 3.324953851735201E8 ; 147322.00000000003
620 ; 122777.3830598277 ; 912514.7453953658 ; 6.746186468165255E7 ; 3.334083092487433E8 ; 147560.00000000003
621 ; 122501.5121726552 ; 912095.7288184781 ; 6.758464206471238E7 ; 3.3432082399413866E8 ; 147798.00000000003
622 ; 121726.71496464712 ; 911667.1394187514 ; 6.770714357688503E7 ; 3.3523291972295713E8 ; 148036.00000000003
623 ; 121934.58030379003 ; 911229.0933470451 ; 6.782887029184967E7 ; 3.361445868623759E8 ; 148274.00000000003
624 ; 121033.03933370647 ; 910781.7090453608 ; 6.795080487215346E7 ; 3.37055815955723E8 ; 148512.00000000003
625 ; 120781.14107639779 ; 910325.1073155762 ; 6.807183791148716E7 ; 3.3796659766476834E8 ; 148750.00000000003
626 ; 121363.63944097875 ; 909859.4113904744 ; 6.819261905256356E7 ; 3.3887692277208394E8 ; 148988.00000000003
627 ; 121181.2716681993 ; 909384.7470071393 ; 6.831398269200455E7 ; 3.397867821834744E8 ; 149226.00000000003
628 ; 121770.98639061602 ; 908901.2424827847 ; 6.843516396367274E7 ; 3.4069616693048155E8 ; 149464.00000000003
629 ; 121852.79453920212 ; 908409.0287930953 ; 6.855693495006336E7 ; 3.4160506817296433E8 ; 149702.00000000003
630 ; 121807.12527479819 ; 907908.2396531398 ; 6.867878774460256E7 ; 3.4251347720175743E8 ; 149940.00000000003
631 ; 121947.48627212862 ; 907399.0116009386 ; 6.880059486987735E7 ; 3.4342138544141054E8 ; 150178.00000000003
632 ; 122328.226631909 ; 906881.4840837534 ; 6.892254235614948E7 ; 3.4432878445301145E8 ; 150416.00000000003
633 ; 122680.80828067845 ; 906355.7995471683 ; 6.904487058278139E7 ; 3.452356659370952E8 ; 150654.00000000003
634 ; 122851.1501129499 ; 905822.1035270412 ; 6.916755139106207E7 ; 3.461420217366424E8 ; 150892.00000000003
635 ; 122732.92513517861 ; 905280.5447443889 ; 6.929040254117502E7 ; 3.470478438401695E8 ; 151130.00000000003
636 ; 123083.84964881944 ; 904731.2752032811 ; 6.94131354663102E7 ; 3.4795312438491386E8 ; 151368.00000000003
637 ; 122927.50492109684 ; 904174.4502918099 ; 6.953621931595902E7 ; 3.4885785566011715E8 ; 151606.00000000003
638 ; 122850.13537637566 ; 903610.2288862006 ; 6.965914682088012E7 ; 3.4976203011040896E8 ; 151844.00000000003
639 ; 123540.21261969513 ; 903038.7734581304 ; 6.97819969562565E7 ; 3.5066564033929515E8 ; 152082.00000000003
640 ; 123007.50016384781 ; 902460.2501853133 ; 6.990553716887619E7 ; 3.515686791127533E8 ; 152320.00000000003
641 ; 123458.94474886659 ; 901874.8290654112 ; 7.002854466904004E7 ; 3.524711393629386E8 ; 152558.00000000003
642 ; 123382.40457249866 ; 901282.6840333242 ; 7.01520036137889E7 ; 3.5337301419200397E8 ; 152796.00000000003
643 ; 123562.18229449258 ; 900683.9930819047 ; 7.02753860183614E7 ; 3.542742968760373E8 ; 153034.00000000003
644 ; 123410.48102724287 ; 900078.9383861457 ; 7.039894820065589E7 ; 3.551749808691192E8 ; 153272.00000000003
645 ; 123765.7805072607 ; 899467.7064308677 ; 7.052235868168314E7 ; 3.5607505980750537E8 ; 153510.00000000003
646 ; 123682.5829514544 ; 898850.4881419401 ; 7.06461244621904E7 ; 3.569745275139362E8 ; 153748.00000000003
647 ; 124092.85722531992 ; 898227.4790210538 ; 7.076980704514186E7 ; 3.578733780020782E8 ; 153986.00000000003
648 ; 123499.26845110298 ; 897598.8792840466 ; 7.089389990236717E7 ; 3.5877160548109925E8 ; 154224.00000000003
649 ; 123684.52485334063 ; 896964.8940027879 ; 7.101739917081828E7 ; 3.596692043603833E8 ; 154462.00000000003
650 ; 124052.1655312013 ; 896325.7332505946 ; 7.114108369567162E7 ; 3.6056616925438607E8 ; 154700.00000000003
651 ; 124194.9919406268 ; 895681.6122511544 ; 7.126513586120282E7 ; 3.614624949876367E8 ; 154938.00000000003
652 ; 124398.13357859835 ; 895032.751530903 ; 7.138933085314345E7 ; 3.6235817659988785E8 ; 155176.00000000003
653 ; 124117.04323892642 ; 894379.3770747872 ; 7.151372898672205E7 ; 3.6325320935141873E8 ; 155414.00000000003
654 ; 124506.93902497341 ; 893721.7204853296 ; 7.163784602996098E7 ; 3.641475887284935E8 ; 155652.00000000003
655 ; 124179.42213059694 ; 893060.0191448767 ; 7.176235296898594E7 ; 3.6504131044897884E8 ; 155890.00000000003
656 ; 124231.9227990976 ; 892394.5163808994 ; 7.188653239111654E7 ; 3.6593437046812373E8 ; 156128.00000000003
657 ; 123963.88846590398 ; 891725.4616341742 ; 7.201076431391564E7 ; 3.6682676498450464E8 ; 156366.00000000003
658 ; 124368.85397608252 ; 891053.1106296536 ; 7.213472820238155E7 ; 3.677184904461388E8 ; 156604.00000000003
659 ; 123953.62194336663 ; 890377.7255497889 ; 7.225909705635764E7 ; 3.686095435567685E8 ; 156842.00000000003
660 ; 123900.91439520099 ; 889699.5752100399 ; 7.2383050678301E7 ; 3.694999212823183E8 ; 157080.00000000003
661 ; 124148.96783963259 ; 889018.9352362583 ; 7.25069515926962E7 ; 3.703896208575283E8 ; 157318.00000000003
662 ; 123800.57689429284 ; 888336.0882435942 ; 7.263110056053583E7 ; 3.712786397927646E8 ; 157556.00000000003
663 ; 123928.649528622 ; 887651.324016511 ; 7.275490113743013E7 ; 3.721669758810082E8 ; 157794.00000000003
664 ; 124580.45121686604 ; 886964.939689465 ; 7.287882978695875E7 ; 3.730546272050247E8 ; 158032.00000000003
665 ; 124294.59723259156 ; 886277.2399277184 ; 7.300341023817562E7 ; 3.739415921447142E8 ; 158270.00000000003
666 ; 124238.74281503017 ; 885588.5371077191 ; 7.312770483540821E7 ; 3.748278693846419E8 ; 158508.00000000003
667 ; 123904.44137554851 ; 884899.1514963976 ; 7.325194357822324E7 ; 3.757134579217496E8 ; 158746.00000000003
668 ; 124273.44990576382 ; 884209.4114286602 ; 7.33758480195988E7 ; 3.76598357073246E8 ; 158984.00000000003
669 ; 123912.53233100013 ; 883519.6534822851 ; 7.350012146950457E7 ; 3.774825664846747E8 ; 159222.00000000003
670 ; 123725.69225729277 ; 882830.2226493428 ; 7.362403400183557E7 ; 3.7836608613815695E8 ; 159460.00000000003
671 ; 123131.99337153745 ; 882141.4725031721 ; 7.374775969409287E7 ; 3.792489163608063E8 ; 159698.00000000003
672 ; 123502.95363863744 ; 881453.7653598482 ; 7.38708916874644E7 ; 3.801310578333095E8 ; 159936.00000000003
673 ; 123219.64533575177 ; 880767.472432984 ; 7.399439464110304E7 ; 3.810125115986693E8 ; 160174.00000000003
674 ; 123493.98989532418 ; 880082.9739805968 ; 7.41176142864388E7 ; 3.8189327907110226E8 ; 160412.00000000003
675 ; 123392.44119936734 ; 879400.6594426632 ; 7.424110827633412E7 ; 3.8277336204508287E8 ; 160650.00000000003
676 ; 123285.23035504075 ; 878720.9275678708 ; 7.436450071753348E7 ; 3.8365276270452553E8 ; 160888.00000000003
677 ; 123336.8862513571 ; 878044.1865279546 ; 7.448778594788852E7 ; 3.845314836320934E8 ; 161126.00000000003
678 ; 123188.4994366529 ; 877370.85401788 ; 7.461112283413988E7 ; 3.854095278186214E8 ; 161364.00000000003
679 ; 122810.75211022834 ; 876701.3573400155 ; 7.473431133357653E7 ; 3.8628689867263925E8 ; 161602.00000000003
680 ; 122477.64234723557 ; 876036.133470292 ; 7.485712208568676E7 ; 3.871636000299793E8 ; 161840.00000000003
681 ; 122371.05979841214 ; 875375.629104234 ; 7.497959972803399E7 ; 3.880396361634496E8 ; 162078.00000000003
682 ; 122600.3174298337 ; 874720.3006806012 ; 7.510197078783241E7 ; 3.8891501179255384E8 ; 162316.00000000003
683 ; 122137.99915681804 ; 874070.6143802541 ; 7.522457110526225E7 ; 3.897897320932344E8 ; 162554.00000000003
684 ; 121838.34889362019 ; 873427.0460977291 ; 7.534670910441907E7 ; 3.9066380270761466E8 ; 162792.00000000003
685 ; 122099.97072952424 ; 872790.0813828883 ; 7.54685474533127E7 ; 3.915372297537124E8 ; 163030.00000000003
686 ; 121941.59205149629 ; 872160.2153498862 ; 7.559064742404222E7 ; 3.924100198350953E8 ; 163268.00000000003
687 ; 121555.43891125477 ; 871537.9525505982 ; 7.571258901609372E7 ; 3.932821800504452E8 ; 163506.00000000003
688 ; 121456.27969646089 ; 870923.8068095539 ; 7.583414445500498E7 ; 3.941537180029958E8 ; 163744.00000000003
689 ; 121254.45212719416 ; 870318.3010173485 ; 7.595560073470144E7 ; 3.9502464180980533E8 ; 163982.00000000003
690 ; 121212.71053070555 ; 869721.9668794378 ; 7.607685518682863E7 ; 3.958949601108227E8 ; 164220.00000000003
691 ; 120499.59805823608 ; 869135.344617194 ; 7.619806789735933E7 ; 3.967646820777021E8 ; 164458.00000000003
692 ; 120699.11238320718 ; 868558.9826180878 ; 7.631856749541757E7 ; 3.976338174223193E8 ; 164696.00000000003
693 ; 120214.30844830722 ; 867993.4370318789 ; 7.643926660780077E7 ; 3.985023764049374E8 ; 164934.00000000003
694 ; 120522.31887378768 ; 867439.2713097702 ; 7.655948091624907E7 ; 3.9937036984196925E8 ; 165172.00000000003
695 ; 120238.12861178869 ; 866897.0556835553 ; 7.668000323512286E7 ; 4.0023780911327904E8 ; 165410.00000000003
696 ; 120235.19126725619 ; 866367.3665819591 ; 7.680024136373465E7 ; 4.011047061689626E8 ; 165648.00000000003
697 ; 119433.57365622351 ; 865850.7859815417 ; 7.69204765550019E7 ; 4.019710735355446E8 ; 165886.00000000003
698 ; 119384.17136517356 ; 865347.9006897928 ; 7.703991012865812E7 ; 4.028369243215261E8 ; 166124.00000000003
699 ; 119177.27233217006 ; 864859.3015583484 ; 7.715929430002329E7 ; 4.037022722222159E8 ; 166362.00000000003
700 ; 119075.31313263599 ; 864385.5826246256 ; 7.727847157235546E7 ; 4.0456713152377427E8 ; 166600.00000000003
701 ; 118509.23268606974 ; 863927.3401806029 ; 7.73975468854881E7 ; 4.054315171063989E8 ; 166838.00000000003
702 ; 118472.67490137165 ; 863485.171767971 ; 7.751605611817417E7 ; 4.0629544444657946E8 ; 167076.00000000003
703 ; 118092.22346756916 ; 863059.6750994539 ; 7.763452879307553E7 ; 4.071589296183474E8 ; 167314.00000000003
704 ; 118004.6048089676 ; 862651.4469067199 ; 7.77526210165431E7 ; 4.0802198929344684E8 ; 167552.00000000003
705 ; 117699.16376729318 ; 862261.0817160272 ; 7.787062562135208E7 ; 4.088846407403536E8 ; 167790.00000000003
706 ; 117565.43316228274 ; 861889.1705534947 ; 7.798832478511937E7 ; 4.097469018220696E8 ; 168028.00000000003
707 ; 116508.50058352228 ; 861536.2995827316 ; 7.810589021828166E7 ; 4.106087909926231E8 ; 168266.00000000003
708 ; 116871.62341202179 ; 861203.0486784343 ; 7.822239871886519E7 ; 4.114703272922058E8 ; 168504.00000000003
709 ; 116235.09123201994 ; 860889.9899404843 ; 7.833927034227721E7 ; 4.1233153034088427E8 ; 168742.00000000003
710 ; 115824.85315252753 ; 860597.6861540386 ; 7.845550543350923E7 ; 4.1319242033082473E8 ; 168980.00000000003
711 ; 115605.12316754901 ; 860326.6892020927 ; 7.857133028666176E7 ; 4.140530180169788E8 ; 169218.00000000003
712 ; 115127.5026226564 ; 860077.5384379695 ; 7.86869354098293E7 ; 4.149133447061809E8 ; 169456.00000000003
713 ; 115432.6976964788 ; 859850.7590261719 ; 7.880206291245195E7 ; 4.1577342224461883E8 ; 169694.00000000003
714 ; 114547.35502827985 ; 859646.8602609802 ; 7.891749561014843E7 ; 4.16633273003645E8 ; 169932.00000000003
715 ; 114528.45684384758 ; 859466.3338730668 ; 7.903204296517672E7 ; 4.1749291986390597E8 ; 170170.00000000003
716 ; 114400.95318972552 ; 859309.6523352301 ; 7.914657142202057E7 ; 4.1835238619777906E8 ; 170408.00000000003
717 ; 113953.15056866233 ; 859177.2671790771 ; 7.92609723752103E7 ; 4.192116958501143E8 ; 170646.00000000003
718 ; 113642.12745138168 ; 859069.6073351044 ; 7.937492552577896E7 ; 4.2007087311729336E8 ; 170884.00000000003
719 ; 113089.76414510369 ; 858987.0775091085 ; 7.948856765323034E7 ; 4.2092994272462845E8 ; 171122.00000000003
720 ; 112683.59891299676 ; 858930.0566081821 ; 7.960165741737545E7 ; 4.2178892980213755E8 ; 171360.00000000003
721 ; 113153.35937466563 ; 858898.8962297145 ; 7.971434101628844E7 ; 4.2264785985874575E8 ; 171598.00000000003
722 ; 113085.94213617833 ; 858893.9192267746 ; 7.982749437566312E7 ; 4.235067587549755E8 ; 171836.00000000003
723 ; 114186.77967058588 ; 858915.4183630381 ; 7.99405803177993E7 ; 4.2436565267420226E8 ; 172074.00000000003
724 ; 114411.0777268624 ; 858963.6550699776 ; 8.005476709746988E7 ; 4.252245680925653E8 ; 172312.00000000003
725 ; 115035.98566256682 ; 859038.8583184001 ; 8.016917817519674E7 ; 4.260835317476353E8 ; 172550.00000000003
726 ; 114701.304628631 ; 859141.2236155744 ; 8.02842141608593E7 ; 4.269425706059537E8 ; 172788.00000000003
727 ; 115287.52371626097 ; 859270.9121381468 ; 8.039891546548793E7 ; 4.278017118295693E8 ; 173026.00000000003
728 ; 115353.52109815089 ; 859428.0500098221 ; 8.051420298920418E7 ; 4.2866098274170744E8 ; 173264.00000000003
729 ; 116169.71911046389 ; 859612.727731403 ; 8.062955651030234E7 ; 4.295204107917173E8 ; 173502.00000000003
730 ; 116157.7750017806 ; 859824.9997692422 ; 8.07457262294128E7 ; 4.303800235194487E8 ; 173740.00000000003
731 ; 116355.90634537538 ; 860064.884306527 ; 8.086188400441457E7 ; 4.3123984851921797E8 ; 173978.00000000003
732 ; 116356.83102309331 ; 860332.3631600701 ; 8.097823991075996E7 ; 4.320999134035245E8 ; 174216.00000000003
733 ; 116498.28790846512 ; 860627.3818635187 ; 8.109459674178305E7 ; 4.329602457666846E8 ; 174454.00000000003
734 ; 117034.65464732386 ; 860949.8499160702 ; 8.121109502969152E7 ; 4.338208731485481E8 ; 174692.00000000003
735 ; 117118.8555136743 ; 861299.6411940197 ; 8.132812968433884E7 ; 4.3468182299846417E8 ; 174930.00000000003
736 ; 117018.18677680998 ; 861676.5945207212 ; 8.144524853985251E7 ; 4.355431226396582E8 ; 175168.00000000003
737 ; 117651.09652676806 ; 862080.5143889058 ; 8.156226672662933E7 ; 4.3640479923417896E8 ; 175406.00000000003
738 ; 117722.52974614492 ; 862511.1718277661 ; 8.16799178231561E7 ; 4.372668797485679E8 ; 175644.00000000003
739 ; 117690.6163103079 ; 862968.30540583 ; 8.179764035290225E7 ; 4.381293909203957E8 ; 175882.00000000003
740 ; 118202.17927476187 ; 863451.6223594218 ; 8.191533096921256E7 ; 4.389923592258015E8 ; 176120.00000000003
741 ; 117564.01942592475 ; 863960.7998354719 ; 8.203353314848733E7 ; 4.398558108481609E8 ; 176358.00000000003
742 ; 118361.10148896971 ; 864495.4862365918 ; 8.215109716791326E7 ; 4.4071977164799637E8 ; 176596.00000000003
743 ; 118385.54450353817 ; 865055.3026556885 ; 8.226945826940222E7 ; 4.4158426713423294E8 ; 176834.00000000003
744 ; 118253.4456869248 ; 865639.8443869655 ; 8.238784381390576E7 ; 4.4244932243688864E8 ; 177072.00000000003
745 ; 117548.46443320524 ; 866248.6824999261 ; 8.250609725959268E7 ; 4.4331496228127563E8 ; 177310.00000000003
746 ; 117965.36704076815 ; 866881.3654629634 ; 8.262364572402589E7 ; 4.441812109637756E8 ; 177548.00000000003
747 ; 118116.10740280707 ; 867537.4208032792 ; 8.274161109106666E7 ; 4.4504809232923853E8 ; 177786.00000000003
748 ; 118228.92620430213 ; 868216.3567902006 ; 8.285972719846946E7 ; 4.4591562975004184E8 ; 178024.00000000003
749 ; 118319.14499415492 ; 868917.6641294478 ; 8.297795612467377E7 ; 4.46783846106832E8 ; 178262.00000000003
750 ; 118739.09567641525 ; 869640.8176565175 ; 8.309627526966792E7 ; 4.4765276377096146E8 ; 178500.00000000003
751 ; 118728.72959467418 ; 870385.2780180874 ; 8.321501436534435E7 ; 4.48522404588618E8 ; 178738.00000000003
752 ; 119047.0686252627 ; 871150.4933311616 ; 8.333374309493902E7 ; 4.493927898666361E8 ; 178976.00000000003
753 ; 120184.74197469604 ; 871935.9008105826 ; 8.345279016356428E7 ; 4.5026394035996723E8 ; 179214.00000000003
754 ; 120159.7996450793 ; 872740.9283564695 ; 8.357297490553898E7 ; 4.5113587626077783E8 ; 179452.00000000003
755 ; 120230.54729903716 ; 873564.9960941263 ; 8.369313470518406E7 ; 4.520086171891343E8 ; 179690.00000000003
756 ; 120954.64784315434 ; 874407.5178599427 ; 8.38133652524831E7 ; 4.528821821852284E8 ; 179928.00000000003
757 ; 121317.68813946712 ; 875267.9026278006 ; 8.393431990032625E7 ; 4.5375658970308834E8 ; 180166.00000000003
758 ; 121816.01512928563 ; 876145.5558714418 ; 8.405563758846572E7 ; 4.5463185760571617E8 ; 180404.00000000003
759 ; 121728.81640825036 ; 877039.8808591974 ; 8.4177453603595E7 ; 4.555080031615876E8 ; 180642.00000000003
760 ; 122583.87075506916 ; 877950.2798783442 ; 8.429918242000325E7 ; 4.563850430424468E8 ; 180880.00000000003
761 ; 122920.5422362694 ; 878876.1553871906 ; 8.442176629075833E7 ; 4.572629933223251E8 ; 181118.00000000003
762 ; 123189.71784846006 ; 879816.9110937594 ; 8.45446868329946E7 ; 4.581418694777123E8 ; 181356.00000000003
763 ; 123569.75488795078 ; 880771.9529606323 ; 8.466787655084306E7 ; 4.5902168638880605E8 ; 181594.00000000003
764 ; 123688.72039538139 ; 881740.6901361736 ; 8.479144630573101E7 ; 4.5990245834176666E8 ; 181832.00000000003
765 ; 124362.15502685095 ; 882722.5358128934 ; 8.49151350261264E7 ; 4.6078419903190285E8 ; 182070.00000000003
766 ; 124588.15468266833 ; 883716.9080142325 ; 8.503949718115325E7 ; 4.6166692156771576E8 ; 182308.00000000003
767 ; 124781.30215084119 ; 884723.2303114654 ; 8.516408533583592E7 ; 4.6255063847573E8 ; 182546.00000000003
768 ; 125070.30938639888 ; 885740.9324727979 ; 8.528886663798676E7 ; 4.6343536170604146E8 ; 182784.00000000003
769 ; 125321.17514778161 ; 886769.4510470284 ; 8.541393694737317E7 ; 4.643211026385143E8 ; 183022.00000000003
770 ; 125137.48145829355 ; 887808.229884396 ; 8.553925812252095E7 ; 4.652078720895613E8 ; 183260.00000000003
771 ; 125331.073722784 ; 888856.7205974306 ; 8.566439560397924E7 ; 4.6609568031944567E8 ; 183498.00000000003
772 ; 126187.82447478679 ; 889914.3829647598 ; 8.578972667770202E7 ; 4.669845370400431E8 ; 183736.00000000003
773 ; 126502.33944062269 ; 890980.6852809282 ; 8.59159145021768E7 ; 4.6787445142300785E8 ; 183974.00000000003
774 ; 126496.84896390783 ; 892055.1046553402 ; 8.604241684161744E7 ; 4.6876543210828876E8 ; 184212.00000000003
775 ; 126545.75229842885 ; 893137.1272634661 ; 8.616891369058134E7 ; 4.696574872129441E8 ; 184450.00000000003
776 ; 126918.96303809645 ; 894226.2485534309 ; 8.629545944287977E7 ; 4.705506243402076E8 ; 184688.00000000003
777 ; 127075.3333585635 ; 895321.9734110798 ; 8.642237840591787E7 ; 4.7144485058876103E8 ; 184926.00000000003
778 ; 127001.15604366185 ; 896423.8162865508 ; 8.654945373927644E7 ; 4.723401725621721E8 ; 185164.00000000003
779 ; 127227.09673274503 ; 897531.3012853076 ; 8.66764548953201E7 ; 4.732365963784587E8 ; 185402.00000000003
780 ; 127788.37154314683 ; 898643.9622264896 ; 8.680368199205285E7 ; 4.74134127679744E8 ; 185640.00000000003
781 ; 127645.80628696717 ; 899761.3426713372 ; 8.6931470363596E7 ; 4.750327716419705E8 ; 185878.00000000003
782 ; 127882.79270552934 ; 900882.9959243258 ; 8.705911616988297E7 ; 4.7593253298464185E8 ; 186116.00000000003
783 ; 128089.69292603513 ; 902008.4850095238 ; 8.71869989625885E7 ; 4.768334159805662E8 ; 186354.00000000003
784 ; 127937.93339099026 ; 903137.3826245646 ; 8.731508865551454E7 ; 4.7773542446557575E8 ; 186592.00000000003
785 ; 128140.04232031602 ; 904269.2710744806 ; 8.744302658890553E7 ; 4.786385618482003E8 ; 186830.00000000003
786 ; 127952.63433859081 ; 905403.7421875382 ; 8.757116663122584E7 ; 4.795428311192748E8 ; 187068.00000000003
787 ; 128415.80632056396 ; 906540.3972150492 ; 8.769911926556443E7 ; 4.8044823486146235E8 ; 187306.00000000003
788 ; 128194.43212085558 ; 907678.8467170376 ; 8.782753507188499E7 ; 4.813547752586774E8 ; 187544.00000000003
789 ; 128292.91768808122 ; 908818.7104354855 ; 8.795572950400585E7 ; 4.822624541053945E8 ; 187782.00000000003
790 ; 128713.359982502 ; 909959.61715678 ; 8.808402242169394E7 ; 4.8317127281583E8 ; 188020.00000000003
791 ; 128190.32746327741 ; 911101.2045648462 ; 8.821273578167644E7 ; 4.840812324329868E8 ; 188258.00000000003
792 ; 128382.52873327854 ; 912243.1190863454 ; 8.834092610913973E7 ; 4.8499233363755167E8 ; 188496.00000000003
793 ; 128352.86014027992 ; 913385.0157292067 ; 8.846930863787301E7 ; 4.85904576756638E8 ; 188734.00000000003
794 ; 128678.93816473719 ; 914526.5579156519 ; 8.859766149801329E7 ; 4.868179617723672E8 ; 188972.00000000003
795 ; 128449.70756756613 ; 915667.4173107753 ; 8.872634043617803E7 ; 4.877324883302828E8 ; 189210.00000000003
796 ; 128638.31034235016 ; 916807.273647646 ; 8.88547901437456E7 ; 4.886481557475936E8 ; 189448.00000000003
797 ; 128041.65139620836 ; 917945.8145498161 ; 8.898342845408796E7 ; 4.8956496302124125E8 ; 189686.00000000003
798 ; 127866.14958877157 ; 919082.7353520228 ; 8.911147010548417E7 ; 4.9048290883579105E8 ; 189924.00000000003
799 ; 128801.44267082453 ; 920217.7389198114 ; 8.923933625507295E7 ; 4.914019915711431E8 ; 190162.00000000003
800 ; 128486.22034745832 ; 921350.5354687166 ; 8.936813769774377E7 ; 4.923222093100629E8 ; 190400.00000000003
801 ; 128304.50886855152 ; 922480.8423835896 ; 8.949662391809124E7 ; 4.932435598455316E8 ; 190638.00000000003
802 ; 128286.22823347303 ; 923608.3840385785 ; 8.962492842695978E7 ; 4.9416604068791515E8 ; 190876.00000000003
803 ; 128135.73594711654 ; 924732.8916182228 ; 8.975321465519325E7 ; 4.950896490719537E8 ; 191114.00000000003
804 ; 128032.94489600637 ; 925854.1029400718 ; 8.988135039114037E7 ; 4.9601438196357197E8 ; 191352.00000000003
805 ; 127952.45838419496 ; 926971.7622791731 ; 9.000938333603638E7 ; 4.9694023606651205E8 ; 191590.00000000003
806 ; 127820.4677131145 ; 928085.6201947501 ; 9.013733579442059E7 ; 4.978672078287912E8 ; 191828.00000000003
807 ; 127545.63622743348 ; 929195.4333593316 ; 9.02651562621337E7 ; 4.9879529344898593E8 ; 192066.00000000003
808 ; 127920.14908383167 ; 930300.9643905711 ; 9.039270189836113E7 ; 4.9972448888234526E8 ; 192304.00000000003
809 ; 127711.69238476871 ; 931401.9816859468 ; 9.052062204744497E7 ; 5.0065478984673584E8 ; 192542.00000000003
810 ; 127145.95624246981 ; 932498.2592605108 ; 9.064833373982973E7 ; 5.015861918284218E8 ; 192780.00000000003
811 ; 127577.74484251352 ; 933589.576587828 ; 9.07754796960722E7 ; 5.025186900876823E8 ; 193018.00000000003
812 ; 127068.81341072678 ; 934675.7184442107 ; 9.090305744091472E7 ; 5.0345227966427016E8 ; 193256.00000000003
813 ; 126828.42723796153 ; 935756.4747563419 ; 9.103012625432545E7 ; 5.043869553827144E8 ; 193494.00000000003
814 ; 126530.07630055097 ; 936831.6404523524 ; 9.11569546815634E7 ; 5.0532271185747075E8 ; 193732.00000000003
815 ; 126515.24278935694 ; 937901.0153164037 ; 9.128348475786395E7 ; 5.062595434979231E8 ; 193970.00000000003
816 ; 125984.98015233311 ; 938964.4038468058 ; 9.141000000065331E7 ; 5.071974445132395E8 ; 194208.00000000003
817 ; 125826.71652527162 ; 940021.615117689 ; 9.153598498080565E7 ; 5.081364089170863E8 ; 194446.00000000003
818 ; 126278.5096256843 ; 941072.4626442321 ; 9.166181169733092E7 ; 5.09076430532204E8 ; 194684.00000000003
819 ; 125756.57231705364 ; 942116.7642514432 ; 9.178809020695661E7 ; 5.100175029948482E8 ; 194922.00000000003
820 ; 125175.60651257235 ; 943154.3419464689 ; 9.191384677927366E7 ; 5.1095961975909966E8 ; 195160.00000000003
821 ; 124722.05084789757 ; 944185.0217944102 ; 9.203902238578624E7 ; 5.1190277410104614E8 ; 195398.00000000003
822 ; 125018.31013701495 ; 945208.6337976044 ; 9.216374443663414E7 ; 5.128469591228406E8 ; 195636.00000000003
823 ; 124579.68649709967 ; 946225.0117783372 ; 9.228876274677116E7 ; 5.1379216775663817E8 ; 195874.00000000003
824 ; 124562.54834729937 ; 947233.9932649328 ; 9.241334243326825E7 ; 5.147383927684165E8 ; 196112.00000000003
825 ; 123926.43566065843 ; 948235.4193811644 ; 9.253790498161554E7 ; 5.1568562676168144E8 ; 196350.00000000003
826 ; 123600.29816903557 ; 949229.1347389405 ; 9.26618314172762E7 ; 5.166338621810626E8 ; 196588.00000000003
827 ; 123689.54859226501 ; 950214.9873341918 ; 9.278543171544524E7 ; 5.175830913158015E8 ; 196826.00000000003
828 ; 123315.77426759023 ; 951192.8284459009 ; 9.29091212640375E7 ; 5.185333063031357E8 ; 197064.00000000003
829 ; 123115.6396383802 ; 952162.5125382104 ; 9.303243703830509E7 ; 5.194844991315816E8 ; 197302.00000000003
830 ; 122238.7085752282 ; 953123.8971655353 ; 9.315555267794347E7 ; 5.204366616441198E8 ; 197540.00000000003
831 ; 122258.5138085451 ; 954076.8428806147 ; 9.32777913865187E7 ; 5.2138978554128534E8 ; 197778.00000000003
832 ; 121856.34314768072 ; 955021.2131454285 ; 9.340004990032725E7 ; 5.2234386238416594E8 ; 198016.00000000003
833 ; 121603.14429005484 ; 955956.8742449065 ; 9.352190624347493E7 ; 5.232988835973114E8 ; 198254.00000000003
834 ; 121033.86534180584 ; 956883.6952033656 ; 9.364350938776499E7 ; 5.242548404715563E8 ; 198492.00000000003
835 ; 120454.17340424636 ; 957801.5477035915 ; 9.37645432531068E7 ; 5.2521172416675967E8 ; 198730.00000000003
836 ; 120508.24326359447 ; 958710.3060084999 ; 9.388499742651105E7 ; 5.2616952571446323E8 ; 198968.00000000003
837 ; 119850.34927261544 ; 959609.846885308 ; 9.400550566977464E7 ; 5.2712823602047175E8 ; 199206.00000000003
838 ; 119246.3999302691 ; 960500.0495321382 ; 9.412535601904725E7 ; 5.280878458673571E8 ; 199444.00000000003
839 ; 119403.83840059437 ; 961380.7955069891 ; 9.424460241897751E7 ; 5.290483459168892E8 ; 199682.00000000003
840 ; 118444.36859460214 ; 962251.9686590007 ; 9.43640062573781E7 ; 5.300097267123962E8 ; 199920.00000000003
841 ; 118183.15046894902 ; 963113.4550619527 ; 9.44824506259727E7 ; 5.309719786810552E8 ; 200158.00000000003
842 ; 117321.61618326651 ; 963965.1429499184 ; 9.460063377644165E7 ; 5.3193509213611716E8 ; 200396.00000000003
843 ; 116903.95711488629 ; 964806.9226550164 ; 9.471795539262491E7 ; 5.328990572790671E8 ; 200634.00000000003
844 ; 116822.89275924236 ; 965638.6865471938 ; 9.48348593497398E7 ; 5.3386386420172215E8 ; 200872.00000000003
845 ; 116484.13482457786 ; 966460.3289759739 ; 9.495168224249905E7 ; 5.3482950288826936E8 ; 201110.00000000003
846 ; 116101.60361103596 ; 967271.7462141113 ; 9.506816637732363E7 ; 5.3579596321724534E8 ; 201348.00000000003
847 ; 115441.1637485557 ; 968072.8364030923 ; 9.518426798093466E7 ; 5.3676323496345943E8 ; 201586.00000000003
848 ; 114836.77770112341 ; 968863.499500419 ; 9.529970914468323E7 ; 5.377313077998625E8 ; 201824.00000000003
849 ; 114296.71794139122 ; 969643.6372286255 ; 9.541454592238435E7 ; 5.387001712993629E8 ; 202062.00000000003
850 ; 114101.81109977432 ; 970413.1530259629 ; 9.552884264032574E7 ; 5.396698149365915E8 ; 202300.00000000003
851 ; 113063.35612441604 ; 971171.9519987049 ; 9.564294445142551E7 ; 5.406402280896175E8 ; 202538.00000000003
852 ; 112482.79335540585 ; 971919.9408750182 ; 9.575600780754992E7 ; 5.416114000416162E8 ; 202776.00000000003
853 ; 112238.28970805902 ; 972657.0279603455 ; 9.586849060090533E7 ; 5.425833199824913E8 ; 203014.00000000003
854 ; 111511.92125629066 ; 973383.1230942524 ; 9.598072889061339E7 ; 5.435559770104516E8 ; 203252.00000000003
855 ; 111215.29413970161 ; 974098.1376086904 ; 9.609224081186968E7 ; 5.445293601335458E8 ; 203490.00000000003
856 ; 110633.35654712726 ; 974801.984287626 ; 9.620345610600938E7 ; 5.455034582711544E8 ; 203728.00000000003
857 ; 110098.07425373961 ; 975494.5773279936 ; 9.631408946255651E7 ; 5.46478260255442E8 ; 203966.00000000003
858 ; 108973.36187532068 ; 976175.8323019248 ; 9.642418753681025E7 ; 5.4745375483277E8 ; 204204.00000000003
859 ; 108287.83430433122 ; 976845.6661202152 ; 9.653316089868557E7 ; 5.48429930665072E8 ; 204442.00000000003
860 ; 108058.07672313653 ; 977503.9969969807 ; 9.66414487329899E7 ; 5.494067763311921E8 ; 204680.00000000003
861 ; 107372.88562090357 ; 978150.7444154717 ; 9.674950680971305E7 ; 5.503842803281891E8 ; 204918.00000000003
862 ; 106787.52754571244 ; 978785.8290949981 ; 9.685687969533396E7 ; 5.513624310726047E8 ; 205156.00000000003
863 ; 105814.11208370501 ; 979409.1729589313 ; 9.696366722287966E7 ; 5.523412169016997E8 ; 205394.00000000003
864 ; 105370.37680871667 ; 980020.6991037508 ; 9.706948133496337E7 ; 5.533206260746586E8 ; 205632.00000000003
865 ; 106053.54887879132 ; 980620.3317690869 ; 9.717485171177208E7 ; 5.543006467737623E8 ; 205870.00000000003
866 ; 106645.76375426765 ; 981207.996308745 ; 9.728090526065087E7 ; 5.552812671055315E8 ; 206108.00000000003
867 ; 106872.83540333057 ; 981783.6191626588 ; 9.738755102440514E7 ; 5.562624751018403E8 ; 206346.00000000003
868 ; 107480.53781994476 ; 982347.1278297559 ; 9.749442385980846E7 ; 5.572442587210029E8 ; 206584.00000000003
869 ; 107786.4027178921 ; 982898.4508416944 ; 9.760190439762841E7 ; 5.582266058488327E8 ; 206822.00000000003
870 ; 108741.45207854164 ; 983437.5177374488 ; 9.77096908003463E7 ; 5.592095042996744E8 ; 207060.00000000003
871 ; 108923.26068986245 ; 983964.2590387111 ; 9.781843225242484E7 ; 5.601929418174119E8 ; 207298.00000000003
872 ; 109391.81089566275 ; 984478.6062260809 ; 9.79273555131147E7 ; 5.611769060764506E8 ; 207536.00000000003
873 ; 109825.81783557318 ; 984980.4917160192 ; 9.803674732401037E7 ; 5.621613846826767E8 ; 207774.00000000003
874 ; 110447.9211113821 ; 985469.848838539 ; 9.814657314184594E7 ; 5.631463651743927E8 ; 208012.00000000003
875 ; 110795.8290040743 ; 985946.6118156065 ; 9.825702106295732E7 ; 5.641318350232313E8 ; 208250.00000000003
876 ; 111381.20290276069 ; 986410.7157402318 ; 9.83678168919614E7 ; 5.651177816350468E8 ; 208488.00000000003
877 ; 111742.20517850979 ; 986862.0965562224 ; 9.847919809486416E7 ; 5.66104192350787E8 ; 208726.00000000003
878 ; 112480.52941883332 ; 987300.6910385805 ; 9.859094030004267E7 ; 5.670910544473432E8 ; 208964.00000000003
879 ; 112597.8963803144 ; 987726.4367745194 ; 9.87034208294615E7 ; 5.680783551383818E8 ; 209202.00000000003
880 ; 112760.46927601728 ; 988139.2721450803 ; 9.881601872584182E7 ; 5.690660815751563E8 ; 209440.00000000003
881 ; 113459.88213741072 ; 988539.1363073284 ; 9.892877919511783E7 ; 5.700542208473014E8 ; 209678.00000000003
882 ; 113591.21847583052 ; 988925.9691771087 ; 9.904223907725525E7 ; 5.710427599836087E8 ; 209916.00000000003
883 ; 114235.98529794916 ; 989299.7114123441 ; 9.915583029573108E7 ; 5.720316859527858E8 ; 210154.00000000003
884 ; 114659.39270206357 ; 989660.3043968534 ; 9.927006628102903E7 ; 5.730209856641982E8 ; 210392.00000000003
885 ; 115224.93546238208 ; 990007.6902246806 ; 9.938472567373109E7 ; 5.74010645968595E8 ; 210630.00000000003
886 ; 115178.39099208635 ; 990341.8116849072 ; 9.949995060919347E7 ; 5.750006536588197E8 ; 210868.00000000003
887 ; 115803.58370984484 ; 990662.61224694 ; 9.961512900018556E7 ; 5.759909954705046E8 ; 211106.00000000003
888 ; 115913.32888072544 ; 990970.036046256 ; 9.973093258389542E7 ; 5.769816580827516E8 ; 211344.00000000003
889 ; 116417.33166206992 ; 991264.0278705873 ; 9.984684591277614E7 ; 5.779726281187979E8 ; 211582.00000000003
890 ; 117018.77691620587 ; 991544.5331465334 ; 9.996326324443822E7 ; 5.789638921466684E8 ; 211820.00000000003
891 ; 117453.49567247316 ; 991811.4979265882 ; 1.0008028202135442E8 ; 5.799554366798149E8 ; 212058.00000000003
892 ; 117605.33162568454 ; 992064.8688765634 ; 1.001977355170269E8 ; 5.809472481777415E8 ; 212296.00000000003
893 ; 118208.08446309232 ; 992304.5932634011 ; 1.0031534084865259E8 ; 5.819393130466181E8 ; 212534.00000000003
894 ; 118480.63491729525 ; 992530.6189433574 ; 1.0043354893311568E8 ; 5.829316176398815E8 ; 212772.00000000003
895 ; 118749.12946033404 ; 992742.8943505477 ; 1.0055202956803297E8 ; 5.839241482588248E8 ; 213010.00000000003
896 ; 119079.63207900853 ; 992941.3684858438 ; 1.006707786974933E8 ; 5.849168911531754E8 ; 213248.00000000003
897 ; 119410.6586784868 ; 993125.9909061054 ; 1.007898583295723E8 ; 5.859098325216612E8 ; 213486.00000000003
898 ; 119917.58544400321 ; 993296.711713741 ; 1.0090926898825079E8 ; 5.869029585125673E8 ; 213724.00000000003
899 ; 119954.19230278436 ; 993453.4815465858 ; 1.010291865736948E8 ; 5.878962552242811E8 ; 213962.00000000003
900 ; 120911.82980076024 ; 993596.2515680828 ; 1.0114914076599757E8 ; 5.888897087058277E8 ; 214200.00000000003
901 ; 120609.04920276653 ; 993724.9734577638 ; 1.0127005259579833E8 ; 5.898833049573958E8 ; 214438.00000000003
902 ; 121390.4413407789 ; 993839.5994020131 ; 1.013906616450011E8 ; 5.908770299308536E8 ; 214676.00000000003
903 ; 121600.78126840951 ; 993940.0820851139 ; 1.0151205208634187E8 ; 5.918708695302557E8 ; 214914.00000000003
904 ; 122170.1961400113 ; 994026.3746805576 ; 1.0163365286761028E8 ; 5.928648096123408E8 ; 215152.00000000003
905 ; 122104.57259432445 ; 994098.4308426181 ; 1.0175582306375028E8 ; 5.938588359870213E8 ; 215390.00000000003
906 ; 122452.00125736186 ; 994156.2046981738 ; 1.0187792763634461E8 ; 5.94852934417864E8 ; 215628.00000000003
907 ; 122539.94638601164 ; 994199.6508387759 ; 1.0200037963760197E8 ; 5.958470906225622E8 ; 215866.00000000003
908 ; 122861.93981333589 ; 994228.7243129525 ; 1.0212291958398798E8 ; 5.968412902734009E8 ; 216104.00000000003
909 ; 123134.81651868497 ; 994243.3806187393 ; 1.0224578152380131E8 ; 5.978355189977138E8 ; 216342.00000000003
910 ; 123586.98401277345 ; 994243.5756964326 ; 1.0236891634031999E8 ; 5.988297623783325E8 ; 216580.00000000003
911 ; 123367.46267957886 ; 994229.2659215585 ; 1.0249250332433276E8 ; 5.99824005954029E8 ; 216818.00000000003
912 ; 123593.82793313907 ; 994200.408098046 ; 1.0261587078701234E8 ; 6.008182352199506E8 ; 217056.00000000003
913 ; 124298.81683509622 ; 994156.9594516032 ; 1.0273946461494547E8 ; 6.018124356280487E8 ; 217294.00000000003
914 ; 124129.22294102733 ; 994098.8776232895 ; 1.0286376343178056E8 ; 6.028065925875002E8 ; 217532.00000000003
915 ; 124545.0069646697 ; 994026.1206632729 ; 1.0298789265472159E8 ; 6.038006914651235E8 ; 217770.00000000003
916 ; 124601.14801597988 ; 993938.6470247741 ; 1.0311243766168626E8 ; 6.047947175857868E8 ; 218008.00000000003
917 ; 125171.18983342397 ; 993836.4155581832 ; 1.0323703880970223E8 ; 6.057886562328116E8 ; 218246.00000000003
918 ; 125416.99557316425 ; 993719.3855053536 ; 1.0336220999953565E8 ; 6.067824926483698E8 ; 218484.00000000003
919 ; 125879.65561313427 ; 993587.5164940574 ; 1.0348762699510881E8 ; 6.077762120338751E8 ; 218722.00000000003
920 ; 125932.51940725293 ; 993440.7685326033 ; 1.0361350665072195E8 ; 6.087697995503691E8 ; 218960.00000000003
921 ; 126065.80503045768 ; 993279.1020046128 ; 1.0373943917012921E8 ; 6.097632403189018E8 ; 219198.00000000003
922 ; 126150.24306850747 ; 993102.4776639447 ; 1.0386550497515967E8 ; 6.107565194209064E8 ; 219436.00000000003
923 ; 126388.69626041793 ; 992910.8566297697 ; 1.0399165521822818E8 ; 6.117496218985704E8 ; 219674.00000000003
924 ; 126207.99861845475 ; 992704.2003817835 ; 1.041180439144886E8 ; 6.127425327552001E8 ; 219912.00000000003
925 ; 126545.01410629286 ; 992482.4707555615 ; 1.0424425191310705E8 ; 6.137352369555819E8 ; 220150.00000000003
926 ; 126871.11203000043 ; 992245.6299380456 ; 1.0437079692721334E8 ; 6.147277194263375E8 ; 220388.00000000003
927 ; 127006.28981767295 ; 991993.6404631609 ; 1.0449766803924334E8 ; 6.157199650562755E8 ; 220626.00000000003
928 ; 126596.52056279563 ; 991726.465207558 ; 1.0462467432906102E8 ; 6.167119586967386E8 ; 220864.00000000003
929 ; 127393.64309967178 ; 991444.067386478 ; 1.0475127084962381E8 ; 6.177036851619462E8 ; 221102.00000000003
930 ; 127834.86676068389 ; 991146.410549735 ; 1.0487866449272348E8 ; 6.186951292293327E8 ; 221340.00000000003
931 ; 127465.30450190885 ; 990833.458577816 ; 1.0500649935948417E8 ; 6.196862756398824E8 ; 221578.00000000003
932 ; 127793.96575841733 ; 990505.1756780869 ; 1.0513396466398607E8 ; 6.206771090984603E8 ; 221816.00000000003
933 ; 127772.00710427137 ; 990161.5263811138 ; 1.0526175862974449E8 ; 6.216676142741385E8 ; 222054.00000000003
934 ; 128049.48390371323 ; 989802.4755370817 ; 1.0538953063684876E8 ; 6.226577758005196E8 ; 222292.00000000003
935 ; 128362.73568097167 ; 989427.9883123206 ; 1.0551758012075247E8 ; 6.236475782760566E8 ; 222530.00000000003
936 ; 128303.72915464808 ; 989038.0301859283 ; 1.0564594285643344E8 ; 6.24637006264369E8 ; 222768.00000000003
937 ; 128499.30872992238 ; 988632.5669464879 ; 1.0577424658558808E8 ; 6.25626044294555E8 ; 223006.00000000003
938 ; 128319.0025204659 ; 988211.5646888803 ; 1.05902745894318E8 ; 6.266146768615015E8 ; 223244.00000000003
939 ; 128875.52085558545 ; 987774.9898111853 ; 1.0603106489683847E8 ; 6.276028884261904E8 ; 223482.00000000003
940 ; 129027.40344741981 ; 987048.6465340193 ; 1.0615994041769406E8 ; 6.285906634160016E8 ; 223720.00000000003
941 ; 128719.94501284158 ; 985364.7791547533 ; 1.0628896782114148E8 ; 6.295777120625355E8 ; 223958.00000000003
942 ; 128823.48313716683 ; 983671.838399398 ; 1.0641768776615432E8 ; 6.305630768416903E8 ; 224196.00000000003
943 ; 129053.1216877859 ; 981969.824267953 ; 1.0654651124929148E8 ; 6.315467486800897E8 ; 224434.00000000003
944 ; 129071.40060893107 ; 980258.7367604187 ; 1.0667556437097926E8 ; 6.325287185043577E8 ; 224672.00000000003
945 ; 128749.84301564461 ; 978538.5758767949 ; 1.0680463577158819E8 ; 6.335089772411181E8 ; 224910.00000000003
946 ; 129403.03998272339 ; 976809.3416170819 ; 1.0693338561460383E8 ; 6.344875158169949E8 ; 225148.00000000003
947 ; 128835.58698138937 ; 975071.0339812791 ; 1.0706278865458655E8 ; 6.35464325158612E8 ; 225386.00000000003
948 ; 128903.04218145991 ; 973323.652969387 ; 1.0719162424156794E8 ; 6.364393961925933E8 ; 225624.00000000003
949 ; 129144.19083209612 ; 971567.1985814056 ; 1.073205272837494E8 ; 6.374127198455627E8 ; 225862.00000000003
950 ; 129375.64364758972 ; 969801.6708173347 ; 1.074496714745815E8 ; 6.383842870441442E8 ; 226100.00000000003
951 ; 129685.10367534781 ; 968027.0696771742 ; 1.0757904711822909E8 ; 6.393540887149615E8 ; 226338.00000000003
952 ; 129038.4050865112 ; 966243.3951609245 ; 1.0770873222190444E8 ; 6.403221157846388E8 ; 226576.00000000003
953 ; 129477.24183287538 ; 964450.647268585 ; 1.0783777062699096E8 ; 6.412883591797997E8 ; 226814.00000000003
954 ; 129129.2751737109 ; 962648.8260001565 ; 1.0796724786882384E8 ; 6.422528098270682E8 ; 227052.00000000003
955 ; 129263.23045991706 ; 960837.9313556381 ; 1.0809637714399755E8 ; 6.432154586530684E8 ; 227290.00000000003
956 ; 129537.80595451227 ; 959017.9633350306 ; 1.0822564037445746E8 ; 6.44176296584424E8 ; 227528.00000000003
957 ; 129470.98304965856 ; 957188.9219383335 ; 1.0835517818041198E8 ; 6.45135314547759E8 ; 227766.00000000003
958 ; 129283.49241255471 ; 955350.8071655469 ; 1.0848464916346164E8 ; 6.460925034696974E8 ; 228004.00000000003
959 ; 129260.41521595142 ; 953503.6190166712 ; 1.086139326558742E8 ; 6.470478542768629E8 ; 228242.00000000003
960 ; 129138.22784522912 ; 951647.3574917057 ; 1.0874319307109015E8 ; 6.480013578958795E8 ; 228480.00000000003
961 ; 129905.39074953296 ; 949782.0225906508 ; 1.0887233129893537E8 ; 6.489530052533712E8 ; 228718.00000000003
962 ; 130685.66114848558 ; 947907.6143135066 ; 1.090022366896849E8 ; 6.499027872759619E8 ; 228956.00000000003
963 ; 131175.47722580907 ; 946024.1326602729 ; 1.0913292235083339E8 ; 6.508506948902754E8 ; 229194.00000000003
964 ; 132191.74510773062 ; 944131.5776309497 ; 1.092640978280592E8 ; 6.517967190229356E8 ; 229432.00000000003
965 ; 132500.3376043522 ; 942229.949225537 ; 1.0939628957316692E8 ; 6.527408506005666E8 ; 229670.00000000003
966 ; 132801.18175397234 ; 940319.247444035 ; 1.0952878991077128E8 ; 6.536830805497922E8 ; 229908.00000000003
967 ; 133809.42079482984 ; 938399.4722864433 ; 1.0966159109252526E8 ; 6.546233997972362E8 ; 230146.00000000003
968 ; 134710.98587741196 ; 936470.6237527624 ; 1.0979540051332009E8 ; 6.555617992695227E8 ; 230384.00000000003
969 ; 134546.18942631542 ; 934532.7018429922 ; 1.099301114991975E8 ; 6.564982698932754E8 ; 230622.00000000003
970 ; 135534.63232137263 ; 932585.7065571323 ; 1.1006465768862382E8 ; 6.574328025951184E8 ; 230860.00000000003
971 ; 136325.0790471329 ; 930629.637895183 ; 1.1020019232094519E8 ; 6.583653883016756E8 ; 231098.00000000003
972 ; 136692.51779812507 ; 928664.4958571444 ; 1.1033651739999232E8 ; 6.592960179395708E8 ; 231336.00000000003
973 ; 136726.35013904798 ; 926690.2804430161 ; 1.1047320991779044E8 ; 6.602246824354279E8 ; 231574.00000000003
974 ; 137447.3682169905 ; 924706.9916527985 ; 1.106099362679295E8 ; 6.61151372715871E8 ; 231812.00000000003
975 ; 137881.42811947927 ; 922714.6294864914 ; 1.1074738363614649E8 ; 6.620760797075238E8 ; 232050.00000000003
976 ; 138592.19845161084 ; 920713.193944095 ; 1.1088526506426597E8 ; 6.629987943370103E8 ; 232288.00000000003
977 ; 139020.55385040597 ; 918702.685025609 ; 1.1102385726271757E8 ; 6.639195075309544E8 ; 232526.00000000003
978 ; 139343.9218914979 ; 916683.1027310336 ; 1.1116287781656799E8 ; 6.648382102159799E8 ; 232764.00000000003
979 ; 139486.33776196558 ; 914654.4470603688 ; 1.1130222173845948E8 ; 6.657548933187109E8 ; 233002.00000000003
980 ; 139995.22136468985 ; 912616.7180136145 ; 1.1144170807622145E8 ; 6.666695477657713E8 ; 233240.00000000003
981 ; 140215.9350922408 ; 910569.9155907707 ; 1.1158170329758614E8 ; 6.675821644837849E8 ; 233478.00000000003
982 ; 140685.75480762473 ; 908514.0397918377 ; 1.1172191923267838E8 ; 6.684927343993757E8 ; 233716.00000000003
983 ; 140807.187068852 ; 906449.0906168149 ; 1.11862604987486E8 ; 6.694012484391675E8 ; 233954.00000000003
984 ; 141299.89330574888 ; 904375.068065703 ; 1.1200341217455485E8 ; 6.703076975297843E8 ; 234192.00000000003
985 ; 141769.56315290672 ; 902291.9721385014 ; 1.121447120678606E8 ; 6.712120725978501E8 ; 234430.00000000003
986 ; 141924.4324422955 ; 900199.8028352106 ; 1.1228648163101351E8 ; 6.721143645699886E8 ; 234668.00000000003
987 ; 141674.1687824312 ; 898098.5601558302 ; 1.124284060634558E8 ; 6.730145643728238E8 ; 234906.00000000003
988 ; 142257.73774128992 ; 895988.2441003603 ; 1.1257008023223823E8 ; 6.739126629329797E8 ; 235144.00000000003
989 ; 142781.15103232264 ; 893868.8546688011 ; 1.1271233796997952E8 ; 6.7480865117708E8 ; 235382.00000000003
990 ; 142894.56385307468 ; 891740.3918611524 ; 1.1285511912101185E8 ; 6.757025200317489E8 ; 235620.00000000003
991 ; 142780.2920031315 ; 889602.8556774141 ; 1.1299801368486492E8 ; 6.765942604236101E8 ; 235858.00000000003
992 ; 142811.3849724884 ; 887456.2461175866 ; 1.1314079397686805E8 ; 6.774838632792875E8 ; 236096.00000000003
993 ; 143220.43435587484 ; 885300.5631816696 ; 1.1328360536184053E8 ; 6.78371319525405E8 ; 236334.00000000003
994 ; 142945.25487015478 ; 883135.806869663 ; 1.134268257961964E8 ; 6.792566200885867E8 ; 236572.00000000003
995 ; 142678.5043694334 ; 880961.977181567 ; 1.1356977105106656E8 ; 6.801397558954563E8 ; 236810.00000000003
996 ; 142751.14302886146 ; 878779.0741173817 ; 1.13712449555436E8 ; 6.810207178726379E8 ; 237048.00000000003
997 ; 143092.4731160093 ; 876587.0976771069 ; 1.1385520069846486E8 ; 6.818994969467553E8 ; 237286.00000000003
998 ; 143213.4987015422 ; 874386.0478607427 ; 1.1399829317158087E8 ; 6.827760840444324E8 ; 237524.00000000003
999 ; 142747.37492475216 ; 872175.9246682889 ; 1.1414150667028241E8 ; 6.836504700922931E8 ; 237762.00000000003
1000 ; 142454.07874368483 ; 869956.7280997458 ; 1.1428425404520716E8 ; 6.845226460169615E8 ; 238000.00000000003
1001 ; 142537.12726222313 ; 867728.4581551132 ; 1.1442670812395084E8 ; 6.853926027450612E8 ; 238238.00000000003
1002 ; 142028.38942620062 ; 865491.1148343912 ; 1.1456924525121306E8 ; 6.862603312032163E8 ; 238476.00000000003
1003 ; 141908.9674904116 ; 863244.6981375796 ; 1.1471127364063926E8 ; 6.871258223180507E8 ; 238714.00000000003
1004 ; 142026.83900273425 ; 860989.2080646787 ; 1.1485318260812967E8 ; 6.879890670161883E8 ; 238952.00000000003
1005 ; 141747.06314141885 ; 858724.6446156884 ; 1.149952094471324E8 ; 6.888500562242529E8 ; 239190.00000000003
1006 ; 141410.93241274887 ; 856451.0077906084 ; 1.1513695651027381E8 ; 6.897087808688686E8 ; 239428.00000000003
1007 ; 141567.54513764562 ; 854168.2975894393 ; 1.1527836744268656E8 ; 6.905652318766592E8 ; 239666.00000000003
1008 ; 141478.10575954415 ; 851876.5140121806 ; 1.154199349878242E8 ; 6.914194001742486E8 ; 239904.00000000003
1009 ; 140741.1203533289 ; 849575.6570588324 ; 1.1556141309358375E8 ; 6.922712766882608E8 ; 240142.00000000003
1010 ; 140688.63947688384 ; 847265.7267293949 ; 1.1570215421393707E8 ; 6.931208523453196E8 ; 240380.00000000003
1011 ; 140380.61810291346 ; 844946.7230238677 ; 1.1584284285341395E8 ; 6.93968118072049E8 ; 240618.00000000003
1012 ; 139917.59652909945 ; 842618.6459422512 ; 1.1598322347151686E8 ; 6.948130647950729E8 ; 240856.00000000003
1013 ; 139756.72422978547 ; 840281.4954845454 ; 1.1612314106804596E8 ; 6.956556834410151E8 ; 241094.00000000003
1014 ; 139594.38293488152 ; 837935.27165075 ; 1.1626289779227574E8 ; 6.964959649364997E8 ; 241332.00000000003
1015 ; 138949.27938694847 ; 835579.9744408652 ; 1.1640249217521062E8 ; 6.973339002081505E8 ; 241570.00000000003
1016 ; 138782.8879018052 ; 833215.6038548909 ; 1.1654144145459758E8 ; 6.981694801825913E8 ; 241808.00000000003
1017 ; 138306.08003900037 ; 830842.1598928273 ; 1.1668022434249938E8 ; 6.990026957864462E8 ; 242046.00000000003
1018 ; 138035.10929168298 ; 828459.6425546741 ; 1.1681853042253837E8 ; 6.99833537946339E8 ; 242284.00000000003
1019 ; 138016.0645365476 ; 826068.0518404315 ; 1.1695656553183006E8 ; 7.006619975888937E8 ; 242522.00000000003
1020 ; 136995.36687082628 ; 823667.3877500994 ; 1.170945815963666E8 ; 7.014880656407341E8 ; 242760.00000000003
1021 ; 136811.99677584207 ; 821257.650283678 ; 1.1723157696323742E8 ; 7.023117330284842E8 ; 242998.00000000003
1022 ; 136427.2052556922 ; 818838.839441167 ; 1.1736838896001326E8 ; 7.031329906787679E8 ; 243236.00000000003
1023 ; 135905.49899914267 ; 816410.9552225666 ; 1.1750481616526894E8 ; 7.039518295182091E8 ; 243474.00000000003
1024 ; 135491.71355646406 ; 813973.9976278768 ; 1.1764072166426809E8 ; 7.047682404734317E8 ; 243712.00000000003
1025 ; 135118.15657658657 ; 811527.9666570976 ; 1.1777621337782456E8 ; 7.055822144710596E8 ; 243950.00000000003
1026 ; 134468.253000151 ; 809072.8623102289 ; 1.1791133153440115E8 ; 7.063937424377166E8 ; 244188.00000000003
1027 ; 133804.5688329552 ; 806608.6845872707 ; 1.180457997874013E8 ; 7.072028153000268E8 ; 244426.00000000003
1028 ; 133460.7703562941 ; 804135.4334882232 ; 1.1817960435623425E8 ; 7.08009423984614E8 ; 244664.00000000003
1029 ; 132658.8145601859 ; 801653.1090130862 ; 1.1831306512659055E8 ; 7.088135594181023E8 ; 244902.00000000003
1030 ; 131948.96817838782 ; 799161.7111618598 ; 1.1844572394115074E8 ; 7.096152125271153E8 ; 245140.00000000003
1031 ; 131438.1934643814 ; 796661.2399345437 ; 1.1857767290932913E8 ; 7.104143742382772E8 ; 245378.00000000003
1032 ; 130752.03261027641 ; 794151.6953311383 ; 1.1870911110279351E8 ; 7.112110354782118E8 ; 245616.00000000003
1033 ; 130545.72886353286 ; 791633.0773516437 ; 1.188398631354038E8 ; 7.120051871735429E8 ; 245854.00000000003
1034 ; 130043.88975924443 ; 789105.3859960594 ; 1.1897040886426733E8 ; 7.127968202508945E8 ; 246092.00000000003
1035 ; 128445.79087131668 ; 786568.6212643856 ; 1.1910045275402658E8 ; 7.135859256368906E8 ; 246330.00000000003
1036 ; 128146.96874201708 ; 784022.7831566227 ; 1.192288985448979E8 ; 7.14372494258155E8 ; 246568.00000000003
1037 ; 127924.68793181756 ; 781467.87167277 ; 1.1935704551363991E8 ; 7.151565170413116E8 ; 246806.00000000003
1038 ; 127934.46583243425 ; 778903.886812828 ; 1.1948497020157173E8 ; 7.159379849129844E8 ; 247044.00000000003
1039 ; 126968.17974279985 ; 776330.8285767966 ; 1.1961290466740416E8 ; 7.167168887997972E8 ; 247282.00000000003
1040 ; 126838.50634765318 ; 773748.6969646757 ; 1.1973987284714696E8 ; 7.17493219628374E8 ; 247520.00000000003
1041 ; 126987.68047129917 ; 771157.4919764652 ; 1.1986671135349461E8 ; 7.182669683253386E8 ; 247758.00000000003
1042 ; 126339.48220822899 ; 768557.2136121654 ; 1.1999369903396592E8 ; 7.190381258173151E8 ; 247996.00000000003
1043 ; 126583.32798044212 ; 765947.8618717763 ; 1.2012003851617414E8 ; 7.198066830309273E8 ; 248234.00000000003
1044 ; 126295.4862346301 ; 763329.4367552976 ; 1.2024662184415458E8 ; 7.20572630892799E8 ; 248472.00000000003
1045 ; 126136.63449487477 ; 760701.9382627294 ; 1.2037291733038922E8 ; 7.213359603295543E8 ; 248710.00000000003
1046 ; 125371.30972414317 ; 758065.3663940718 ; 1.2049905396488409E8 ; 7.22096662267817E8 ; 248948.00000000003
1047 ; 125347.11309003034 ; 755419.7211493248 ; 1.2062442527460822E8 ; 7.228547276342111E8 ; 249186.00000000003
1048 ; 125007.67486478029 ; 752765.0025284883 ; 1.2074977238769825E8 ; 7.236101473553604E8 ; 249424.00000000003
1049 ; 124844.09356211722 ; 750101.2105315625 ; 1.2087478006256303E8 ; 7.243629123578888E8 ; 249662.00000000003
1050 ; 124522.93594042803 ; 747428.3451585472 ; 1.2099962415612514E8 ; 7.251130135684204E8 ; 249900.00000000003
1051 ; 124299.52033543462 ; 744746.4064094423 ; 1.2112414709206557E8 ; 7.25860441913579E8 ; 250138.00000000003
1052 ; 123809.77161304768 ; 742055.394284248 ; 1.2124844661240101E8 ; 7.266051883199884E8 ; 250376.00000000003
1053 ; 123649.33768043588 ; 739355.3087829645 ; 1.2137225638401406E8 ; 7.273472437142726E8 ; 250614.00000000003
1054 ; 122824.44986050924 ; 736646.1499055913 ; 1.2149590572169448E8 ; 7.280865990230556E8 ; 250852.00000000003
1055 ; 122925.62154723851 ; 733927.9176521287 ; 1.21618730171555E8 ; 7.288232451729611E8 ; 251090.00000000003
1056 ; 122584.26210645659 ; 731200.6120225767 ; 1.2174165579310223E8 ; 7.295571730906132E8 ; 251328.00000000003
1057 ; 122483.92864567056 ; 728464.2330169353 ; 1.218642400552087E8 ; 7.302883737026358E8 ; 251566.00000000003
1058 ; 121675.42169242848 ; 725718.7806352043 ; 1.2198672398385437E8 ; 7.310168379356527E8 ; 251804.00000000003
1059 ; 121395.40392483644 ; 722964.2548773839 ; 1.221083994055468E8 ; 7.31742556716288E8 ; 252042.00000000003
1060 ; 120664.31598292117 ; 720200.6557434743 ; 1.2222979480947164E8 ; 7.324655209711653E8 ; 252280.00000000003
1061 ; 119991.28267713972 ; 717427.983233475 ; 1.2235045912545456E8 ; 7.331857216269088E8 ; 252518.00000000003
1062 ; 119612.44281988288 ; 714646.2373473863 ; 1.224704504081317E8 ; 7.339031496101422E8 ; 252756.00000000003
1063 ; 119695.03595409148 ; 711855.4180852083 ; 1.2259006285095158E8 ; 7.346177958474896E8 ; 252994.00000000003
1064 ; 119565.84187930994 ; 709055.5254469407 ; 1.2270975788690567E8 ; 7.353296512655748E8 ; 253232.00000000003
1065 ; 118197.65304267372 ; 706246.5594325836 ; 1.2282932372878498E8 ; 7.360387067910217E8 ; 253470.00000000003
1066 ; 117708.49350563227 ; 703428.5200421372 ; 1.2294752138182765E8 ; 7.367449533504543E8 ; 253708.00000000003
1067 ; 117250.38748655602 ; 700601.4072756013 ; 1.2306522987533328E8 ; 7.374483818704965E8 ; 253946.00000000003
1068 ; 117201.04092930019 ; 697765.221132976 ; 1.2318248026281984E8 ; 7.381489832777721E8 ; 254184.00000000003
1069 ; 116604.85637012795 ; 694919.9616142611 ; 1.2329968130374914E8 ; 7.388467484989051E8 ; 254422.00000000003
1070 ; 115803.66267485387 ; 692065.628719457 ; 1.2341628616011927E8 ; 7.395416684605193E8 ; 254660.00000000003
1071 ; 115041.91435160392 ; 689202.2224485633 ; 1.2353208982279412E8 ; 7.402337340892388E8 ; 254898.00000000003
1072 ; 115152.08911057087 ; 686329.7428015801 ; 1.2364713173714572E8 ; 7.409229363116874E8 ; 255136.00000000003
1073 ; 114012.97873168686 ; 683448.1897785076 ; 1.2376228382625629E8 ; 7.416092660544889E8 ; 255374.00000000003
1074 ; 114004.05647956426 ; 680557.5633793456 ; 1.2387629680498798E8 ; 7.422927142442675E8 ; 255612.00000000003
1075 ; 113469.72919289386 ; 677657.8636040941 ; 1.2399030086146754E8 ; 7.429732718076468E8 ; 255850.00000000003
1076 ; 113191.36775744041 ; 674749.0904527532 ; 1.2410377059066044E8 ; 7.436509296712508E8 ; 256088.00000000003
1077 ; 112712.15539965831 ; 671831.2439253229 ; 1.2421696195841788E8 ; 7.443256787617036E8 ; 256326.00000000003
1078 ; 111531.27786795239 ; 668904.3240218031 ; 1.2432967411381754E8 ; 7.44997510005629E8 ; 256564.00000000003
1079 ; 111015.18534975771 ; 665968.330742194 ; 1.244412053916855E8 ; 7.456664143296508E8 ; 256802.00000000003
1080 ; 110876.18437483817 ; 663023.2640864953 ; 1.2455222057703526E8 ; 7.46332382660393E8 ; 257040.00000000003
1081 ; 109438.81780519389 ; 660069.1240547071 ; 1.246630967614101E8 ; 7.469954059244795E8 ; 257278.00000000003
1082 ; 109191.76581101972 ; 657105.9106468296 ; 1.247725355792153E8 ; 7.476554750485342E8 ; 257516.00000000003
1083 ; 109088.45718015746 ; 654133.6238628626 ; 1.2488172734502633E8 ; 7.48312580959181E8 ; 257754.00000000003
1084 ; 108237.30529539945 ; 651152.2637028062 ; 1.2499081580220649E8 ; 7.489667145830438E8 ; 257992.00000000003
1085 ; 107257.73561410002 ; 648161.8301666602 ; 1.2509905310750188E8 ; 7.496178668467466E8 ; 258230.00000000003
1086 ; 106783.33004391051 ; 645162.323254425 ; 1.2520631084311599E8 ; 7.502660286769133E8 ; 258468.00000000003
1087 ; 105830.28129680445 ; 642153.7429661002 ; 1.253130941731599E8 ; 7.509111910001677E8 ; 258706.00000000003
1088 ; 105663.46186906521 ; 639136.0893016859 ; 1.254189244544567E8 ; 7.515533447431338E8 ; 258944.00000000003
1089 ; 104669.26430480689 ; 636109.3622611823 ; 1.2552458791632576E8 ; 7.521924808324355E8 ; 259182.00000000003
1090 ; 103417.43870996333 ; 633073.5618445892 ; 1.2562925718063056E8 ; 7.528285901946967E8 ; 259420.00000000003
1091 ; 102673.53857181102 ; 630028.6880519066 ; 1.2573267461934052E8 ; 7.534616637565413E8 ; 259658.00000000003
1092 ; 102901.69634176826 ; 626974.7408831347 ; 1.2583534815791233E8 ; 7.540916924445932E8 ; 259896.00000000003
1093 ; 101554.03196327607 ; 623911.7203382732 ; 1.259382498542541E8 ; 7.547186671854763E8 ; 260134.00000000003
1094 ; 101177.39237954599 ; 620839.6264173223 ; 1.2603980388621737E8 ; 7.553425789058145E8 ; 260372.00000000003
1095 ; 99653.58832339065 ; 617758.459120282 ; 1.2614098127859692E8 ; 7.559634185322318E8 ; 260610.00000000003
1096 ; 99274.06762937932 ; 614668.2184471523 ; 1.262406348669203E8 ; 7.565811769913521E8 ; 260848.00000000003
1097 ; 98456.21640723784 ; 611568.904397933 ; 1.2633990893454969E8 ; 7.571958452097993E8 ; 261086.00000000003
1098 ; 97570.58954193504 ; 608460.5169726243 ; 1.2643836515095693E8 ; 7.578074141141973E8 ; 261324.00000000003
1099 ; 97168.86339302789 ; 605343.0561712263 ; 1.2653593574049887E8 ; 7.584158746311699E8 ; 261562.00000000003
1100 ; 96479.39404783792 ; 602216.5219937387 ; 1.266331046038919E8 ; 7.590212176873411E8 ; 261800.00000000003
1101 ; 95658.84703777186 ; 599080.9144401618 ; 1.2672958399793974E8 ; 7.596234342093349E8 ; 262038.00000000003
1102 ; 94796.97316150212 ; 595936.2335104953 ; 1.2682524284497751E8 ; 7.60222515123775E8 ; 262276.00000000006
1103 ; 93542.58650216514 ; 592782.4792047394 ; 1.2692003981813902E8 ; 7.608184513572855E8 ; 262514.00000000006
1104 ; 93363.74571217039 ; 589619.6515228942 ; 1.2701358240464118E8 ; 7.614112338364903E8 ; 262752.00000000006
1105 ; 93196.35415229274 ; 586447.7504649593 ; 1.2710694615035336E8 ; 7.620008534880131E8 ; 262990.00000000006
1106 ; 92600.41634200104 ; 583266.7760309351 ; 1.2720014250450565E8 ; 7.625873012384781E8 ; 263228.00000000006
1107 ; 92273.03590183977 ; 580076.7282208215 ; 1.2729274292084765E8 ; 7.63170568014509E8 ; 263466.00000000006
1108 ; 92056.81001433675 ; 576877.6070346184 ; 1.273850159567495E8 ; 7.637506447427298E8 ; 263704.00000000006
1109 ; 92116.40604256956 ; 573669.4124723258 ; 1.2747707276676384E8 ; 7.643275223497643E8 ; 263942.00000000006
1110 ; 91846.65803860176 ; 570452.1445339439 ; 1.2756918917280641E8 ; 7.649011917622367E8 ; 264180.00000000006
1111 ; 92311.31291195321 ; 567225.8032194724 ; 1.2766103583084501E8 ; 7.654716439067707E8 ; 264418.00000000006
1112 ; 91928.55427643895 ; 563990.3885289116 ; 1.2775334714375697E8 ; 7.660388697099901E8 ; 264656.00000000006
1113 ; 91568.1266299818 ; 560745.9004622612 ; 1.278452756980334E8 ; 7.666028600985191E8 ; 264894.00000000006
1114 ; 92043.50130747742 ; 557492.3390195215 ; 1.2793684382466339E8 ; 7.671636059989814E8 ; 265132.00000000006
1115 ; 91398.90089025353 ; 554229.7042006922 ; 1.2802888732597086E8 ; 7.677210983380009E8 ; 265370.00000000006
1116 ; 92010.57968272618 ; 550957.9960057737 ; 1.2812028622686112E8 ; 7.682753280422016E8 ; 265608.00000000006
1117 ; 91330.90609734834 ; 547677.2144347655 ; 1.2821229680654384E8 ; 7.688262860382074E8 ; 265846.00000000006
1118 ; 90861.85492573243 ; 544387.359487668 ; 1.283036277126412E8 ; 7.693739632526422E8 ; 266084.00000000006
1119 ; 90811.47281711597 ; 541088.431164481 ; 1.2839448956756693E8 ; 7.699183506121298E8 ; 266322.00000000006
1120 ; 90932.4086375423 ; 537780.4294652046 ; 1.2848530104038405E8 ; 7.704594390432943E8 ; 266560.00000000006
1121 ; 90310.557870144 ; 534463.3543898388 ; 1.285762334490216E8 ; 7.709972194727595E8 ; 266798.00000000006
1122 ; 90197.31321271088 ; 531137.2059383834 ; 1.2866654400689174E8 ; 7.715316828271493E8 ; 267036.00000000006
1123 ; 90548.65576906083 ; 527801.9841108386 ; 1.2875674132010445E8 ; 7.720628200330876E8 ; 267274.00000000006
1124 ; 90196.04673419625 ; 524457.6889072044 ; 1.2884728997587352E8 ; 7.725906220171984E8 ; 267512.00000000006
1125 ; 89974.62596845429 ; 521104.3203274808 ; 1.2893748602260771E8 ; 7.731150797061056E8 ; 267750.00000000006
1126 ; 90009.23390190017 ; 517741.8783716677 ; 1.2902746064857617E8 ; 7.736361840264331E8 ; 267988.00000000006
1127 ; 89776.13919407992 ; 514370.36303976516 ; 1.2911746988247807E8 ; 7.741539259048048E8 ; 268226.00000000006
1128 ; 89587.11041272446 ; 510989.77433177317 ; 1.2920724602167216E8 ; 7.746682962678446E8 ; 268464.00000000006
1129 ; 89586.10305042558 ; 507600.11224769184 ; 1.2929683313208489E8 ; 7.751792860421764E8 ; 268702.00000000006
1130 ; 89335.31298395494 ; 504201.37678752095 ; 1.2938641923513532E8 ; 7.756868861544241E8 ; 268940.00000000006
1131 ; 89460.45109171566 ; 500793.5679512606 ; 1.2947575454811928E8 ; 7.761910875312116E8 ; 269178.00000000006
1132 ; 89104.75704813679 ; 497376.6857389109 ; 1.29565214999211E8 ; 7.766918810991628E8 ; 269416.00000000006
1133 ; 89009.21794720099 ; 493950.7301504717 ; 1.2965431975625913E8 ; 7.771892577849017E8 ; 269654.00000000006
1134 ; 88912.72900795241 ; 490515.7011859431 ; 1.2974332897420633E8 ; 7.776832085150522E8 ; 269892.00000000006
1135 ; 89012.97267018935 ; 487071.59884532494 ; 1.2983224170321429E8 ; 7.781737242162381E8 ; 270130.00000000006
1136 ; 88606.0434779618 ; 483618.42312861746 ; 1.2992125467588447E8 ; 7.786607958150835E8 ; 270368.00000000006
1137 ; 88202.72339599546 ; 480156.1740358205 ; 1.3000986071936244E8 ; 7.791444142382121E8 ; 270606.00000000006
1138 ; 88353.19097488993 ; 476684.851566934 ; 1.3009806344275843E8 ; 7.796245704122479E8 ; 270844.00000000006
1139 ; 88590.06353469256 ; 473204.4557219582 ; 1.3018641663373332E8 ; 7.801012552638148E8 ; 271082.00000000006
1140 ; 105914.33966331345 ; 469714.9865008929 ; 1.3027500669726801E8 ; 7.805744597195368E8 ; 271320.00000000006
1141 ; 105942.67615439589 ; 466216.44390373817 ; 1.3038092103693132E8 ; 7.810441747060376E8 ; 271558.00000000006
1142 ; 105670.93867732852 ; 466216.44390373817 ; 1.3048686371308571E8 ; 7.815103911499413E8 ; 271796.00000000006
1143 ; 105809.574299801 ; 466216.44390373817 ; 1.3059253465176304E8 ; 7.81976607593845E8 ; 272034.00000000006
1144 ; 104970.78116264121 ; 466216.44390373817 ; 1.3069834422606283E8 ; 7.824428240377487E8 ; 272272.00000000006
1145 ; 104836.95749196113 ; 466216.44390373817 ; 1.3080331500722547E8 ; 7.829090404816524E8 ; 272510.00000000006
1146 ; 105321.23160622035 ; 466216.44390373817 ; 1.3090815196471743E8 ; 7.833752569255561E8 ; 272748.00000000006
1147 ; 105198.82261466666 ; 466216.44390373817 ; 1.3101347319632365E8 ; 7.838414733694597E8 ; 272986.00000000006
1148 ; 104719.64701498089 ; 466216.44390373817 ; 1.3111867201893832E8 ; 7.843076898133634E8 ; 273224.00000000006
1149 ; 104937.79170383449 ; 466216.44390373817 ; 1.312233916659533E8 ; 7.847739062572671E8 ; 273462.00000000006
1150 ; 104855.88104707134 ; 466216.44390373817 ; 1.3132832945765713E8 ; 7.852401227011708E8 ; 273700.00000000006
1151 ; 104474.42426683997 ; 466216.44390373817 ; 1.314331853387042E8 ; 7.857063391450745E8 ; 273938.00000000006
1152 ; 104108.96974246745 ; 466216.44390373817 ; 1.3153765976297104E8 ; 7.861725555889782E8 ; 274176.00000000006
1153 ; 104443.7452378938 ; 466216.44390373817 ; 1.316417687327135E8 ; 7.866387720328819E8 ; 274414.00000000006
1154 ; 104964.19144591806 ; 466216.44390373817 ; 1.3174621247795139E8 ; 7.871049884767855E8 ; 274652.00000000006
1155 ; 105060.4773137149 ; 466216.44390373817 ; 1.3185117666939731E8 ; 7.875712049206892E8 ; 274890.00000000006
1156 ; 105423.84242359636 ; 466216.44390373817 ; 1.3195623714671102E8 ; 7.880374213645929E8 ; 275128.00000000006
1157 ; 106059.58304890673 ; 466216.44390373817 ; 1.3206166098913462E8 ; 7.885036378084966E8 ; 275366.00000000006
1158 ; 106148.33393873012 ; 466216.44390373817 ; 1.3216772057218353E8 ; 7.889698542524003E8 ; 275604.00000000006
1159 ; 106622.44311829488 ; 466216.44390373817 ; 1.3227386890612227E8 ; 7.89436070696304E8 ; 275842.00000000006
1160 ; 106778.14355176745 ; 466216.44390373817 ; 1.3238049134924056E8 ; 7.899022871402076E8 ; 276080.00000000006
1161 ; 107169.10015529531 ; 466216.44390373817 ; 1.3248726949279232E8 ; 7.903685035841113E8 ; 276318.00000000006
1162 ; 107520.5136638151 ; 466216.44390373817 ; 1.3259443859294762E8 ; 7.90834720028015E8 ; 276556.00000000006
1163 ; 107741.41233208467 ; 466216.44390373817 ; 1.3270195910661143E8 ; 7.913009364719187E8 ; 276794.00000000006
1164 ; 108175.17925941903 ; 466216.44390373817 ; 1.3280970051894352E8 ; 7.917671529158224E8 ; 277032.00000000006
1165 ; 108107.51455688896 ; 466216.44390373817 ; 1.3291787569820294E8 ; 7.922333693597261E8 ; 277270.00000000006
1166 ; 108979.86611218691 ; 466216.44390373817 ; 1.3302598321275982E8 ; 7.926995858036298E8 ; 277508.00000000006
1167 ; 108859.7063666407 ; 466216.44390373817 ; 1.3313496307887201E8 ; 7.931658022475334E8 ; 277746.00000000006
1168 ; 109160.63502347696 ; 466216.44390373817 ; 1.3324382278523865E8 ; 7.936320186914371E8 ; 277984.00000000006
1169 ; 109321.7121833346 ; 466216.44390373817 ; 1.3335298342026213E8 ; 7.940982351353408E8 ; 278222.00000000006
1170 ; 109489.50115643645 ; 466216.44390373817 ; 1.3346230513244547E8 ; 7.945644515792445E8 ; 278460.00000000006
1171 ; 110120.49120871222 ; 466216.44390373817 ; 1.335717946336019E8 ; 7.950306680231482E8 ; 278698.00000000006
1172 ; 110266.66319193409 ; 466216.44390373817 ; 1.3368191512481062E8 ; 7.954968844670519E8 ; 278936.00000000006
1173 ; 110554.17746483468 ; 466216.44390373817 ; 1.3379218178800255E8 ; 7.959631009109555E8 ; 279174.00000000006
1174 ; 110861.06624965034 ; 466216.44390373817 ; 1.3390273596546738E8 ; 7.964293173548592E8 ; 279412.00000000006
1175 ; 110985.51932528603 ; 466216.44390373817 ; 1.3401359703171703E8 ; 7.968955337987629E8 ; 279650.00000000006
1176 ; 111064.56674064562 ; 466216.44390373817 ; 1.3412458255104232E8 ; 7.973617502426666E8 ; 279888.00000000006
1177 ; 111818.5970958709 ; 466216.44390373817 ; 1.3423564711778295E8 ; 7.978279666865703E8 ; 280126.00000000006
1178 ; 111610.29456564375 ; 466216.44390373817 ; 1.3434746571487883E8 ; 7.98294183130474E8 ; 280364.00000000006
1179 ; 112192.9554297271 ; 466216.44390373817 ; 1.3445907600944448E8 ; 7.987603995743777E8 ; 280602.00000000006
1180 ; 112115.05694185497 ; 466216.44390373817 ; 1.345712689648742E8 ; 7.992266160182813E8 ; 280840.00000000006
1181 ; 112401.11886820305 ; 466216.44390373817 ; 1.3468338402181607E8 ; 7.99692832462185E8 ; 281078.00000000006
1182 ; 112630.04666980797 ; 466216.44390373817 ; 1.3479578514068428E8 ; 8.001590489060887E8 ; 281316.00000000006
1183 ; 112905.79556858682 ; 466216.44390373817 ; 1.349084151873541E8 ; 8.006252653499924E8 ; 281554.00000000006
1184 ; 113178.4063962936 ; 466216.44390373817 ; 1.3502132098292267E8 ; 8.010914817938961E8 ; 281792.00000000006
1185 ; 113320.72827575808 ; 466216.44390373817 ; 1.3513449938931897E8 ; 8.015576982377998E8 ; 282030.00000000006
1186 ; 113146.21242471682 ; 466216.44390373817 ; 1.3524782011759472E8 ; 8.020239146817034E8 ; 282268.00000000006
1187 ; 113046.85992939863 ; 466216.44390373817 ; 1.3536096633001944E8 ; 8.024901311256071E8 ; 282506.00000000006
1188 ; 113387.31230470199 ; 466216.44390373817 ; 1.3547401318994886E8 ; 8.029563475695108E8 ; 282744.00000000006
1189 ; 113370.91445617314 ; 466216.44390373817 ; 1.3558740050225356E8 ; 8.034225640134145E8 ; 282982.00000000006
1190 ; 113681.055738917 ; 466216.44390373817 ; 1.3570077141670972E8 ; 8.038887804573182E8 ; 283220.00000000006
1191 ; 114015.74789641508 ; 466216.44390373817 ; 1.3581445247244865E8 ; 8.043549969012219E8 ; 283458.00000000006
1192 ; 114080.44774940182 ; 466216.44390373817 ; 1.3592846822034505E8 ; 8.048212133451256E8 ; 283696.00000000006
1193 ; 113801.07997435832 ; 466216.44390373817 ; 1.3604254866809446E8 ; 8.052874297890292E8 ; 283934.00000000006
1194 ; 114417.54378715885 ; 466216.44390373817 ; 1.361563497480688E8 ; 8.057536462329329E8 ; 284172.00000000006
1195 ; 114381.42957733318 ; 466216.44390373817 ; 1.3627076729185596E8 ; 8.062198626768366E8 ; 284410.00000000006
1196 ; 114404.31986153407 ; 466216.44390373817 ; 1.3638514872143328E8 ; 8.066860791207403E8 ; 284648.00000000006
1197 ; 114304.66785439687 ; 466216.44390373817 ; 1.364995530412948E8 ; 8.07152295564644E8 ; 284886.00000000006
1198 ; 114571.05476188844 ; 466216.44390373817 ; 1.366138577091492E8 ; 8.076185120085477E8 ; 285124.00000000006
1199 ; 114318.82660980242 ; 466216.44390373817 ; 1.367284287639111E8 ; 8.080847284524513E8 ; 285362.00000000006
1200 ; 115081.7072218745 ; 466216.44390373817 ; 1.368427475905209E8 ; 8.08550944896355E8 ; 285600.00000000006
1201 ; 115803.68622822092 ; 466216.44390373817 ; 1.3695782929774275E8 ; 8.090171613402587E8 ; 285838.00000000006
1202 ; 116354.40378897171 ; 466216.44390373817 ; 1.3707363298397097E8 ; 8.094833777841624E8 ; 286076.00000000006
1203 ; 117102.88650982274 ; 466216.44390373817 ; 1.3718998738775995E8 ; 8.099495942280661E8 ; 286314.00000000006
1204 ; 117844.14757190796 ; 466216.44390373817 ; 1.373070902742698E8 ; 8.104158106719698E8 ; 286552.00000000006
1205 ; 118458.25385097261 ; 466216.44390373817 ; 1.374249344218417E8 ; 8.108820271158735E8 ; 286790.00000000006
1206 ; 119017.27419272518 ; 466216.44390373817 ; 1.3754339267569268E8 ; 8.113482435597771E8 ; 287028.00000000006
1207 ; 119492.57159462527 ; 466216.44390373817 ; 1.376624099498854E8 ; 8.118144600036808E8 ; 287266.00000000006
1208 ; 120706.99826373634 ; 466216.44390373817 ; 1.3778190252148002E8 ; 8.122806764475845E8 ; 287504.00000000006
1209 ; 121242.53455079676 ; 466216.44390373817 ; 1.3790260951974377E8 ; 8.127468928914882E8 ; 287742.00000000006
1210 ; 121679.8080058159 ; 466216.44390373817 ; 1.3802385205429456E8 ; 8.132131093353919E8 ; 287980.00000000006
1211 ; 122613.35356377496 ; 466216.44390373817 ; 1.3814553186230037E8 ; 8.136793257792956E8 ; 288218.00000000006
1212 ; 123313.63998977993 ; 466216.44390373817 ; 1.3826814521586415E8 ; 8.141455422231992E8 ; 288456.00000000006
1213 ; 123620.91977477114 ; 466216.44390373817 ; 1.3839145885585395E8 ; 8.146117586671029E8 ; 288694.00000000006
1214 ; 124102.25531707202 ; 466216.44390373817 ; 1.3851507977562872E8 ; 8.150779751110066E8 ; 288932.00000000006
1215 ; 124890.73845994833 ; 466216.44390373817 ; 1.3863918203094578E8 ; 8.155441915549103E8 ; 289170.00000000006
1216 ; 125523.10404763857 ; 466216.44390373817 ; 1.3876407276940572E8 ; 8.16010407998814E8 ; 289408.00000000006
1217 ; 125864.03627310795 ; 466216.44390373817 ; 1.3888959587345335E8 ; 8.164766244427177E8 ; 289646.00000000006
1218 ; 126514.53809876324 ; 466216.44390373817 ; 1.3901545990972647E8 ; 8.169428408866214E8 ; 289884.00000000006
1219 ; 127113.59436999369 ; 466216.44390373817 ; 1.3914197444782522E8 ; 8.17409057330525E8 ; 290122.00000000006
1220 ; 126970.13370529244 ; 466216.44390373817 ; 1.3926908804219523E8 ; 8.178752737744287E8 ; 290360.00000000006
1221 ; 127878.53819499236 ; 466216.44390373817 ; 1.3939605817590052E8 ; 8.183414902183324E8 ; 290598.00000000006
1222 ; 128375.24595148556 ; 466216.44390373817 ; 1.395239367140955E8 ; 8.188077066622361E8 ; 290836.00000000006
1223 ; 129040.24832585697 ; 466216.44390373817 ; 1.3965231196004698E8 ; 8.192739231061398E8 ; 291074.00000000006
1224 ; 129068.41833391135 ; 466216.44390373817 ; 1.3978135220837283E8 ; 8.197401395500435E8 ; 291312.00000000006
1225 ; 129335.0836952563 ; 466216.44390373817 ; 1.3991042062670675E8 ; 8.202063559939471E8 ; 291550.00000000006
1226 ; 129946.48765877218 ; 466216.44390373817 ; 1.40039755710402E8 ; 8.206725724378508E8 ; 291788.00000000006
1227 ; 130405.31498973776 ; 466216.44390373817 ; 1.4016970219806078E8 ; 8.211387888817545E8 ; 292026.00000000006
1228 ; 130611.01974921933 ; 466216.44390373817 ; 1.4030010751305053E8 ; 8.216050053256582E8 ; 292264.00000000006
1229 ; 130518.94478425085 ; 466216.44390373817 ; 1.4043071853279975E8 ; 8.220712217695619E8 ; 292502.00000000006
1230 ; 131278.17935627996 ; 466216.44390373817 ; 1.40561237477584E8 ; 8.225374382134656E8 ; 292740.00000000006
1231 ; 131702.59464797555 ; 466216.44390373817 ; 1.4069251565694028E8 ; 8.230036546573693E8 ; 292978.00000000006
1232 ; 131912.34716066637 ; 466216.44390373817 ; 1.4082421825158826E8 ; 8.23469871101273E8 ; 293216.00000000006
1233 ; 131746.02182785637 ; 466216.44390373817 ; 1.4095613059874892E8 ; 8.239360875451766E8 ; 293454.00000000006
1234 ; 132428.27589291593 ; 466216.44390373817 ; 1.4108787662057677E8 ; 8.244023039890803E8 ; 293692.00000000006
1235 ; 132418.07959232925 ; 466216.44390373817 ; 1.4122030489646968E8 ; 8.24868520432984E8 ; 293930.00000000006
1236 ; 132918.04136977444 ; 466216.44390373817 ; 1.41352722976062E8 ; 8.253347368768877E8 ; 294168.00000000006
1237 ; 133126.19302335213 ; 466216.44390373817 ; 1.4148564101743177E8 ; 8.258009533207914E8 ; 294406.00000000006
1238 ; 133295.44540517556 ; 466216.44390373817 ; 1.4161876721045512E8 ; 8.26267169764695E8 ; 294644.00000000006
1239 ; 133708.20484296983 ; 466216.44390373817 ; 1.417520626558603E8 ; 8.267333862085987E8 ; 294882.00000000006
1240 ; 133568.38464515973 ; 466216.44390373817 ; 1.418857708607033E8 ; 8.271996026525024E8 ; 295120.00000000006
1241 ; 134067.86060837941 ; 465267.9931777278 ; 1.4201933924534845E8 ; 8.276658190964061E8 ; 295358.00000000006
1242 ; 133965.46204384498 ; 464038.84742833546 ; 1.4215340710595682E8 ; 8.281310870895839E8 ; 295596.00000000006
1243 ; 134188.78730558086 ; 462803.2024349456 ; 1.4228737256800067E8 ; 8.285951259370122E8 ; 295834.00000000006
1244 ; 134153.6175300537 ; 461561.09179947793 ; 1.4242156135530627E8 ; 8.290579291394471E8 ; 296072.00000000006
1245 ; 134325.49998840646 ; 460312.54942705133 ; 1.4255571497283632E8 ; 8.295194902312466E8 ; 296310.00000000006
1246 ; 134667.4295806143 ; 459057.609529083 ; 1.4269004047282472E8 ; 8.299798027806736E8 ; 296548.00000000006
1247 ; 134439.9014530629 ; 457796.3066264754 ; 1.4282470790240535E8 ; 8.304388603902028E8 ; 296786.00000000006
1248 ; 134143.4100384618 ; 456528.6755528981 ; 1.429591478038584E8 ; 8.308966566968292E8 ; 297024.00000000006
1249 ; 134444.72847137984 ; 455254.75145816593 ; 1.4309329121389687E8 ; 8.31353185372382E8 ; 297262.00000000006
1250 ; 134533.27457192037 ; 453974.56981171377 ; 1.4322773594236824E8 ; 8.318084401238402E8 ; 297500.00000000006
1251 ; 134833.72708412004 ; 452688.16640617454 ; 1.4336226921694016E8 ; 8.322624146936519E8 ; 297738.00000000006
1252 ; 135299.34117809852 ; 451395.57736106205 ; 1.434971029440243E8 ; 8.327151028600581E8 ; 297976.00000000006
1253 ; 134767.2159180685 ; 450096.839126562 ; 1.4363240228520238E8 ; 8.331664984374192E8 ; 298214.00000000006
1254 ; 134700.86007504922 ; 448791.98848743294 ; 1.4376716950112045E8 ; 8.336165952765458E8 ; 298452.00000000006
1255 ; 134266.33350771104 ; 447481.0625670245 ; 1.439018703611955E8 ; 8.340653872650332E8 ; 298690.00000000006
1256 ; 134403.5015641166 ; 446164.09883141133 ; 1.4403613669470322E8 ; 8.345128683276002E8 ; 298928.00000000006
1257 ; 134177.08463562233 ; 444841.1350936523 ; 1.4417054019626734E8 ; 8.349590324264317E8 ; 299166.00000000006
1258 ; 133984.00489129344 ; 443512.2095181715 ; 1.4430471728090295E8 ; 8.354038735615253E8 ; 299404.00000000006
1259 ; 134354.8208903423 ; 442177.36062527273 ; 1.4443870128579426E8 ; 8.358473857710435E8 ; 299642.00000000006
1260 ; 115765.15567660329 ; 440836.6272957863 ; 1.445730561066846E8 ; 8.362895631316688E8 ; 299880.00000000006
1261 ; 115755.67553341294 ; 439490.0487758528 ; 1.446888212623612E8 ; 8.367303997589645E8 ; 300118.00000000006
1262 ; 116002.23080191365 ; 438137.66468185105 ; 1.448045769378946E8 ; 8.371698898077404E8 ; 300356.00000000006
1263 ; 115220.99012026032 ; 436779.51500547153 ; 1.4492057916869652E8 ; 8.376080274724222E8 ; 300594.00000000006
1264 ; 115005.64015756693 ; 435415.64011894306 ; 1.4503580015881678E8 ; 8.380448069874277E8 ; 300832.00000000006
1265 ; 115166.939156209 ; 434046.0807804124 ; 1.4515080579897436E8 ; 8.384802226275467E8 ; 301070.00000000006
1266 ; 114399.90376262518 ; 432670.8781394885 ; 1.4526597273813057E8 ; 8.38914268708327E8 ; 301308.00000000006
1267 ; 114040.23545669258 ; 431290.07374295115 ; 1.453803726418932E8 ; 8.393469395864666E8 ; 301546.00000000006
1268 ; 114404.64372208729 ; 429903.7095406322 ; 1.454944128773499E8 ; 8.397782296602095E8 ; 301784.00000000006
1269 ; 113976.4519888628 ; 428511.8278914726 ; 1.45608817521072E8 ; 8.402081333697501E8 ; 302022.00000000006
1270 ; 113290.9925929578 ; 427114.4715697641 ; 1.4572279397306088E8 ; 8.406366451976416E8 ; 302260.00000000006
1271 ; 113474.69128400384 ; 425711.68377157755 ; 1.4583608496565384E8 ; 8.410637596692114E8 ; 302498.00000000006
1272 ; 113112.69626894691 ; 424303.508121387 ; 1.4594955965693784E8 ; 8.41489471352983E8 ; 302736.00000000006
1273 ; 113172.33760997768 ; 422889.9886788961 ; 1.4606267235320678E8 ; 8.419137748611044E8 ; 302974.00000000006
1274 ; 112170.44548846311 ; 421471.16994606913 ; 1.4617584469081676E8 ; 8.423366648497833E8 ; 303212.00000000006
1275 ; 111968.46393073822 ; 420047.0968743778 ; 1.462880151363052E8 ; 8.427581360197294E8 ; 303450.00000000006
1276 ; 111650.1630238391 ; 418617.8148722716 ; 1.4639998360023594E8 ; 8.431781831166037E8 ; 303688.00000000006
1277 ; 111326.90268257316 ; 417183.36981287133 ; 1.4651163376325977E8 ; 8.43596800931476E8 ; 303926.00000000006
1278 ; 111210.23534789614 ; 415743.8080419033 ; 1.4662296066594234E8 ; 8.440139843012888E8 ; 304164.00000000006
1279 ; 110445.05371143669 ; 414299.1763858764 ; 1.4673417090129024E8 ; 8.444297281093308E8 ; 304402.00000000006
1280 ; 109626.70185160942 ; 412849.5221605075 ; 1.4684461595500168E8 ; 8.448440272857167E8 ; 304640.00000000006
1281 ; 109994.19240041984 ; 411394.8931794113 ; 1.469542426568533E8 ; 8.452568768078772E8 ; 304878.00000000006
1282 ; 108982.68742774677 ; 409935.3377630572 ; 1.470642368492537E8 ; 8.456682717010566E8 ; 305116.00000000006
1283 ; 108672.31944852674 ; 408470.9047480016 ; 1.4717321953668147E8 ; 8.460782070388197E8 ; 305354.00000000006
1284 ; 107997.1623711129 ; 407001.64349640976 ; 1.4728189185613E8 ; 8.464866779435676E8 ; 305592.00000000006
1285 ; 107349.24924216105 ; 405527.6039058727 ; 1.473898890185011E8 ; 8.46893679587064E8 ; 305830.00000000006
1286 ; 106834.49824514137 ; 404048.8364195309 ; 1.4749723826774326E8 ; 8.4729920719097E8 ; 306068.00000000006
1287 ; 106026.60475682239 ; 402565.3920365127 ; 1.476040727659884E8 ; 8.477032560273895E8 ; 306306.00000000006
1288 ; 105449.67268382729 ; 401077.3223227025 ; 1.4771009937074524E8 ; 8.481058214194261E8 ; 306544.00000000006
1289 ; 105483.73940889974 ; 399584.6794218436 ; 1.4781554904342908E8 ; 8.485068987417488E8 ; 306782.00000000006
1290 ; 104442.1036520852 ; 398087.51606699533 ; 1.47921032782838E8 ; 8.489064834211707E8 ; 307020.00000000006
1291 ; 103661.66911901935 ; 396585.8855923449 ; 1.4802547488649008E8 ; 8.493045709372377E8 ; 307258.00000000006
1292 ; 103185.15205995804 ; 395079.8419453987 ; 1.481291365556091E8 ; 8.497011568228301E8 ; 307496.00000000006
1293 ; 102840.33146259635 ; 393569.43969955726 ; 1.4823232170766908E8 ; 8.500962366647755E8 ; 307734.00000000006
1294 ; 102384.84094076499 ; 392054.73406708846 ; 1.4833516203913167E8 ; 8.50489806104475E8 ; 307972.00000000006
1295 ; 101417.82747128521 ; 390535.7809125155 ; 1.4843754688007244E8 ; 8.508818608385421E8 ; 308210.00000000006
1296 ; 100460.99515109544 ; 389012.63676643104 ; 1.4853896470754373E8 ; 8.512723966194546E8 ; 308448.00000000006
1297 ; 100219.44978732328 ; 387485.358839754 ; 1.4863942570269483E8 ; 8.51661409256221E8 ; 308686.00000000006
1298 ; 98973.97495693894 ; 385954.0050384408 ; 1.4873964515248215E8 ; 8.520488946150608E8 ; 308924.00000000006
1299 ; 98420.59240879153 ; 384418.6339786714 ; 1.4883861912743908E8 ; 8.524348486200993E8 ; 309162.00000000006
1300 ; 97809.30751254574 ; 382879.30500252394 ; 1.489370397198479E8 ; 8.52819267254078E8 ; 309400.00000000006
1301 ; 96886.17928892208 ; 381336.07819415315 ; 1.4903484902736044E8 ; 8.532021465590806E8 ; 309638.00000000006
1302 ; 95897.50101753922 ; 379789.0143964937 ; 1.4913173520664936E8 ; 8.535834826372747E8 ; 309876.00000000006
1303 ; 95278.60762285997 ; 378238.1752285047 ; 1.492276327076669E8 ; 8.539632716516713E8 ; 310114.00000000006
1304 ; 94223.89152918552 ; 376683.6231029723 ; 1.4932291131528977E8 ; 8.543415098268998E8 ; 310352.00000000006
1305 ; 93253.12902865879 ; 375125.42124489497 ; 1.4941713520681894E8 ; 8.547181934500028E8 ; 310590.00000000006
1306 ; 92449.54428894357 ; 373563.6337104649 ; 1.495103883358476E8 ; 8.550933188712476E8 ; 310828.00000000006
1307 ; 91290.1563174349 ; 371998.32540667173 ; 1.4960283788013652E8 ; 8.554668825049582E8 ; 311066.00000000006
1308 ; 90832.36084375763 ; 370429.56211154966 ; 1.4969412803645396E8 ; 8.558388808303648E8 ; 311304.00000000006
1309 ; 90042.37133643698 ; 368857.41049508576 ; 1.497849603972977E8 ; 8.562093103924763E8 ; 311542.00000000006
1310 ; 88428.52154668672 ; 367281.93814081873 ; 1.4987500276863414E8 ; 8.565781678029714E8 ; 311780.00000000006
1311 ; 88450.1528207496 ; 365703.21356814855 ; 1.4996343129018083E8 ; 8.569454497411122E8 ; 312018.00000000006
1312 ; 87168.4939199394 ; 364121.306255384 ; 1.5005188144300157E8 ; 8.573111529546803E8 ; 312256.00000000006
1313 ; 86241.22092345296 ; 362536.28666355065 ; 1.501390499369215E8 ; 8.576752742609357E8 ; 312494.00000000006
1314 ; 84969.17216894981 ; 360948.2262609897 ; 1.5022529115784496E8 ; 8.580378105475992E8 ; 312732.00000000006
1315 ; 84466.9556543031 ; 359357.1975487737 ; 1.503102603300139E8 ; 8.583987587738602E8 ; 312970.00000000006
1316 ; 83381.71961840236 ; 357763.274086969 ; 1.503947272856682E8 ; 8.58758115971409E8 ; 313208.00000000006
1317 ; 82255.47137254906 ; 356166.5305217715 ; 1.504781090052866E8 ; 8.591158792454959E8 ; 313446.00000000006
1318 ; 80877.82810377586 ; 354567.04261354834 ; 1.5056036447665915E8 ; 8.594720457760177E8 ; 313684.00000000006
1319 ; 80076.32985607977 ; 352964.88726582273 ; 1.5064124230476293E8 ; 8.598266128186312E8 ; 313922.00000000006
1320 ; 78656.95258176286 ; 351360.142555221 ; 1.50721318634619E8 ; 8.60179577705897E8 ; 314160.00000000006
1321 ; 78041.2544302462 ; 349752.8877624342 ; 1.5079997558720076E8 ; 8.605309378484522E8 ; 314398.00000000006
1322 ; 76787.6404405929 ; 348143.20340421284 ; 1.50878016841631E8 ; 8.608806907362146E8 ; 314636.00000000006
1323 ; 75537.99022938352 ; 346531.171266439 ; 1.5095480448207158E8 ; 8.612288339396188E8 ; 314874.00000000006
1324 ; 73846.43534044479 ; 344916.87443831866 ; 1.5103034247230098E8 ; 8.615753651108853E8 ; 315112.00000000006
1325 ; 73478.57743962809 ; 343300.3973477202 ; 1.511041889076414E8 ; 8.619202819853235E8 ; 315350.00000000006
1326 ; 72742.0984482466 ; 341681.82579770824 ; 1.5117766748508105E8 ; 8.622635823826712E8 ; 315588.00000000006
1327 ; 71973.50296468734 ; 340061.24700431665 ; 1.512504095835293E8 ; 8.626052642084689E8 ; 315826.00000000006
1328 ; 71384.17992138356 ; 338438.749635595 ; 1.5132238308649397E8 ; 8.629453254554732E8 ; 316064.00000000006
1329 ; 70522.95619995345 ; 336814.42385197605 ; 1.5139376726641536E8 ; 8.632837642051088E8 ; 316302.00000000006
1330 ; 69736.8127732474 ; 335188.36134801805 ; 1.514642902226153E8 ; 8.636205786289607E8 ; 316540.00000000006
1331 ; 69174.95386613629 ; 333560.65539555426 ; 1.5153402703538856E8 ; 8.639557669903088E8 ; 316778.00000000006
1332 ; 68476.22964867417 ; 331931.4008883105 ; 1.5160320198925468E8 ; 8.642893276457043E8 ; 317016.00000000006
1333 ; 68134.59872617915 ; 330300.6943880359 ; 1.5167167821890336E8 ; 8.646212590465926E8 ; 317254.00000000006
1334 ; 66865.33496422229 ; 328668.6341721966 ; 1.5173981281762955E8 ; 8.649515597409806E8 ; 317492.00000000006
1335 ; 66023.09897615125 ; 327035.32028329046 ; 1.5180667815259376E8 ; 8.652802283751528E8 ; 317730.00000000006
1336 ; 65933.95246179786 ; 325400.85457983124 ; 1.5187270125156993E8 ; 8.656072636954361E8 ; 317968.00000000006
1337 ; 64899.63714420159 ; 323765.3407890637 ; 1.5193863520403174E8 ; 8.659326645500159E8 ; 318206.00000000006
1338 ; 63832.19407262879 ; 322128.88456146524 ; 1.5200353484117594E8 ; 8.66256429890805E8 ; 318444.00000000006
1339 ; 63485.06368470375 ; 320491.59352708876 ; 1.5206736703524858E8 ; 8.665785587753664E8 ; 318682.00000000006
1340 ; 62405.724982470056 ; 318853.57735381497 ; 1.5213085209893328E8 ; 8.668990503688935E8 ; 318920.00000000006
1341 ; 61727.282662487356 ; 317214.9478075715 ; 1.5219325782391575E8 ; 8.672179039462473E8 ; 319158.00000000006
1342 ; 60537.9677964687 ; 315575.818814578 ; 1.5225498510657823E8 ; 8.675351188940549E8 ; 319396.00000000006
1343 ; 59842.954683785385 ; 313936.3065256942 ; 1.523155230743747E8 ; 8.678506947128695E8 ; 319634.00000000006
1344 ; 58744.756617531995 ; 312296.52938292257 ; 1.523753660290585E8 ; 8.681646310193952E8 ; 319872.00000000006
1345 ; 58985.03857334597 ; 310656.6081881395 ; 1.5243411078567603E8 ; 8.684769275487782E8 ; 320110.00000000006
1346 ; 58699.09747705901 ; 309016.66617412877 ; 1.524930958242494E8 ; 8.687875841569663E8 ; 320348.00000000006
1347 ; 58259.81168532391 ; 307376.8290779744 ; 1.5255179492172644E8 ; 8.690966008231405E8 ; 320586.00000000006
1348 ; 58480.64572082186 ; 305737.22521688987 ; 1.5261005473341176E8 ; 8.694039776522185E8 ; 320824.00000000006
1349 ; 58185.958608595014 ; 304097.9855665597 ; 1.5266853537913257E8 ; 8.697097148774353E8 ; 321062.00000000006
1350 ; 57829.494331186135 ; 302459.24384205334 ; 1.5272672133774117E8 ; 8.70013812863002E8 ; 321300.00000000006
1351 ; 57949.60900303825 ; 300821.1365813905 ; 1.5278455083207235E8 ; 8.70316272106844E8 ; 321538.00000000006
1352 ; 57555.84798521086 ; 299183.8032318334 ; 1.5284250044107538E8 ; 8.706170932434254E8 ; 321776.00000000006
1353 ; 57486.32857212227 ; 297547.3862389653 ; 1.529000562890606E8 ; 8.709162770466572E8 ; 322014.00000000006
1354 ; 57780.989387235306 ; 295912.03113864467 ; 1.5295754261763272E8 ; 8.712138244328961E8 ; 322252.00000000006
1355 ; 57658.14736839551 ; 294277.8866518887 ; 1.5301532360701996E8 ; 8.715097364640348E8 ; 322490.00000000006
1356 ; 57215.549752450504 ; 292645.1047827663 ; 1.5307298175438836E8 ; 8.718040143506867E8 ; 322728.00000000006
1357 ; 56925.60621506466 ; 291013.84091936983 ; 1.531301973041408E8 ; 8.720966594554695E8 ; 322966.00000000006
1358 ; 57419.8751780432 ; 289384.25393792556 ; 1.5318712291035587E8 ; 8.723876732963889E8 ; 323204.00000000006
1359 ; 56795.43043440573 ; 287756.50631010905 ; 1.532445427855339E8 ; 8.726770575503268E8 ; 323442.00000000006
1360 ; 57666.28406577648 ; 286130.76421363506 ; 1.533013382159683E8 ; 8.729648140566369E8 ; 323680.00000000006
1361 ; 56940.82272441968 ; 284507.1976461661 ; 1.533590045000341E8 ; 8.732509448208506E8 ; 323918.00000000006
1362 ; 56241.056349186896 ; 282885.98054260114 ; 1.5341594532275853E8 ; 8.735354520184968E8 ; 324156.00000000006
1363 ; 56286.768004519676 ; 281267.2908957937 ; 1.534721863791077E8 ; 8.738183379990394E8 ; 324394.00000000006
1364 ; 56145.3991465796 ; 279651.3108807356 ; 1.5352847314711222E8 ; 8.740996052899352E8 ; 324632.00000000006
1365 ; 55884.66493007721 ; 278038.226982248 ; 1.535846185462588E8 ; 8.74379256600816E8 ; 324870.00000000006
1366 ; 55360.3842630405 ; 276428.2301262007 ; 1.5364050321118888E8 ; 8.746572948277982E8 ; 325108.00000000006
1367 ; 55778.766689476564 ; 274821.5158142834 ; 1.5369586359545192E8 ; 8.749337230579244E8 ; 325346.00000000006
1368 ; 55678.13102032409 ; 273218.2842623353 ; 1.537516423621414E8 ; 8.752085445737387E8 ; 325584.00000000006
1369 ; 55555.12906616924 ; 271618.74054222496 ; 1.5380732049316174E8 ; 8.75481762858001E8 ; 325822.00000000006
1370 ; 55651.31366374735 ; 270023.09472726926 ; 1.538628756222279E8 ; 8.757533815985432E8 ; 326060.00000000006
1371 ; 54959.01138974982 ; 268431.5620411565 ; 1.5391852693589166E8 ; 8.760234046932704E8 ; 326298.00000000006
1372 ; 54595.17234734254 ; 266844.36301032174 ; 1.5397348594728142E8 ; 8.762918362553116E8 ; 326536.00000000006
1373 ; 54618.5496760844 ; 265261.72361971205 ; 1.5402808111962876E8 ; 8.765586806183219E8 ; 326774.00000000006
1374 ; 54411.659248843964 ; 263683.8754718503 ; 1.5408269966930485E8 ; 8.768239423419416E8 ; 327012.00000000006
1375 ; 54117.815338513385 ; 262111.05594908225 ; 1.541371113285537E8 ; 8.770876262174134E8 ; 327250.00000000006
1376 ; 54212.288423457416 ; 260543.50837887905 ; 1.5419122914389223E8 ; 8.773497372733625E8 ; 327488.00000000006
1377 ; 54406.00087676251 ; 258981.48220201826 ; 1.5424544143231568E8 ; 8.776102807817414E8 ; 327726.00000000006
1378 ; 54414.92277543624 ; 257425.23314345087 ; 1.5429984743319243E8 ; 8.778692622639434E8 ; 327964.00000000006
1379 ; 53710.43526241516 ; 255875.0233856288 ; 1.5435426235596788E8 ; 8.781266874970869E8 ; 328202.00000000006
1380 ; 54347.684753593654 ; 254331.12174401217 ; 1.544079727912303E8 ; 8.783825625204725E8 ; 328440.00000000006
1381 ; 53405.95150220782 ; 252793.80384445228 ; 1.544623204759839E8 ; 8.786368936422166E8 ; 328678.00000000006
1382 ; 53898.60518783375 ; 251263.35230209882 ; 1.545157264274861E8 ; 8.78889687446061E8 ; 328916.00000000006
1383 ; 53607.746061661455 ; 249740.05690141695 ; 1.5456962503267393E8 ; 8.791409507983631E8 ; 329154.00000000006
1384 ; 53205.84253749647 ; 248224.21477686064 ; 1.5462323277873558E8 ; 8.793906908552645E8 ; 329392.00000000006
1385 ; 52837.86123054508 ; 246716.13059369355 ; 1.5467643862127307E8 ; 8.796389150700414E8 ; 329630.00000000006
1386 ; 53256.27620289863 ; 245216.11672836306 ; 1.5472927648250362E8 ; 8.798856312006351E8 ; 329868.00000000006
1387 ; 53079.663816205895 ; 243724.49344779982 ; 1.547825327587065E8 ; 8.801308473173634E8 ; 330106.00000000006
1388 ; 52628.70599462598 ; 242241.5890869105 ; 1.5483561242252272E8 ; 8.803745718108112E8 ; 330344.00000000006
1389 ; 52491.20672572107 ; 240767.7402234723 ; 1.5488824112851736E8 ; 8.80616813399898E8 ; 330582.00000000006
1390 ; 52674.28005158166 ; 239303.29184955664 ; 1.5494073233524308E8 ; 8.808575811401216E8 ; 330820.00000000006
1391 ; 51953.05774818444 ; 237848.59753850222 ; 1.5499340661529467E8 ; 8.810968844319712E8 ; 331058.00000000006
1392 ; 51648.1697014736 ; 236404.0196063839 ; 1.5504535967304286E8 ; 8.813347330295097E8 ; 331296.00000000006
1393 ; 51853.103007027734 ; 234969.9292668145 ; 1.5509700784274435E8 ; 8.81571137049116E8 ; 331534.00000000006
1394 ; 51944.08000630724 ; 233546.70677781178 ; 1.5514886094575137E8 ; 8.818061069783828E8 ; 331772.00000000006
1395 ; 52013.074341996435 ; 232134.74157935215 ; 1.5520080502575767E8 ; 8.820396536851606E8 ; 332010.00000000006
1396 ; 51170.52737375886 ; 230734.43242012322 ; 1.5525281810009965E8 ; 8.822717884267399E8 ; 332248.00000000006
1397 ; 51429.56204010049 ; 229346.18747185942 ; 1.553039886274734E8 ; 8.825025228591601E8 ; 332486.00000000006
1398 ; 51115.4629440166 ; 227970.42442952734 ; 1.553554181895135E8 ; 8.827318690466319E8 ; 332724.00000000006
1399 ; 51060.67463543461 ; 226607.57059549444 ; 1.5540653365245754E8 ; 8.829598394710615E8 ; 332962.00000000006
1400 ; 50988.75330196774 ; 225258.0629456917 ; 1.5545759432709298E8 ; 8.83186447041657E8 ; 333200.00000000006
1401 ; 50815.063830201194 ; 223922.3481756444 ; 1.5550858308039495E8 ; 8.834117051046027E8 ; 333438.00000000006
1402 ; 51400.909635123455 ; 222600.8827241118 ; 1.5555939814422515E8 ; 8.836356274527783E8 ; 333676.00000000006
1403 ; 50530.09419418915 ; 221294.13277195385 ; 1.5561079905386028E8 ; 8.838582283355025E8 ; 333914.00000000006
1404 ; 50642.85672562485 ; 220002.57421370762 ; 1.5566132914805448E8 ; 8.840795224682745E8 ; 334152.00000000006
1405 ; 50471.880942331605 ; 218726.69259923545 ; 1.557119720047801E8 ; 8.842995250424882E8 ; 334390.00000000006
1406 ; 49755.321645436714 ; 217466.98304269102 ; 1.5576244388572246E8 ; 8.845182517350874E8 ; 334628.00000000006
1407 ; 50109.573395269625 ; 216223.9500959505 ; 1.558121992073679E8 ; 8.847357187181301E8 ; 334866.00000000006
1408 ; 49858.97361194783 ; 214998.10758354273 ; 1.5586230878076318E8 ; 8.84951942668226E8 ; 335104.00000000006
1409 ; 50116.15641073769 ; 213789.97839606332 ; 1.5591216775437513E8 ; 8.851669407758095E8 ; 335342.00000000006
1410 ; 49531.90604420864 ; 212600.09423896842 ; 1.5596228391078585E8 ; 8.853807307542056E8 ; 335580.00000000006
1411 ; 49348.12328997761 ; 211428.9953336296 ; 1.5601181581683007E8 ; 8.855933308484446E8 ; 335818.00000000006
1412 ; 49680.74429118728 ; 210277.23006751738 ; 1.5606116394012004E8 ; 8.858047598437783E8 ; 336056.00000000006
1413 ; 49091.94006978694 ; 209145.35459039296 ; 1.5611084468441123E8 ; 8.860150370738457E8 ; 336294.00000000006
1414 ; 48940.69902698907 ; 208033.93235345712 ; 1.5615993662448102E8 ; 8.862241824284362E8 ; 336532.00000000006
1415 ; 49336.44690379007 ; 206943.5335885048 ; 1.5620887732350802E8 ; 8.864322163607897E8 ; 336770.00000000006
1416 ; 48834.453820422576 ; 205874.73472426133 ; 1.5625821377041182E8 ; 8.866391598943782E8 ; 337008.00000000006
1417 ; 48669.460267673436 ; 204828.11773728547 ; 1.5630704822423226E8 ; 8.868450346291025E8 ; 337246.00000000006
1418 ; 48632.22489002958 ; 203804.26943506752 ; 1.5635571768449992E8 ; 8.870498627468398E8 ; 337484.00000000006
1419 ; 48444.935958479626 ; 202803.78066924374 ; 1.5640434990938994E8 ; 8.872536670162748E8 ; 337722.00000000006
1420 ; 48046.82228650494 ; 201827.24547723093 ; 1.5645279484534842E8 ; 8.87456470796944E8 ; 337960.00000000006
1421 ; 48587.03317827594 ; 200875.2601510075 ; 1.5650084166763493E8 ; 8.876582980424212E8 ; 338198.00000000006
1422 ; 47823.74550126368 ; 199948.4222322648 ; 1.565494287008132E8 ; 8.878591733025723E8 ; 338436.00000000006
1423 ; 47982.182864902315 ; 199047.32943372568 ; 1.5659725244631445E8 ; 8.880591217248045E8 ; 338674.00000000006
1424 ; 47286.436703871506 ; 198172.57848705957 ; 1.5664523462917936E8 ; 8.882581690542382E8 ; 338912.00000000006
1425 ; 47179.973237403494 ; 197324.76391852423 ; 1.5669252106588322E8 ; 8.884563416327252E8 ; 339150.00000000006
1426 ; 47541.57008071149 ; 196504.47675423816 ; 1.567397010391206E8 ; 8.886536663966438E8 ; 339388.00000000006
1427 ; 47215.21377444923 ; 195712.3031578112 ; 1.567872426092013E8 ; 8.88850170873398E8 ; 339626.00000000006
1428 ; 47243.81857289932 ; 194948.8230039397 ; 1.5683445782297575E8 ; 8.890458831765558E8 ; 339864.00000000006
1429 ; 46572.52881492332 ; 194214.60839250436 ; 1.5688170164154866E8 ; 8.892408319995596E8 ; 340102.00000000006
1430 ; 46720.56797764268 ; 193510.2221086631 ; 1.5692827417036358E8 ; 8.894350466079521E8 ; 340340.00000000006
1431 ; 46585.26750882665 ; 192836.216035411 ; 1.569749947383412E8 ; 8.896285568300608E8 ; 340578.00000000006
1432 ; 46102.49372155923 ; 192193.12952607122 ; 1.5702158000585005E8 ; 8.898213930460962E8 ; 340816.00000000006
1433 ; 46190.491372986035 ; 191581.48774514635 ; 1.570676824995716E8 ; 8.900135861756222E8 ; 341054.00000000006
1434 ; 46465.35227593018 ; 191001.7999869168 ; 1.5711387299094456E8 ; 8.902051676633674E8 ; 341292.00000000006
1435 ; 45837.20328129269 ; 190454.55798205527 ; 1.571603383432205E8 ; 8.903961694633543E8 ; 341530.00000000006
1436 ; 45749.417300837944 ; 189940.23420335955 ; 1.572061755465018E8 ; 8.905866240213364E8 ; 341768.00000000006
1437 ; 45783.48951770408 ; 189459.28018243695 ; 1.5725192496380264E8 ; 8.907765642555398E8 ; 342006.00000000006
1438 ; 45162.769539259156 ; 189012.1248497843 ; 1.5729770845332035E8 ; 8.909660235357223E8 ; 342244.00000000006
1439 ; 45645.11869702856 ; 188599.17291119773 ; 1.5734287122285962E8 ; 8.91155035660572E8 ; 342482.00000000006
