CSV File for the City 3 on Day 221
1 - Minute m 
2 - Power Consumed at minute m 
3 - Power Produced at minute m 
4 - Energy Consumed since the beginning of the day 
5 - Energy Produced since the beginning of the day 
6 - Energy Lost since the beginning of the day on lines starting from the city
 
0 ; 155785.66023948425 ; 1.0526864981101266E8 ; 0.0 ; 0.0 ; 0.0
1 ; 159189.66805397498 ; 1.054200691489693E8 ; 155785.66023948425 ; 1.0526864981101266E8 ; 0.0
2 ; 161352.03812740403 ; 1.0588036515820572E8 ; 314975.32829345926 ; 2.1068871895998195E8 ; 0.0
3 ; 164943.07246774828 ; 1.0664955695639348E8 ; 476327.3664208633 ; 3.1656908411818767E8 ; 0.0
4 ; 168319.06280157488 ; 1.0772766364217323E8 ; 641270.4388886116 ; 4.2321864107458115E8 ; 0.0
5 ; 171377.69370453173 ; 1.0911470376516479E8 ; 809589.5016901866 ; 5.309463047167544E8 ; 0.0
6 ; 177913.91331629595 ; 1.1081069470580134E8 ; 980967.1953947183 ; 6.400610084819192E8 ; 0.0
7 ; 187253.7043977361 ; 1.1281565199620324E8 ; 1158881.1087110143 ; 7.508717031877205E8 ; 0.0
8 ; 199601.82802066565 ; 1.1512958863029957E8 ; 1346134.8131087504 ; 8.636873551839237E8 ; 0.0
9 ; 215713.84648213774 ; 1.1775251442487258E8 ; 1545736.641129416 ; 9.788169438142233E8 ; 0.0
10 ; 242831.5028248613 ; 1.2068443549869913E8 ; 1761450.4876115536 ; 1.096569458239096E9 ; 0.0
11 ; 283539.9078103231 ; 1.2392535393104544E8 ; 2004281.990436415 ; 1.217253893737795E9 ; 0.0
12 ; 351276.9557766691 ; 1.2747526764264527E8 ; 2287821.898246738 ; 1.3411792476688406E9 ; 0.0
13 ; 414376.71797994355 ; 1.3133417051472175E8 ; 2639098.854023407 ; 1.468654515311486E9 ; 0.0
14 ; 422460.8550800229 ; 1.355020527304927E8 ; 3053475.5720033506 ; 1.5999886858262076E9 ; 0.0
15 ; 426414.09478539735 ; 1.3997890129602897E8 ; 3475936.4270833735 ; 1.7354907385567002E9 ; 0.0
16 ; 428702.5723791698 ; 1.4476470067921028E8 ; 3902350.521868771 ; 1.8754696398527293E9 ; 0.0
17 ; 432335.4065692772 ; 1.4985943349960336E8 ; 4331053.094247941 ; 2.0202343405319395E9 ; 0.0
18 ; 435002.405364158 ; 1.5526308120758843E8 ; 4763388.500817218 ; 2.170093774031543E9 ; 0.0
19 ; 437834.93747379363 ; 1.6097562470452484E8 ; 5198390.9061813755 ; 2.325356855239131E9 ; 0.0
20 ; 442355.7782287134 ; 1.66997044872741E8 ; 5636225.843655169 ; 2.486332479943656E9 ; 0.0
21 ; 445062.4007867352 ; 1.7332732300070313E8 ; 6078581.621883882 ; 2.653329524816397E9 ; 0.0
22 ; 449107.9645646724 ; 1.799664411022663E8 ; 6523644.022670617 ; 2.8266568478171005E9 ; 0.0
23 ; 453957.1888359566 ; 1.8691438213835698E8 ; 6972751.98723529 ; 3.006623288919367E9 ; 0.0
24 ; 456370.52915015706 ; 1.9417113015483564E8 ; 7426709.176071247 ; 3.193537671057724E9 ; 0.0
25 ; 459852.3242006563 ; 2.004247112505928E8 ; 7883079.705221404 ; 3.3877088012125597E9 ; 0.0
26 ; 463176.2168563728 ; 2.004286596320847E8 ; 8342932.029422061 ; 3.5881335124631524E9 ; 0.0
27 ; 465852.9934601475 ; 2.004327321177138E8 ; 8806108.246278433 ; 3.7885621720952373E9 ; 0.0
28 ; 472311.99285904266 ; 2.004369173378043E8 ; 9271961.23973858 ; 3.988994904212951E9 ; 0.0
29 ; 473085.7617706383 ; 2.0044120496429363E8 ; 9744273.232597623 ; 4.1894318215507555E9 ; 0.0
30 ; 477749.68445913185 ; 2.0044558563771793E8 ; 1.021735899436826E7 ; 4.389873026515049E9 ; 0.0
31 ; 479812.85220210487 ; 2.0045005089010823E8 ; 1.0695108678827392E7 ; 4.590318612152767E9 ; 0.0
32 ; 483764.6806733732 ; 2.0045459306759584E8 ; 1.1174921531029496E7 ; 4.790768663042875E9 ; 0.0
33 ; 487325.26179952786 ; 2.0045920525528792E8 ; 1.165868621170287E7 ; 4.991223256110471E9 ; 0.0
34 ; 490447.4310477627 ; 2.004638812060391E8 ; 1.2146011473502398E7 ; 5.191682461365759E9 ; 0.0
35 ; 494034.59649893915 ; 2.004686152740557E8 ; 1.263645890455016E7 ; 5.392146342571798E9 ; 0.0
36 ; 496097.07218170393 ; 2.0047340235378048E8 ; 1.3130493501049098E7 ; 5.592614957845854E9 ; 0.0
37 ; 499012.0180594524 ; 2.0047823782416728E8 ; 1.3626590573230801E7 ; 5.793088360199635E9 ; 0.0
38 ; 502069.71308502916 ; 2.0048311749823222E8 ; 1.4125602591290254E7 ; 5.993566598023802E9 ; 0.0
39 ; 505948.0120250565 ; 2.0048803757762635E8 ; 1.4627672304375283E7 ; 6.194049715522034E9 ; 0.0
40 ; 506968.2523431005 ; 2.0049299461189532E8 ; 1.513362031640034E7 ; 6.39453775309966E9 ; 0.0
41 ; 509819.39475584024 ; 2.004979854620504E8 ; 1.5640588568743441E7 ; 6.5950307477115555E9 ; 0.0
42 ; 512893.2241985777 ; 2.0050300726806408E8 ; 1.6150407963499282E7 ; 6.795528733173606E9 ; 0.0
43 ; 515702.2747441785 ; 2.0050805741990995E8 ; 1.666330118769786E7 ; 6.99603174044167E9 ; 0.0
44 ; 517134.93111608684 ; 2.0051313353178406E8 ; 1.7179003462442037E7 ; 7.19653979786158E9 ; 0.0
45 ; 519372.6581151378 ; 2.0051823341916943E8 ; 1.7696138393558122E7 ; 7.397052931393364E9 ; 0.0
46 ; 519658.4530593842 ; 2.0052335507843313E8 ; 1.821551105167326E7 ; 7.597571164812533E9 ; 0.0
47 ; 523804.60595545394 ; 2.0052849666867286E8 ; 1.8735169504732642E7 ; 7.798094519890966E9 ; 0.0
48 ; 525080.7982430186 ; 2.0053365649555936E8 ; 1.9258974110688098E7 ; 7.998623016559639E9 ; 0.0
49 ; 525801.3783116548 ; 2.005388329969467E8 ; 1.9784054908931118E7 ; 8.199156673055199E9 ; 0.0
50 ; 527814.6947578347 ; 2.0054402473004708E8 ; 2.0309856287242774E7 ; 8.399695506052145E9 ; 0.0
51 ; 530357.0521536176 ; 2.005492303599913E8 ; 2.0837670982000608E7 ; 8.600239530782192E9 ; 0.0
52 ; 531435.4709882616 ; 2.0055444864961427E8 ; 2.1368028034154225E7 ; 8.800788761142183E9 ; 0.0
53 ; 532647.5400763535 ; 2.0055967845032543E8 ; 2.1899463505142488E7 ; 9.001343209791798E9 ; 0.0
54 ; 533778.4284816724 ; 2.005649186939401E8 ; 2.243211104521884E7 ; 9.201902888242123E9 ; 0.0
55 ; 534740.332153302 ; 2.0057016838536134E8 ; 2.2965889473700512E7 ; 9.402467806936062E9 ; 0.0
56 ; 536384.6388164187 ; 2.0057542659601694E8 ; 2.3500629805853814E7 ; 9.603037975321423E9 ; 0.0
57 ; 539659.6677473602 ; 2.0058069245796567E8 ; 2.4037014444670234E7 ; 9.80361340191744E9 ; 0.0
58 ; 540770.3367782056 ; 2.0058596515859845E8 ; 2.4576674112417594E7 ; 1.0004194094375406E10 ; 0.0
59 ; 540269.7179140792 ; 2.0059124393586823E8 ; 2.51174444491958E7 ; 1.0204780059534004E10 ; 0.0
60 ; 542011.9788230067 ; 2.005965280739904E8 ; 2.5657714167109877E7 ; 1.0405371303469872E10 ; 0.0
61 ; 543101.8635529219 ; 2.0060181689956275E8 ; 2.6199726145932883E7 ; 1.0605967831543861E10 ; 0.0
62 ; 545138.5382149345 ; 2.0060710977805907E8 ; 2.6742828009485804E7 ; 1.0806569648443424E10 ; 0.0
63 ; 546004.0153804572 ; 2.0061240611065716E8 ; 2.7287966547700737E7 ; 1.1007176758221483E10 ; 0.0
64 ; 547135.5499390707 ; 2.0061770533136502E8 ; 2.7833970563081194E7 ; 1.120778916433214E10 ; 0.0
65 ; 549499.5152497778 ; 2.006230069044148E8 ; 2.8381106113020264E7 ; 1.1408406869663506E10 ; 0.0
66 ; 550110.2392701543 ; 2.006283103218959E8 ; 2.893060562827004E7 ; 1.160902987656792E10 ; 0.0
67 ; 550380.3651173884 ; 2.006336151016033E8 ; 2.9480715867540196E7 ; 1.1809658186889816E10 ; 0.0
68 ; 552441.0673051999 ; 2.0063892078507888E8 ; 3.0031096232657585E7 ; 1.2010291801991419E10 ; 0.0
69 ; 553613.4801358266 ; 2.006442269358265E8 ; 3.0583537299962785E7 ; 1.2210930722776497E10 ; 0.0
70 ; 555503.2697851695 ; 2.0064953313768345E8 ; 3.1137150780098613E7 ; 1.2411574949712324E10 ; 0.0
71 ; 556249.5958341451 ; 2.0065483899333286E8 ; 3.1692654049883783E7 ; 1.2612224482850008E10 ; 0.0
72 ; 557461.2353347642 ; 2.0066014412294358E8 ; 3.2248903645717926E7 ; 1.2812879321843342E10 ; 0.0
73 ; 557681.1340782669 ; 2.0066544816292495E8 ; 3.280636488105269E7 ; 1.3013539465966286E10 ; 0.0
74 ; 559524.5529527547 ; 2.0067075076478574E8 ; 3.336404601513096E7 ; 1.3214204914129211E10 ; 0.0
75 ; 560583.0762198345 ; 2.0067605159408727E8 ; 3.392357056808371E7 ; 1.3414875664893997E10 ; 0.0
76 ; 561488.3368588029 ; 2.0068135032948214E8 ; 3.4484153644303545E7 ; 1.3615551716488085E10 ; 0.0
77 ; 562629.253506079 ; 2.0068664666183048E8 ; 3.504564198116235E7 ; 1.3816233066817568E10 ; 0.0
78 ; 562353.5166524657 ; 2.0069194029338682E8 ; 3.5608271234668426E7 ; 1.4016919713479399E10 ; 0.0
79 ; 563357.0647142788 ; 2.0069723093705097E8 ; 3.617062475132089E7 ; 1.4217611653772785E10 ; 0.0
80 ; 563224.816760753 ; 2.0070251831567767E8 ; 3.673398181603517E7 ; 1.4418308884709837E10 ; 0.0
81 ; 563364.1521268598 ; 2.007078021614391E8 ; 3.729720663279592E7 ; 1.4619011403025515E10 ; 0.0
82 ; 564211.2136692619 ; 2.007130822152363E8 ; 3.786057078492278E7 ; 1.4819719205186954E10 ; 0.0
83 ; 564245.9766658508 ; 2.0071835822615513E8 ; 3.842478199859204E7 ; 1.5020432287402191E10 ; 0.0
84 ; 563247.2941724096 ; 2.0072362995096245E8 ; 3.8989027975257896E7 ; 1.5221150645628345E10 ; 0.0
85 ; 563074.770339545 ; 2.0072889715363988E8 ; 3.95522752694303E7 ; 1.5421874275579308E10 ; 0.0
86 ; 564485.7681416657 ; 2.0073415960495153E8 ; 4.011535003976985E7 ; 1.5622603172732948E10 ; 0.0
87 ; 563663.5108390402 ; 2.007394170820428E8 ; 4.0679835807911515E7 ; 1.58233373323379E10 ; 0.0
88 ; 563796.5871832398 ; 2.007446693680683E8 ; 4.124349931875055E7 ; 1.6024076749419943E10 ; 0.0
89 ; 563993.8145856734 ; 2.0074991625184563E8 ; 4.180729590593379E7 ; 1.6224821418788012E10 ; 0.0
90 ; 564740.3461741057 ; 2.007551575275337E8 ; 4.237128972051946E7 ; 1.6425571335039858E10 ; 0.0
91 ; 564001.4562435673 ; 2.0076039299433354E8 ; 4.293603006669357E7 ; 1.6626326492567392E10 ; 0.0
92 ; 563263.1616204808 ; 2.007656224562091E8 ; 4.3500031522937134E7 ; 1.6827086885561726E10 ; 0.0
93 ; 565023.7643821072 ; 2.0077084572162774E8 ; 4.406329468455762E7 ; 1.7027852508017935E10 ; 0.0
94 ; 563833.9072115371 ; 2.0077606260331762E8 ; 4.4628318448939726E7 ; 1.7228623353739563E10 ; 0.0
95 ; 564880.0048303095 ; 2.007812729180415E8 ; 4.519215235615126E7 ; 1.742939941634288E10 ; 0.0
96 ; 563353.7663785231 ; 2.007864764863856E8 ; 4.575703236098157E7 ; 1.763018068926092E10 ; 0.0
97 ; 565262.4591734824 ; 2.007916731325621E8 ; 4.632038612736009E7 ; 1.7830967165747307E10 ; 0.0
98 ; 564997.1059948767 ; 2.007968626842243E8 ; 4.6885648586533576E7 ; 1.8031758838879868E10 ; 0.0
99 ; 563961.8409527304 ; 2.0080204497229415E8 ; 4.745064569252846E7 ; 1.823255570156409E10 ; 0.0
100 ; 564262.2121976283 ; 2.008072198308002E8 ; 4.801460753348119E7 ; 1.8433357746536385E10 ; 0.0
101 ; 563801.8356070383 ; 2.008123870967261E8 ; 4.857886974567882E7 ; 1.8634164966367184E10 ; 0.0
102 ; 562541.6039319937 ; 2.0081754660986838E8 ; 4.914267158128586E7 ; 1.883497735346391E10 ; 0.0
103 ; 562300.0045393553 ; 2.0082269821270332E8 ; 4.970521318521785E7 ; 1.9035794900073776E10 ; 0.0
104 ; 563599.1081538167 ; 2.0082784175026157E8 ; 5.0267513189757206E7 ; 1.923661759828648E10 ; 0.0
105 ; 562643.9014271247 ; 2.0083297707001084E8 ; 5.0831112297911026E7 ; 1.9437445440036743E10 ; 0.0
106 ; 562927.3157946905 ; 2.0083810402174532E8 ; 5.139375619933815E7 ; 1.9638278417106754E10 ; 0.0
107 ; 561003.9933602494 ; 2.0084322245748192E8 ; 5.1956683515132844E7 ; 1.9839116521128498E10 ; 0.0
108 ; 562832.7725104576 ; 2.0084833223136264E8 ; 5.2517687508493096E7 ; 2.003995974358598E10 ; 0.0
109 ; 562014.4659111841 ; 2.0085343319956267E8 ; 5.308052028100355E7 ; 2.024080807581734E10 ; 0.0
110 ; 563160.7652325778 ; 2.0085852522020373E8 ; 5.364253474691474E7 ; 2.0441661509016903E10 ; 0.0
111 ; 560889.9062660048 ; 2.0086360815327278E8 ; 5.4205695512147315E7 ; 2.0642520034237106E10 ; 0.0
112 ; 560950.9207946734 ; 2.0086868186054498E8 ; 5.476658541841332E7 ; 2.084338364239038E10 ; 0.0
113 ; 559762.260883175 ; 2.0087374620551136E8 ; 5.532753633920799E7 ; 2.1044252324250927E10 ; 0.0
114 ; 559897.3449231614 ; 2.0087880105331042E8 ; 5.588729860009117E7 ; 2.124512607045644E10 ; 0.0
115 ; 559967.9104789167 ; 2.008838462706637E8 ; 5.644719594501433E7 ; 2.144600487150975E10 ; 0.0
116 ; 559539.0341429573 ; 2.008888817258148E8 ; 5.700716385549325E7 ; 2.1646888717780415E10 ; 0.0
117 ; 557714.4586020958 ; 2.008939072884719E8 ; 5.75667028896362E7 ; 2.184777759950623E10 ; 0.0
118 ; 558903.1490653974 ; 2.0089892282975346E8 ; 5.81244173482383E7 ; 2.20486715067947E10 ; 0.0
119 ; 558539.8950957333 ; 2.009039282221367E8 ; 5.8683320497303694E7 ; 2.2249570429624454E10 ; 0.0
120 ; 557604.8934466108 ; 2.009089233394092E8 ; 5.924186039239943E7 ; 2.2450474357846592E10 ; 0.0
121 ; 557673.739620754 ; 2.0091390805662274E8 ; 5.979946528584604E7 ; 2.2651383281186E10 ; 0.0
122 ; 556510.0829579547 ; 2.0091888225004986E8 ; 6.035713902546679E7 ; 2.2852297189242622E10 ; 0.0
123 ; 555857.6329820142 ; 2.0092384579714277E8 ; 6.0913649108424746E7 ; 2.3053216071492672E10 ; 0.0
124 ; 555578.6350844664 ; 2.0092879857649425E8 ; 6.146950674140676E7 ; 2.3254139917289814E10 ; 0.0
125 ; 555240.1876015308 ; 2.009337404678006E8 ; 6.2025085376491226E7 ; 2.345506871586631E10 ; 0.0
126 ; 555021.5874562468 ; 2.0093867135182688E8 ; 6.2580325564092755E7 ; 2.365600245633411E10 ; 0.0
127 ; 553853.5679868255 ; 2.0094359111037347E8 ; 6.3135347151549004E7 ; 2.3856941127685936E10 ; 0.0
128 ; 553034.0990208773 ; 2.0094849962624472E8 ; 6.368920071953583E7 ; 2.405788471879631E10 ; 0.0
129 ; 552177.8804524291 ; 2.0095339678321904E8 ; 6.42422348185567E7 ; 2.4258833218422554E10 ; 0.0
130 ; 550598.4755167093 ; 2.009582824660206E8 ; 6.4794412699009135E7 ; 2.4459786615205772E10 ; 0.0
131 ; 549368.0097899869 ; 2.0096315656029245E8 ; 6.534501117452584E7 ; 2.4660744897671795E10 ; 0.0
132 ; 547179.9880263436 ; 2.0096801895257092E8 ; 6.589437918431583E7 ; 2.4861708054232086E10 ; 0.0
133 ; 547232.3057751346 ; 2.0097286953026146E8 ; 6.6441559172342174E7 ; 2.5062676073184658E10 ; 0.0
134 ; 545916.0133816397 ; 2.0097770818161562E8 ; 6.698879147811731E7 ; 2.526364894271492E10 ; 0.0
135 ; 544072.8115836047 ; 2.0098253479570916E8 ; 6.753470749149895E7 ; 2.5464626650896534E10 ; 0.0
136 ; 542673.1981940346 ; 2.0098734926242128E8 ; 6.807878030308256E7 ; 2.566560918569224E10 ; 0.0
137 ; 540644.5049664495 ; 2.0099215147241488E8 ; 6.86214535012766E7 ; 2.5866596534954662E10 ; 0.0
138 ; 539745.8697364804 ; 2.0099694131711778E8 ; 6.916209800624305E7 ; 2.606758868642708E10 ; 0.0
139 ; 537827.444391779 ; 2.0100171868870485E8 ; 6.970184387597953E7 ; 2.6268585627744198E10 ; 0.0
140 ; 535486.9606743328 ; 2.0100648348008105E8 ; 7.02396713203713E7 ; 2.6469587346432903E10 ; 0.0
141 ; 534953.6139917801 ; 2.0101123558486542E8 ; 7.077515828104563E7 ; 2.6670593829912983E10 ; 0.0
142 ; 533347.4606447446 ; 2.010159748973755E8 ; 7.131011189503741E7 ; 2.687160506549785E10 ; 0.0
143 ; 531066.405370191 ; 2.0102070131261286E8 ; 7.184345935568216E7 ; 2.7072621040395226E10 ; 0.0
144 ; 530688.8612524864 ; 2.010254147262492E8 ; 7.237452576105236E7 ; 2.727364174170784E10 ; 0.0
145 ; 529463.4394645354 ; 2.0103011503461307E8 ; 7.290521462230484E7 ; 2.747466715643409E10 ; 0.0
146 ; 528213.3509584792 ; 2.0103480213467738E8 ; 7.343467806176938E7 ; 2.7675697271468704E10 ; 0.0
147 ; 528028.6868690774 ; 2.0103947592404732E8 ; 7.396289141272786E7 ; 2.7876732073603382E10 ; 0.0
148 ; 528197.6102397396 ; 2.01044136300949E8 ; 7.449092009959695E7 ; 2.8077771549527428E10 ; 0.0
149 ; 526972.7109098828 ; 2.0104878316421854E8 ; 7.501911770983669E7 ; 2.8278815685828377E10 ; 0.0
150 ; 526325.3557384274 ; 2.010534164132919E8 ; 7.554609042074658E7 ; 2.8479864468992596E10 ; 0.0
151 ; 525694.9566288727 ; 2.0105803594819483E8 ; 7.607241577648501E7 ; 2.8680917885405888E10 ; 0.0
152 ; 525167.5781799727 ; 2.0106264166953367E8 ; 7.659811073311388E7 ; 2.8881975921354084E10 ; 0.0
153 ; 524986.7911359986 ; 2.0106723347848627E8 ; 7.712327831129386E7 ; 2.9083038563023617E10 ; 0.0
154 ; 523616.9940043865 ; 2.0107181127679366E8 ; 7.764826510242985E7 ; 2.92841057965021E10 ; 0.0
155 ; 522845.2164195565 ; 2.0107637496675193E8 ; 7.817188209643424E7 ; 2.9485177607778896E10 ; 0.0
156 ; 523105.1547370744 ; 2.0108092445120442E8 ; 7.86947273128538E7 ; 2.9686253982745647E10 ; 0.0
157 ; 521981.0457947721 ; 2.0108545963353452E8 ; 7.921783246759087E7 ; 2.9887334907196854E10 ; 0.0
158 ; 521645.7954520133 ; 2.0108998041765863E8 ; 7.973981351338564E7 ; 3.0088420366830387E10 ; 0.0
159 ; 520643.3856836935 ; 2.0109448670801955E8 ; 8.026145930883765E7 ; 3.0289510347248047E10 ; 0.0
160 ; 521352.7335148037 ; 2.010989784095801E8 ; 8.078210269452135E7 ; 3.0490604833956066E10 ; 0.0
161 ; 520474.12770611234 ; 2.0110345542781726E8 ; 8.130345542803615E7 ; 3.0691703812365646E10 ; 0.0
162 ; 519081.43867353257 ; 2.011079176687162E8 ; 8.182392955574226E7 ; 3.0892807267793465E10 ; 0.0
163 ; 516932.5411987849 ; 2.01112365038765E8 ; 8.234301099441579E7 ; 3.109391518546218E10 ; 0.0
164 ; 516608.1110855815 ; 2.011167974449496E8 ; 8.285994353561458E7 ; 3.1295027550500946E10 ; 0.0
165 ; 517030.61875239917 ; 2.0112121479474846E8 ; 8.337655164670016E7 ; 3.1496144347945896E10 ; 0.0
166 ; 515024.1070095243 ; 2.0112561699612826E8 ; 8.389358226545256E7 ; 3.1697265562740646E10 ; 0.0
167 ; 515186.7510983128 ; 2.0113000395753935E8 ; 8.44086063724621E7 ; 3.1898391179736774E10 ; 0.0
168 ; 515364.0761385101 ; 2.0113437558791137E8 ; 8.492379312356041E7 ; 3.2099521183694313E10 ; 0.0
169 ; 512337.827605652 ; 2.0113873179664937E8 ; 8.543915719969893E7 ; 3.2300655559282223E10 ; 0.0
170 ; 513970.4014277066 ; 2.0114307249363E8 ; 8.595149502730457E7 ; 3.2501794291078873E10 ; 0.0
171 ; 512321.40303187334 ; 2.0114739758919773E8 ; 8.646546542873228E7 ; 3.2702937363572502E10 ; 0.0
172 ; 511966.8516304819 ; 2.011517069941616E8 ; 8.697778683176415E7 ; 3.29040847611617E10 ; 0.0
173 ; 512762.51747875626 ; 2.011560006197918E8 ; 8.748975368339463E7 ; 3.310523646815586E10 ; 0.0
174 ; 512056.7822430882 ; 2.0116027837781662E8 ; 8.800251620087337E7 ; 3.3306392468775654E10 ; 0.0
175 ; 510164.18572473567 ; 2.0116454018041956E8 ; 8.851457298311646E7 ; 3.350755274715347E10 ; 0.0
176 ; 510209.261116272 ; 2.0116878594023648E8 ; 8.90247371688412E7 ; 3.370871728733389E10 ; 0.0
177 ; 508952.42225839064 ; 2.0117301557035294E8 ; 8.953494642995746E7 ; 3.3909886073274124E10 ; 0.0
178 ; 507742.7121747729 ; 2.0117722898430184E8 ; 9.004389885221586E7 ; 3.411105908884448E10 ; 0.0
179 ; 508922.82576759305 ; 2.011814260960609E8 ; 9.055164156439063E7 ; 3.431223631782878E10 ; 0.0
180 ; 507862.52395480353 ; 2.0118560682005054E8 ; 9.106056439015822E7 ; 3.451341774392484E10 ; 0.0
181 ; 508161.2019152558 ; 2.0118977107113168E8 ; 9.156842691411303E7 ; 3.4714603350744896E10 ; 0.0
182 ; 508066.7364314462 ; 2.0119391876460385E8 ; 9.207658811602828E7 ; 3.4915793121816025E10 ; 0.0
183 ; 506949.55460757186 ; 2.0119804981620333E8 ; 9.258465485245973E7 ; 3.511698704058063E10 ; 0.0
184 ; 507005.40319224744 ; 2.0120216414210117E8 ; 9.30916044070673E7 ; 3.531818509039683E10 ; 0.0
185 ; 506670.35913908103 ; 2.0120626165890187E8 ; 9.359860981025955E7 ; 3.5519387254538925E10 ; 0.0
186 ; 505513.0870088855 ; 2.0121034228364155E8 ; 9.410528016939864E7 ; 3.572059351619783E10 ; 0.0
187 ; 505555.54426273424 ; 2.0121440593378657E8 ; 9.461079325640751E7 ; 3.592180385848147E10 ; 0.0
188 ; 505343.34675461065 ; 2.012184525272322E8 ; 9.511634880067025E7 ; 3.612301826441525E10 ; 0.0
189 ; 504190.2570937474 ; 2.0122248198230132E8 ; 9.562169214742486E7 ; 3.632423671694248E10 ; 0.0
190 ; 503995.2932023592 ; 2.012264942177432E8 ; 9.61258824045186E7 ; 3.652545919892478E10 ; 0.0
191 ; 504375.4881983969 ; 2.012304891527323E8 ; 9.662987769772096E7 ; 3.6726685693142525E10 ; 0.0
192 ; 503223.34105418617 ; 2.0123446670686755E8 ; 9.713425318591936E7 ; 3.692791618229526E10 ; 0.0
193 ; 503611.3290594098 ; 2.012384268001709E8 ; 9.763747652697355E7 ; 3.712915064900213E10 ; 0.0
194 ; 502080.4536322288 ; 2.0124236935308686E8 ; 9.814108785603295E7 ; 3.73303890758023E10 ; 0.0
195 ; 501727.8811439821 ; 2.0124629428648147E8 ; 9.864316830966519E7 ; 3.753163144515539E10 ; 0.0
196 ; 501465.45388421725 ; 2.0125020152164155E8 ; 9.914489619080918E7 ; 3.773287773944187E10 ; 0.0
197 ; 500413.6143283716 ; 2.0125409098027402E8 ; 9.964636164469339E7 ; 3.793412794096352E10 ; 0.0
198 ; 500812.5452945284 ; 2.0125796258450535E8 ; 1.0014677525902176E8 ; 3.813538203194379E10 ; 0.0
199 ; 500837.91231763683 ; 2.0126181625688085E8 ; 1.0064758780431628E8 ; 3.833663999452829E10 ; 0.0
200 ; 499187.66300460324 ; 2.012656519203642E8 ; 1.0114842571663392E8 ; 3.853790181078517E10 ; 0.0
201 ; 500130.456723383 ; 2.0126946949833706E8 ; 1.0164761337963852E8 ; 3.8739167462705536E10 ; 0.0
202 ; 498751.42111758847 ; 1.5613781722518185E8 ; 1.021477438363619E8 ; 3.894043693220387E10 ; 0.0
203 ; 497811.6372016783 ; 1.517433176667865E8 ; 1.0264649525747949E8 ; 3.9096574749429054E10 ; 0.0
204 ; 499693.27063843183 ; 1.5140140579560456E8 ; 1.0314430689468117E8 ; 3.924831806709584E10 ; 0.0
205 ; 497255.01465845417 ; 1.5106026967489633E8 ; 1.036440001653196E8 ; 3.939971947289144E10 ; 0.0
206 ; 497672.54593984364 ; 1.5071990740570867E8 ; 1.0414125517997806E8 ; 3.955077974256634E10 ; 0.0
207 ; 496708.16024519375 ; 1.5038031709369576E8 ; 1.046389277259179E8 ; 3.9701499649972046E10 ; 0.0
208 ; 497324.76377527736 ; 1.5004149684910947E8 ; 1.051356358861631E8 ; 3.985187996706574E10 ; 0.0
209 ; 496936.1673350257 ; 1.4970344478678972E8 ; 1.0563296064993837E8 ; 4.000192146391485E10 ; 0.0
210 ; 494286.3227591486 ; 1.4936615902615467E8 ; 1.061298968172734E8 ; 4.015162490870164E10 ; 0.0
211 ; 495599.3494292274 ; 1.490296376911912E8 ; 1.0662418314003254E8 ; 4.030099106772779E10 ; 0.0
212 ; 494022.69177503954 ; 1.486938789104454E8 ; 1.0711978248946178E8 ; 4.045002070541898E10 ; 0.0
213 ; 494291.3313994335 ; 1.4835888081701297E8 ; 1.0761380518123682E8 ; 4.059871458432943E10 ; 0.0
214 ; 493135.3786737943 ; 1.4802464154852986E8 ; 1.0810809651263626E8 ; 4.074707346514645E10 ; 0.0
215 ; 492317.3096724599 ; 1.4769115924716285E8 ; 1.0860123189131005E8 ; 4.089509810669498E10 ; 0.0
216 ; 493690.60275087587 ; 1.473584320596003E8 ; 1.0909354920098251E8 ; 4.104278926594214E10 ; 0.0
217 ; 493069.9366717071 ; 1.4702645813704264E8 ; 1.095872398037334E8 ; 4.119014769800174E10 ; 0.0
218 ; 491604.3769401019 ; 1.4669523563519347E8 ; 1.100803097404051E8 ; 4.133717415613878E10 ; 0.0
219 ; 491394.99125117523 ; 1.4636476271425E8 ; 1.105719141173452E8 ; 4.148386939177397E10 ; 0.0
220 ; 490938.05263311905 ; 1.4603503753889415E8 ; 1.1106330910859637E8 ; 4.163023415448822E10 ; 0.0
221 ; 490237.59507882706 ; 1.4570605827828342E8 ; 1.1155424716122949E8 ; 4.1776269192027115E10 ; 0.0
222 ; 490062.4536406993 ; 1.453778231060416E8 ; 1.1204448475630832E8 ; 4.19219752503054E10 ; 0.0
223 ; 489295.45157243195 ; 1.4505033020025018E8 ; 1.1253454720994902E8 ; 4.206735307341144E10 ; 0.0
224 ; 489350.1880272507 ; 1.4472357774343893E8 ; 1.1302384266152145E8 ; 4.221240340361169E10 ; 0.0
225 ; 489465.86935592757 ; 1.4439756392257723E8 ; 1.135131928495487E8 ; 4.2357126981355125E10 ; 0.0
226 ; 488241.15908336145 ; 1.4407228692906502E8 ; 1.1400265871890463E8 ; 4.25015245452777E10 ; 0.0
227 ; 488359.2760425701 ; 1.4374774495872414E8 ; 1.14490899877988E8 ; 4.2645596832206764E10 ; 0.0
228 ; 487947.34468003904 ; 1.4342393621178928E8 ; 1.1497925915403056E8 ; 4.278934457716549E10 ; 0.0
229 ; 486867.16535416606 ; 1.4310085889289933E8 ; 1.154672064987106E8 ; 4.293276851337728E10 ; 0.0
230 ; 487124.0571069379 ; 1.427785112110887E8 ; 1.1595407366406476E8 ; 4.307586937227018E10 ; 0.0
231 ; 485793.7965326199 ; 1.4245689137977833E8 ; 1.164411977211717E8 ; 4.321864788348127E10 ; 0.0
232 ; 486403.69812094286 ; 1.421359976167673E8 ; 1.1692699151770432E8 ; 4.3361104774861046E10 ; 0.0
233 ; 485933.22936595336 ; 1.4181582814422402E8 ; 1.1741339521582526E8 ; 4.350324077247781E10 ; 0.0
234 ; 484257.76481742907 ; 1.4149638118867776E8 ; 1.1789932844519122E8 ; 4.364505660062204E10 ; 0.0
235 ; 485419.4623459394 ; 1.4117765498100993E8 ; 1.1838358621000865E8 ; 4.3786552981810715E10 ; 0.0
236 ; 484270.06635499455 ; 1.4085964775644556E8 ; 1.188690056723546E8 ; 4.3927730636791725E10 ; 0.0
237 ; 485216.099818233 ; 1.4054235775454473E8 ; 1.1935327573870958E8 ; 4.406859028454817E10 ; 0.0
238 ; 483025.47493269196 ; 1.4022578321919447E8 ; 1.1983849183852781E8 ; 4.420913264230272E10 ; 0.0
239 ; 482559.0717602864 ; 1.3990992239859965E8 ; 1.203215173134605E8 ; 4.434935842552191E10 ; 0.0
240 ; 482561.09942533274 ; 1.395947735452751E8 ; 1.2080407638522078E8 ; 4.448926834792051E10 ; 0.0
241 ; 482819.1495094115 ; 1.3928033491603696E8 ; 1.2128663748464611E8 ; 4.462886312146578E10 ; 0.0
242 ; 482987.77300254244 ; 1.3896660477199432E8 ; 1.2176945663415553E8 ; 4.476814345638182E10 ; 0.0
243 ; 485091.5454419705 ; 1.3865358137854105E8 ; 1.2225244440715806E8 ; 4.490711006115382E10 ; 0.0
244 ; 485651.1272223573 ; 1.3834126300534722E8 ; 1.2273753595260003E8 ; 4.504576364253236E10 ; 0.0
245 ; 485431.73671127425 ; 1.3802964792635104E8 ; 1.2322318707982239E8 ; 4.5184104905537704E10 ; 0.0
246 ; 485783.59902844805 ; 1.3771873441975054E8 ; 1.2370861881653367E8 ; 4.532213455346406E10 ; 0.0
247 ; 486522.0262118502 ; 1.3740852076799524E8 ; 1.2419440241556212E8 ; 4.545985328788381E10 ; 0.0
248 ; 487285.2510064731 ; 1.3709900525777793E8 ; 1.2468092444177397E8 ; 4.559726180865181E10 ; 0.0
249 ; 486795.66169764113 ; 1.367901861800268E8 ; 1.2516820969278044E8 ; 4.5734360813909584E10 ; 0.0
250 ; 487636.7474877471 ; 1.3648206182989684E8 ; 1.2565500535447808E8 ; 4.587115100008961E10 ; 0.0
251 ; 488070.5877190575 ; 1.36174630506762E8 ; 1.2614264210196583E8 ; 4.60076330619195E10 ; 0.0
252 ; 488539.4169645452 ; 1.35867890514207E8 ; 1.2663071268968488E8 ; 4.614380769242626E10 ; 0.0
253 ; 489614.1898878061 ; 1.355618401600192E8 ; 1.2711925210664943E8 ; 4.627967558294047E10 ; 0.0
254 ; 492050.13229508884 ; 1.352564777561805E8 ; 1.2760886629653724E8 ; 4.641523742310049E10 ; 0.0
255 ; 494904.9186094191 ; 1.349518016188594E8 ; 1.2810091642883232E8 ; 4.655049390085667E10 ; 0.0
256 ; 496864.78586935427 ; 1.346478100684031E8 ; 1.2859582134744175E8 ; 4.6685445702475525E10 ; 0.0
257 ; 498580.5586558058 ; 1.343445014293291E8 ; 1.2909268613331111E8 ; 4.682009351254393E10 ; 0.0
258 ; 500648.4050280676 ; 1.340418740303176E8 ; 1.295912666919669E8 ; 4.695443801397326E10 ; 0.0
259 ; 502015.8595149753 ; 1.337399262042034E8 ; 1.3009191509699498E8 ; 4.708847988800358E10 ; 0.0
260 ; 503751.39747164864 ; 1.334386562879679E8 ; 1.3059393095650996E8 ; 4.722221981420778E10 ; 0.0
261 ; 506136.8628925287 ; 1.3313806262273134E8 ; 1.3109768235398161E8 ; 4.735565847049575E10 ; 0.0
262 ; 506393.1812781318 ; 1.3283814355374478E8 ; 1.3160381921687414E8 ; 4.7488796533118484E10 ; 0.0
263 ; 509069.0433123276 ; 1.3253889743038231E8 ; 1.3211021239815226E8 ; 4.7621634676672226E10 ; 0.0
264 ; 513787.8081871944 ; 1.3224032260613312E8 ; 1.3261928144146459E8 ; 4.775417357410261E10 ; 0.0
265 ; 512833.69261900015 ; 1.3194241743859364E8 ; 1.3313306924965179E8 ; 4.788641389670874E10 ; 0.0
266 ; 514570.5454446293 ; 1.3164518028945994E8 ; 1.3364590294227079E8 ; 4.801835631414733E10 ; 0.0
267 ; 515870.7701976345 ; 1.313486095245197E8 ; 1.3416047348771541E8 ; 4.815000149443679E10 ; 0.0
268 ; 518534.5435007338 ; 1.3105270351364444E8 ; 1.3467634425791305E8 ; 4.828135010396131E10 ; 0.0
269 ; 519106.190858575 ; 1.307574606307819E8 ; 1.3519487880141377E8 ; 4.841240280747495E10 ; 0.0
270 ; 520540.9403309599 ; 1.3046287925394827E8 ; 1.3571398499227235E8 ; 4.8543160268105736E10 ; 0.0
271 ; 523679.03029776225 ; 1.301689577652203E8 ; 1.362345259326033E8 ; 4.867362314735969E10 ; 0.0
272 ; 524911.5853774548 ; 1.2987569455072786E8 ; 1.3675820496290106E8 ; 4.880379210512491E10 ; 0.0
273 ; 526787.8923324714 ; 1.2958308800064594E8 ; 1.372831165482785E8 ; 4.893366779967564E10 ; 0.0
274 ; 529256.1859087362 ; 1.2929113650918736E8 ; 1.3780990444061098E8 ; 4.9063250887676285E10 ; 0.0
275 ; 529459.8210069187 ; 1.2899983847459467E8 ; 1.383391606265197E8 ; 4.919254202418547E10 ; 0.0
276 ; 531344.4779115441 ; 1.2870919229913291E8 ; 1.3886862044752663E8 ; 4.9321541862660065E10 ; 0.0
277 ; 532487.3657572739 ; 1.2841919638908178E8 ; 1.3939996492543817E8 ; 4.94502510549592E10 ; 0.0
278 ; 534908.8871341541 ; 1.2812984915472801E8 ; 1.3993245229119545E8 ; 4.957867025134828E10 ; 0.0
279 ; 535595.3852529341 ; 1.2784114901035795E8 ; 1.4046736117832962E8 ; 4.970680010050301E10 ; 0.0
280 ; 537899.9874533745 ; 1.2755309437424977E8 ; 1.4100295656358254E8 ; 4.9834641249513374E10 ; 0.0
281 ; 539388.9530289177 ; 1.2726568366866612E8 ; 1.415408565510359E8 ; 4.996219434388763E10 ; 0.0
282 ; 540494.8970569276 ; 1.2697891531984639E8 ; 1.4208024550406483E8 ; 5.008946002755629E10 ; 0.0
283 ; 543081.2771035737 ; 1.2669278775799932E8 ; 1.4262074040112177E8 ; 5.021643894287614E10 ; 0.0
284 ; 543838.5752344677 ; 1.2640729941729546E8 ; 1.4316382167822534E8 ; 5.034313173063413E10 ; 0.0
285 ; 545124.6201549147 ; 1.2612244873585968E8 ; 1.437076602534598E8 ; 5.046953903005143E10 ; 0.0
286 ; 546199.0836064039 ; 1.2583823415576361E8 ; 1.4425278487361473E8 ; 5.059566147878729E10 ; 0.0
287 ; 548404.007216519 ; 1.2555465412301823E8 ; 1.4479898395722112E8 ; 5.0721499712943054E10 ; 0.0
288 ; 550983.437899799 ; 1.2527170708756647E8 ; 1.4534738796443763E8 ; 5.084705436706607E10 ; 0.0
289 ; 551613.1243109718 ; 1.2498939150327574E8 ; 1.4589837140233743E8 ; 5.097232607415364E10 ; 0.0
290 ; 553151.9148998836 ; 1.2470770582793038E8 ; 1.464499845266484E8 ; 5.109731546565691E10 ; 0.0
291 ; 554384.7027425489 ; 1.2442664852322447E8 ; 1.470031364415483E8 ; 5.122202317148484E10 ; 0.0
292 ; 555927.2780002716 ; 1.2414621805475429E8 ; 1.4755752114429083E8 ; 5.1346449820008064E10 ; 0.0
293 ; 557004.5663969496 ; 1.238664128920109E8 ; 1.481134484222911E8 ; 5.147059603806282E10 ; 0.0
294 ; 559610.9051058543 ; 1.2358723150837293E8 ; 1.4867045298868805E8 ; 5.1594462450954834E10 ; 0.0
295 ; 561078.975803953 ; 1.2330867238109915E8 ; 1.492300638937939E8 ; 5.17180496824632E10 ; 0.0
296 ; 563094.5023424168 ; 1.2303073399132101E8 ; 1.4979114286959785E8 ; 5.18413583548443E10 ; 0.0
297 ; 564322.5186030588 ; 1.2275341482403548E8 ; 1.5035423737194026E8 ; 5.196438908883562E10 ; 0.0
298 ; 565303.4975645854 ; 1.224767133680977E8 ; 1.509185598905433E8 ; 5.208714250365965E10 ; 0.0
299 ; 566240.1611826133 ; 1.222006281162136E8 ; 1.514838633881079E8 ; 5.220961921702775E10 ; 0.0
300 ; 568940.9783646914 ; 1.2192515756493269E8 ; 1.520501035492905E8 ; 5.233181984514396E10 ; 0.0
301 ; 570388.3933567973 ; 1.2165030021464072E8 ; 1.526190445276552E8 ; 5.245374500270889E10 ; 0.0
302 ; 571400.1591500842 ; 1.2137605456955245E8 ; 1.53189432921012E8 ; 5.257539530292353E10 ; 0.0
303 ; 572659.9015250352 ; 1.2110241913770443E8 ; 1.537608330801621E8 ; 5.269677135749308E10 ; 0.0
304 ; 574613.9027909349 ; 1.2082947736243986E8 ; 1.5433349298168713E8 ; 5.281787377663078E10 ; 0.0
305 ; 575577.328207577 ; 1.205572274740929E8 ; 1.5490810688447806E8 ; 5.2938703253993225E10 ; 0.0
306 ; 575344.282141902 ; 1.2028558296552174E8 ; 1.5548368421268564E8 ; 5.3059260481467316E10 ; 0.0
307 ; 576580.8733458951 ; 1.200145423599776E8 ; 1.5605902849482754E8 ; 5.317954606443284E10 ; 0.0
308 ; 578682.7508308891 ; 1.1974410418449746E8 ; 1.5663560936817342E8 ; 5.3299560606792816E10 ; 0.0
309 ; 578567.6117411333 ; 1.1947426696989672E8 ; 1.572142921190043E8 ; 5.341930471097731E10 ; 0.0
310 ; 579844.2064731375 ; 1.1920502925076212E8 ; 1.5779285973074543E8 ; 5.3538778977947205E10 ; 0.0
311 ; 580058.7957489693 ; 1.189363895654446E8 ; 1.5837270393721858E8 ; 5.365798400719797E10 ; 0.0
312 ; 580313.4817928601 ; 1.1866834645605212E8 ; 1.5895276273296756E8 ; 5.377692039676341E10 ; 0.0
313 ; 582134.1444043089 ; 1.1840089846844251E8 ; 1.5953307621476042E8 ; 5.389558874321947E10 ; 0.0
314 ; 582221.4175558598 ; 1.1813404415221635E8 ; 1.6011521035916474E8 ; 5.401398964168791E10 ; 0.0
315 ; 581865.1160119579 ; 1.1786778206070986E8 ; 1.606974317767206E8 ; 5.4132123685840126E10 ; 0.0
316 ; 582471.0286534219 ; 1.176021107509879E8 ; 1.6127929689273256E8 ; 5.424999146790083E10 ; 0.0
317 ; 583562.5304874107 ; 1.1733702878383668E8 ; 1.6186176792138597E8 ; 5.436759357865182E10 ; 0.0
318 ; 582582.7978988528 ; 1.1707253472375686E8 ; 1.624453304518734E8 ; 5.448493060743565E10 ; 0.0
319 ; 583530.8317092528 ; 1.1680862713895637E8 ; 1.6302791324977225E8 ; 5.460200314215941E10 ; 0.0
320 ; 582513.7948969918 ; 1.1654530460134347E8 ; 1.6361144408148152E8 ; 5.471881176929836E10 ; 0.0
321 ; 581704.0958068598 ; 1.1628256568651949E8 ; 1.641939578763785E8 ; 5.4835357073899704E10 ; 0.0
322 ; 582101.2576514977 ; 1.1602040897377205E8 ; 1.6477566197218537E8 ; 5.495163963958622E10 ; 0.0
323 ; 580560.0572216151 ; 1.1575883304606788E8 ; 1.6535776322983688E8 ; 5.506766004855999E10 ; 0.0
324 ; 578617.0188550624 ; 1.1549783649004582E8 ; 1.659383232870585E8 ; 5.518341888160606E10 ; 0.0
325 ; 577930.1991718835 ; 1.1523741789600982E8 ; 1.6651694030591357E8 ; 5.52989167180961E10 ; 0.0
326 ; 576126.7036607902 ; 1.1497757585792196E8 ; 1.6709487050508544E8 ; 5.541415413599211E10 ; 0.0
327 ; 576662.1173144008 ; 1.1471830897339553E8 ; 1.6767099720874622E8 ; 5.552913171185004E10 ; 0.0
328 ; 574076.6909168094 ; 1.1445961584368783E8 ; 1.6824765932606062E8 ; 5.564385002082343E10 ; 0.0
329 ; 572974.3666478996 ; 1.142014950736935E8 ; 1.6882173601697743E8 ; 5.575830963666712E10 ; 0.0
330 ; 572210.583666936 ; 1.1394394527193731E8 ; 1.6939471038362533E8 ; 5.5872511131740814E10 ; 0.0
331 ; 571421.7682580901 ; 1.1368696505056743E8 ; 1.6996692096729228E8 ; 5.598645507701275E10 ; 0.0
332 ; 569338.3390953448 ; 1.1343055302534828E8 ; 1.7053834273555037E8 ; 5.610014204206332E10 ; 0.0
333 ; 567943.0491781745 ; 1.1317470781565374E8 ; 1.7110768107464573E8 ; 5.621357259508866E10 ; 0.0
334 ; 566799.8916108237 ; 1.129194280444602E8 ; 1.716756241238239E8 ; 5.632674730290431E10 ; 0.0
335 ; 565230.5144402905 ; 1.126647123383397E8 ; 1.7224242401543474E8 ; 5.643966673094877E10 ; 0.0
336 ; 563774.9862998417 ; 1.1241055932745291E8 ; 1.7280765452987504E8 ; 5.655233144328711E10 ; 0.0
337 ; 563082.5375085558 ; 1.1215696764554231E8 ; 1.7337142951617488E8 ; 5.666474200261456E10 ; 0.0
338 ; 562754.7099797829 ; 1.1190393592992538E8 ; 1.7393451205368343E8 ; 5.677689897026011E10 ; 0.0
339 ; 561442.9269646164 ; 1.1165146282148758E8 ; 1.744972667636632E8 ; 5.688880290619003E10 ; 0.0
340 ; 559938.8338424171 ; 1.1139954696467558E8 ; 1.750587096906278E8 ; 5.700045436901152E10 ; 0.0
341 ; 558149.0303822617 ; 1.1114818700749047E8 ; 1.7561864852447024E8 ; 5.71118539159762E10 ; 0.0
342 ; 556883.3130656017 ; 1.1089738160148074E8 ; 1.7617679755485252E8 ; 5.722300210298369E10 ; 0.0
343 ; 557504.4792061935 ; 1.1064712940173556E8 ; 1.767336808679181E8 ; 5.733389948458517E10 ; 0.0
344 ; 556637.0219842208 ; 1.1039742906687799E8 ; 1.772911853471243E8 ; 5.74445466139869E10 ; 0.0
345 ; 555587.5737092198 ; 1.101482792590581E8 ; 1.7784782236910853E8 ; 5.755494404305378E10 ; 0.0
346 ; 555163.0854508933 ; 1.0989967864394607E8 ; 1.7840340994281775E8 ; 5.7665092322312836E10 ; 0.0
347 ; 554131.4764725909 ; 1.0965162589072561E8 ; 1.7895857302826864E8 ; 5.777499200095678E10 ; 0.0
348 ; 552750.5674168895 ; 1.0940411967208697E8 ; 1.7951270450474122E8 ; 5.78846436268475E10 ; 0.0
349 ; 552738.9734194579 ; 1.0915715866422027E8 ; 1.800654550721581E8 ; 5.799404774651959E10 ; 0.0
350 ; 553386.5685800787 ; 1.0891074154680872E8 ; 1.8061819404557756E8 ; 5.8103204905183815E10 ; 0.0
351 ; 551257.0677389065 ; 1.0866486700302172E8 ; 1.8117158061415765E8 ; 5.821211564673062E10 ; 0.0
352 ; 551209.6396218791 ; 1.0841953371950829E8 ; 1.8172283768189657E8 ; 5.832078051373364E10 ; 0.0
353 ; 551211.2772835979 ; 1.0817474038639021E8 ; 1.8227404732151845E8 ; 5.842920004745315E10 ; 0.0
354 ; 549964.5132989408 ; 1.079304856972553E8 ; 1.8282525859880206E8 ; 5.853737478783954E10 ; 0.0
355 ; 550402.8668312532 ; 1.0768676834915073E8 ; 1.83375223112101E8 ; 5.86453052735368E10 ; 0.0
356 ; 549816.5357894085 ; 1.0744358704257618E8 ; 1.8392562597893223E8 ; 5.875299204188595E10 ; 0.0
357 ; 550691.2543787508 ; 1.0720094048147726E8 ; 1.8447544251472163E8 ; 5.886043562892853E10 ; 0.0
358 ; 548818.2745364461 ; 1.069588273732387E8 ; 1.8502613376910037E8 ; 5.896763656941E10 ; 0.0
359 ; 550500.1899793777 ; 1.0671724642867774E8 ; 1.8557495204363683E8 ; 5.907459539678324E10 ; 0.0
360 ; 658297.701961623 ; 1.0647619636203739E8 ; 1.861254522336162E8 ; 5.918131264321192E10 ; 0.0
361 ; 658942.4055340274 ; 1.0663090081908506E8 ; 1.8678374993557784E8 ; 5.928778883957396E10 ; 0.0
362 ; 660577.881672173 ; 1.0709422212573811E8 ; 1.8744269234111187E8 ; 5.939441974039304E10 ; 0.0
363 ; 660486.3203259272 ; 1.0786616027793157E8 ; 1.8810327022278404E8 ; 5.950151396251878E10 ; 0.0
364 ; 661674.4692874867 ; 1.0894671527207828E8 ; 1.8876375654310998E8 ; 5.9609380122796715E10 ; 0.0
365 ; 664277.3974827272 ; 1.1033588710506946E8 ; 1.8942543101239747E8 ; 5.9718326838068794E10 ; 0.0
366 ; 666744.5492617899 ; 1.1203367577427444E8 ; 1.900897084098802E8 ; 5.982866272517387E10 ; 0.0
367 ; 672608.8761762162 ; 1.1404008127754086E8 ; 1.9075645295914197E8 ; 5.994069640094814E10 ; 0.0
368 ; 681789.6772948502 ; 1.1635510361319453E8 ; 1.9142906183531818E8 ; 6.0054736482225685E10 ; 0.0
369 ; 695533.8880943635 ; 1.1897874278003967E8 ; 1.9211085151261303E8 ; 6.017109158583888E10 ; 0.0
370 ; 719037.9364533357 ; 1.2191099877735877E8 ; 1.928063854007074E8 ; 6.029007032861892E10 ; 0.0
371 ; 758178.3939807855 ; 1.2515187160491267E8 ; 1.9352542333716074E8 ; 6.041198132739628E10 ; 0.0
372 ; 821192.7990469595 ; 1.287013612629405E8 ; 1.942836017311415E8 ; 6.053713319900119E10 ; 0.0
373 ; 881520.393422354 ; 1.3255946775215971E8 ; 1.9510479453018847E8 ; 6.066583456026413E10 ; 0.0
374 ; 886023.0967971472 ; 1.367261910737663E8 ; 1.9598631492361084E8 ; 6.079839402801629E10 ; 0.0
375 ; 887316.2236281508 ; 1.4120153122943425E8 ; 1.9687233802040797E8 ; 6.093512021909006E10 ; 0.0
376 ; 887375.4679521256 ; 1.4598548822131607E8 ; 1.9775965424403614E8 ; 6.107632175031949E10 ; 0.0
377 ; 888464.534423689 ; 1.5107806205204228E8 ; 1.9864702971198827E8 ; 6.12223072385408E10 ; 0.0
378 ; 887802.257238569 ; 1.5647925272472185E8 ; 1.9953549424641195E8 ; 6.137338530059284E10 ; 0.0
379 ; 888624.0493548235 ; 1.621890602429417E8 ; 2.0042329650365052E8 ; 6.1529864553317566E10 ; 0.0
380 ; 886253.4126166251 ; 1.6820748461076704E8 ; 2.0131192055300534E8 ; 6.169205361356051E10 ; 0.0
381 ; 888308.9657984376 ; 1.745345258327408E8 ; 2.0219817396562195E8 ; 6.186026109817127E10 ; 0.0
382 ; 888191.7620718739 ; 1.8117018391388422E8 ; 2.030864829314204E8 ; 6.203479562400401E10 ; 0.0
383 ; 888107.9910887383 ; 1.8811445885969627E8 ; 2.0397467469349226E8 ; 6.22159658079179E10 ; 0.0
384 ; 887723.0267358205 ; 1.9536735067615348E8 ; 2.04862782684581E8 ; 6.2404080266777596E10 ; 0.0
385 ; 888358.3313124559 ; 2.0161690026789394E8 ; 2.0575050571131682E8 ; 6.259944761745375E10 ; 0.0
386 ; 890471.4265292456 ; 2.0161665547511223E8 ; 2.0663886404262927E8 ; 6.280106451772164E10 ; 0.0
387 ; 890498.1203066952 ; 2.0161638559846312E8 ; 2.0752933546915853E8 ; 6.3002681173196754E10 ; 0.0
388 ; 891285.3198419897 ; 2.0161609064583343E8 ; 2.0841983358946523E8 ; 6.320429755879522E10 ; 0.0
389 ; 892285.7040538695 ; 2.016157706255872E8 ; 2.093111189093072E8 ; 6.3405913649441055E10 ; 0.0
390 ; 892460.9654240112 ; 2.0161542554656565E8 ; 2.102034046133611E8 ; 6.360752942006664E10 ; 0.0
391 ; 893371.1336740279 ; 2.016150554180869E8 ; 2.110958655787851E8 ; 6.3809144845613205E10 ; 0.0
392 ; 894074.1329297263 ; 2.0161466024994582E8 ; 2.1198923671245912E8 ; 6.401075990103129E10 ; 0.0
393 ; 894546.6687525975 ; 2.016142400524141E8 ; 2.1288331084538883E8 ; 6.4212374561281235E10 ; 0.0
394 ; 895295.9167739617 ; 2.0161379483623973E8 ; 2.1377785751414144E8 ; 6.441398880133365E10 ; 0.0
395 ; 894778.093801523 ; 2.0161332461264715E8 ; 2.1467315343091542E8 ; 6.461560259616989E10 ; 0.0
396 ; 895017.8748361403 ; 2.0161282939333686E8 ; 2.1556793152471694E8 ; 6.481721592078254E10 ; 0.0
397 ; 896874.3222369892 ; 2.0161230919048536E8 ; 2.164629493995531E8 ; 6.501882875017587E10 ; 0.0
398 ; 896826.7281723336 ; 2.0161176401674485E8 ; 2.1735982372179008E8 ; 6.5220441059366356E10 ; 0.0
399 ; 896121.850308358 ; 2.0161119388524315E8 ; 2.182566504499624E8 ; 6.54220528233831E10 ; 0.0
400 ; 896293.0527251384 ; 2.0161059880958334E8 ; 2.1915277230027077E8 ; 6.562366401726835E10 ; 0.0
401 ; 882822.608096055 ; 2.0160997880384374E8 ; 2.200490653529959E8 ; 6.5825274616077934E10 ; 0.0
402 ; 882305.7879207853 ; 2.016093338825775E8 ; 2.2093188796109197E8 ; 6.6026884594881775E10 ; 0.0
403 ; 882537.6383318445 ; 2.0160866406081247E8 ; 2.2181419374901274E8 ; 6.622849392876435E10 ; 0.0
404 ; 881976.7713354862 ; 2.0160796935405093E8 ; 2.2269673138734457E8 ; 6.6430102592825165E10 ; 0.0
405 ; 881414.1075464707 ; 2.0160724977826938E8 ; 2.2357870815868005E8 ; 6.6631710562179214E10 ; 0.0
406 ; 880577.9941721346 ; 2.0160650534991822E8 ; 2.2446012226622653E8 ; 6.683331781195748E10 ; 0.0
407 ; 881963.2349543766 ; 2.0160573608592156E8 ; 2.2534070026039866E8 ; 6.7034924317307396E10 ; 0.0
408 ; 881689.3918266299 ; 2.0160494200367692E8 ; 2.2622266349535304E8 ; 6.723653005339332E10 ; 0.0
409 ; 879770.9189246863 ; 2.0160412312105492E8 ; 2.2710435288717967E8 ; 6.7438134995396996E10 ; 0.0
410 ; 878668.4988532471 ; 2.016032794563991E8 ; 2.2798412380610436E8 ; 6.763973911851805E10 ; 0.0
411 ; 878330.4051996209 ; 2.016024110285256E8 ; 2.288627923049576E8 ; 6.784134239797445E10 ; 0.0
412 ; 876815.1439158089 ; 2.0160151785672268E8 ; 2.2974112271015722E8 ; 6.8042944809002975E10 ; 0.0
413 ; 875285.730492568 ; 2.0160059996075073E8 ; 2.3061793785407302E8 ; 6.8244546326859695E10 ; 0.0
414 ; 875310.4502754488 ; 2.0159965736084172E8 ; 2.3149322358456558E8 ; 6.844614692682045E10 ; 0.0
415 ; 873941.9495804709 ; 2.01598690077699E8 ; 2.3236853403484103E8 ; 6.864774658418129E10 ; 0.0
416 ; 873211.5523410384 ; 2.0159769813249692E8 ; 2.332424759844215E8 ; 6.884934527425899E10 ; 0.0
417 ; 872887.5830194614 ; 2.0159668154688054E8 ; 2.3411568753676254E8 ; 6.905094297239148E10 ; 0.0
418 ; 870923.2582328023 ; 2.0159564034296528E8 ; 2.34988575119782E8 ; 6.925253965393835E10 ; 0.0
419 ; 870810.1719253644 ; 2.0159457454333654E8 ; 2.358594983780148E8 ; 6.945413529428133E10 ; 0.0
420 ; 869072.780400546 ; 2.015934841710494E8 ; 2.3673030854994017E8 ; 6.965572986882466E10 ; 0.0
421 ; 866726.4882600689 ; 2.0159236924962825E8 ; 2.375993813303407E8 ; 6.985732335299571E10 ; 0.0
422 ; 865974.1602023763 ; 2.015912298030664E8 ; 2.3846610781860077E8 ; 7.005891572224535E10 ; 0.0
423 ; 864755.316971444 ; 2.0159006585582572E8 ; 2.3933208197880316E8 ; 7.026050695204842E10 ; 0.0
424 ; 864377.9005005147 ; 2.0158887743283632E8 ; 2.401968372957746E8 ; 7.046209701790424E10 ; 0.0
425 ; 863033.6290660467 ; 2.0158766455949607E8 ; 2.4106121519627512E8 ; 7.066368589533707E10 ; 0.0
426 ; 861422.618265467 ; 2.0158642726167023E8 ; 2.4192424882534117E8 ; 7.086527355989656E10 ; 0.0
427 ; 859669.5391341215 ; 2.0158516556569117E8 ; 2.4278567144360664E8 ; 7.106685998715823E10 ; 0.0
428 ; 858863.2875107987 ; 2.0158387949835777E8 ; 2.4364534098274076E8 ; 7.126844515272392E10 ; 0.0
429 ; 857320.2706700027 ; 2.015825690869352E8 ; 2.4450420427025157E8 ; 7.147002903222227E10 ; 0.0
430 ; 856628.664209639 ; 2.015812343591543E8 ; 2.4536152454092157E8 ; 7.16716116013092E10 ; 0.0
431 ; 854109.6182089713 ; 2.0157987534321147E8 ; 2.462181532051312E8 ; 7.187319283566837E10 ; 0.0
432 ; 853706.3032288633 ; 2.0157849206776783E8 ; 2.4707226282334018E8 ; 7.207477271101158E10 ; 0.0
433 ; 852148.5371692627 ; 2.0157708456194916E8 ; 2.4792596912656903E8 ; 7.227635120307935E10 ; 0.0
434 ; 852001.979540837 ; 2.0157565285534525E8 ; 2.4877811766373828E8 ; 7.24779282876413E10 ; 0.0
435 ; 849967.7952537446 ; 2.0157419697800946E8 ; 2.496301196432791E8 ; 7.267950394049664E10 ; 0.0
436 ; 849235.8260473481 ; 2.0157271696045837E8 ; 2.5048008743853286E8 ; 7.288107813747466E10 ; 0.0
437 ; 847194.7973072918 ; 2.0157121283367127E8 ; 2.5132932326458022E8 ; 7.308265085443512E10 ; 0.0
438 ; 845398.1541081475 ; 2.0156968462908965E8 ; 2.521765180618875E8 ; 7.328422206726878E10 ; 0.0
439 ; 844373.3838151011 ; 2.015681323786168E8 ; 2.5302191621599564E8 ; 7.348579175189787E10 ; 0.0
440 ; 841508.0354248378 ; 2.015665561146173E8 ; 2.5386628959981075E8 ; 7.368735988427649E10 ; 0.0
441 ; 840715.3667511236 ; 2.0156495586991647E8 ; 2.5470779763523558E8 ; 7.388892644039111E10 ; 0.0
442 ; 838237.9257103995 ; 2.015633316778001E8 ; 2.555485130019867E8 ; 7.409049139626103E10 ; 0.0
443 ; 837208.0817561909 ; 2.0156168357201368E8 ; 2.5638675092769712E8 ; 7.429205472793883E10 ; 0.0
444 ; 835745.2531240416 ; 2.0156001158676213E8 ; 2.5722395900945333E8 ; 7.449361641151083E10 ; 0.0
445 ; 834889.6263515737 ; 2.0155831575670913E8 ; 2.5805970426257735E8 ; 7.46951764230976E10 ; 0.0
446 ; 832287.2087209978 ; 2.0155659611697674E8 ; 2.5889459388892892E8 ; 7.489673473885431E10 ; 0.0
447 ; 831843.599505608 ; 2.0155485270314482E8 ; 2.5972688109764993E8 ; 7.509829133497128E10 ; 0.0
448 ; 830115.4391419289 ; 2.015530855512505E8 ; 2.6055872469715554E8 ; 7.529984618767442E10 ; 0.0
449 ; 829291.7624385188 ; 2.0155129469778767E8 ; 2.6138884013629746E8 ; 7.550139927322568E10 ; 0.0
450 ; 828676.7625612427 ; 2.0154948017970654E8 ; 2.6221813189873597E8 ; 7.570295056792346E10 ; 0.0
451 ; 827550.3016475999 ; 2.01547642034413E8 ; 2.630468086612972E8 ; 7.590450004810316E10 ; 0.0
452 ; 826550.4299994317 ; 2.0154578029976803E8 ; 2.638743589629448E8 ; 7.610604769013757E10 ; 0.0
453 ; 825196.4808525671 ; 2.0154389501408738E8 ; 2.6470090939294425E8 ; 7.630759347043735E10 ; 0.0
454 ; 824133.4568823718 ; 2.0154198621614078E8 ; 2.6552610587379682E8 ; 7.650913736545143E10 ; 0.0
455 ; 824734.6130345806 ; 2.0154005394515154E8 ; 2.6635023933067918E8 ; 7.671067935166757E10 ; 0.0
456 ; 824130.1655343501 ; 2.0153809824079597E8 ; 2.6717497394371375E8 ; 7.691221940561272E10 ; 0.0
457 ; 822484.7667231396 ; 2.0153611914320275E8 ; 2.679991041092481E8 ; 7.711375750385352E10 ; 0.0
458 ; 821678.9782868226 ; 2.0153411669295248E8 ; 2.6882158887597126E8 ; 7.731529362299672E10 ; 0.0
459 ; 821748.881139821 ; 2.01532090931077E8 ; 2.6964326785425806E8 ; 7.751682773968967E10 ; 0.0
460 ; 819369.359452058 ; 2.0153004189905897E8 ; 2.704650167353979E8 ; 7.771835983062074E10 ; 0.0
461 ; 820190.8760131119 ; 2.0152796963883108E8 ; 2.7128438609484994E8 ; 7.79198898725198E10 ; 0.0
462 ; 820482.6550419661 ; 2.0152587419277567E8 ; 2.7210457697086304E8 ; 7.812141784215863E10 ; 0.0
463 ; 820542.8003085234 ; 2.0152375560372406E8 ; 2.7292505962590504E8 ; 7.832294371635141E10 ; 0.0
464 ; 820404.8745454546 ; 2.01521613914956E8 ; 2.7374560242621356E8 ; 7.852446747195514E10 ; 0.0
465 ; 821571.6358004692 ; 2.0151944917019904E8 ; 2.74566007300759E8 ; 7.87259890858701E10 ; 0.0
466 ; 820476.5405595445 ; 2.0151726141362795E8 ; 2.753875789365595E8 ; 7.89275085350403E10 ; 0.0
467 ; 822269.5361735333 ; 2.015150506898642E8 ; 2.76208055477119E8 ; 7.912902579645393E10 ; 0.0
468 ; 821668.7357359093 ; 2.0151281704397523E8 ; 2.7703032501329255E8 ; 7.93305408471438E10 ; 0.0
469 ; 821702.4737293033 ; 2.0151056052147406E8 ; 2.7785199374902844E8 ; 7.953205366418777E10 ; 0.0
470 ; 821039.1297694317 ; 2.0150828116831845E8 ; 2.7867369622275776E8 ; 7.973356422470924E10 ; 0.0
471 ; 821760.680015469 ; 2.0150597903091046E8 ; 2.794947353525272E8 ; 7.993507250587756E10 ; 0.0
472 ; 821612.1977766085 ; 2.015036541560958E8 ; 2.8031649603254265E8 ; 8.013657848490848E10 ; 0.0
473 ; 822346.3697050366 ; 2.015013065911632E8 ; 2.8113810823031926E8 ; 8.033808213906458E10 ; 0.0
474 ; 822744.0173966233 ; 2.0149893638384384E8 ; 2.819604546000243E8 ; 8.053958344565573E10 ; 0.0
475 ; 823908.2512880892 ; 2.0149654358231077E8 ; 2.827831986174209E8 ; 8.074108238203958E10 ; 0.0
476 ; 823520.880327908 ; 2.0149412823517823E8 ; 2.83607106868709E8 ; 8.094257892562189E10 ; 0.0
477 ; 823038.2109247779 ; 2.0149167859530154E8 ; 2.844306277490369E8 ; 8.114407305385707E10 ; 0.0
478 ; 824384.3230304398 ; 2.014891145416878E8 ; 2.852536659599617E8 ; 8.134556473245238E10 ; 0.0
479 ; 823855.313807379 ; 2.0148652847139078E8 ; 2.860780502829921E8 ; 8.154705384699406E10 ; 0.0
480 ; 715947.4224909481 ; 2.0148392043478352E8 ; 2.869019055967995E8 ; 8.174854037546545E10 ; 0.0
481 ; 716593.5968116777 ; 2.0148129048267728E8 ; 2.8761785301929045E8 ; 8.195002429590024E10 ; 0.0
482 ; 718059.5785046999 ; 2.0147863866632083E8 ; 2.883344466161021E8 ; 8.215150558638292E10 ; 0.0
483 ; 719947.9686366423 ; 2.0147596503739986E8 ; 2.890525061946068E8 ; 8.235298422504924E10 ; 0.0
484 ; 720115.8835513168 ; 2.0147326964803648E8 ; 2.897724541632434E8 ; 8.255446019008664E10 ; 0.0
485 ; 721993.5338312471 ; 2.0147055255078846E8 ; 2.904925700467947E8 ; 8.275593345973468E10 ; 0.0
486 ; 722478.4838097555 ; 2.014678137986488E8 ; 2.9121456358062595E8 ; 8.295740401228546E10 ; 0.0
487 ; 723093.1915372094 ; 2.0146505344504488E8 ; 2.919370420644357E8 ; 8.31588718260841E10 ; 0.0
488 ; 724474.8318175947 ; 2.014622715438381E8 ; 2.926601352559729E8 ; 8.336033687952914E10 ; 0.0
489 ; 725930.3897075796 ; 2.0145946814932317E8 ; 2.933846100877905E8 ; 8.356179915107298E10 ; 0.0
490 ; 726077.2903597847 ; 2.0145664331622747E8 ; 2.9411054047749805E8 ; 8.37632586192223E10 ; 0.0
491 ; 726531.9081015433 ; 2.0145379709971052E8 ; 2.9483661776785785E8 ; 8.396471526253853E10 ; 0.0
492 ; 726844.0586443353 ; 2.0145092955536336E8 ; 2.955631496759594E8 ; 8.416616905963824E10 ; 0.0
493 ; 726844.7668185816 ; 2.0144804073920798E8 ; 2.9628999373460376E8 ; 8.43676199891936E10 ; 0.0
494 ; 726896.1543011979 ; 2.0144513070769668E8 ; 2.9701683850142235E8 ; 8.456906802993282E10 ; 0.0
495 ; 726569.6279547812 ; 2.014421995177116E8 ; 2.977437346557236E8 ; 8.477051316064052E10 ; 0.0
496 ; 725419.6835666577 ; 2.01439247226564E8 ; 2.9847030428367835E8 ; 8.497195536015823E10 ; 0.0
497 ; 725434.1176937689 ; 2.0143627389199376E8 ; 2.99195723967245E8 ; 8.51733946073848E10 ; 0.0
498 ; 724077.1699744889 ; 2.0143327957216886E8 ; 2.9992115808493876E8 ; 8.53748308812768E10 ; 0.0
499 ; 724475.4103718036 ; 2.014302643256847E8 ; 3.006452352549133E8 ; 8.557626416084897E10 ; 0.0
500 ; 723411.300167258 ; 2.0142722821156362E8 ; 3.0136971066528505E8 ; 8.577769442517465E10 ; 0.0
501 ; 723441.0079154302 ; 2.0142417128925434E8 ; 3.020931219654523E8 ; 8.597912165338622E10 ; 0.0
502 ; 721913.0619352575 ; 2.0142109361863148E8 ; 3.0281656297336775E8 ; 8.618054582467548E10 ; 0.0
503 ; 721529.5910170842 ; 2.0141799525999483E8 ; 3.03538476035303E8 ; 8.638196691829411E10 ; 0.0
504 ; 720306.2939876389 ; 2.014148762740691E8 ; 3.0426000562632006E8 ; 8.658338491355411E10 ; 0.0
505 ; 718787.8528257384 ; 2.014117367220031E8 ; 3.049803119203077E8 ; 8.678479978982817E10 ; 0.0
506 ; 719207.2682907769 ; 2.0140857666536945E8 ; 3.0569909977313346E8 ; 8.698621152655017E10 ; 0.0
507 ; 716229.970201004 ; 2.0140539616616407E8 ; 3.064183070414242E8 ; 8.718762010321555E10 ; 0.0
508 ; 715096.7976523302 ; 2.014021952868055E8 ; 3.0713453701162523E8 ; 8.738902549938171E10 ; 0.0
509 ; 713496.338945447 ; 2.0139897409013468E8 ; 3.0784963380927753E8 ; 8.759042769466852E10 ; 0.0
510 ; 712078.1932698686 ; 2.013957326394142E8 ; 3.08563130148223E8 ; 8.779182666875865E10 ; 0.0
511 ; 710748.4264061294 ; 2.013924709983281E8 ; 3.0927520834149283E8 ; 8.799322240139807E10 ; 0.0
512 ; 709430.9639186338 ; 2.013891892309813E8 ; 3.09985956767899E8 ; 8.81946148723964E10 ; 0.0
513 ; 708234.711781929 ; 2.013858874018991E8 ; 3.106953877318176E8 ; 8.839600406162738E10 ; 0.0
514 ; 707241.6772461585 ; 2.0138256557602692E8 ; 3.114036224435995E8 ; 8.859738994902928E10 ; 0.0
515 ; 703690.2116489409 ; 2.013792238187298E8 ; 3.121108641208457E8 ; 8.879877251460532E10 ; 0.0
516 ; 702531.488509643 ; 2.0137586219579193E8 ; 3.128145543324946E8 ; 8.900015173842404E10 ; 0.0
517 ; 701513.9349564026 ; 2.0137248077341655E8 ; 3.135170858210043E8 ; 8.920152760061983E10 ; 0.0
518 ; 699022.8871927743 ; 2.0136907961822525E8 ; 3.142185997559607E8 ; 8.940290008139325E10 ; 0.0
519 ; 697687.2161743108 ; 2.0136565879725787E8 ; 3.149176226431535E8 ; 8.960426916101147E10 ; 0.0
520 ; 694520.4845348784 ; 2.0136221837797204E8 ; 3.156153098593278E8 ; 8.980563481980873E10 ; 0.0
521 ; 692417.3838134995 ; 2.01358758428243E8 ; 3.1630983034386265E8 ; 9.00069970381867E10 ; 0.0
522 ; 689518.7978658978 ; 2.0135527901636323E8 ; 3.1700224772767615E8 ; 9.020835579661494E10 ; 0.0
523 ; 687072.0528958407 ; 2.0135178021104217E8 ; 3.176917665255421E8 ; 9.04097110756313E10 ; 0.0
524 ; 685559.5543884909 ; 2.0134826208140603E8 ; 3.183788385784379E8 ; 9.061106285584235E10 ; 0.0
525 ; 682608.4712929891 ; 2.013447246969976E8 ; 3.190643981328264E8 ; 9.081241111792375E10 ; 0.0
526 ; 680628.1983239237 ; 2.01341168127776E8 ; 3.1974700660411936E8 ; 9.101375584262074E10 ; 0.0
527 ; 678819.6206742135 ; 2.013375924441165E8 ; 3.2042763480244327E8 ; 9.121509701074852E10 ; 0.0
528 ; 675478.9758821994 ; 2.013339977168104E8 ; 3.2110645442311746E8 ; 9.141643460319264E10 ; 0.0
529 ; 674461.6223217672 ; 2.01330384017065E8 ; 3.2178193339899963E8 ; 9.161776860090945E10 ; 0.0
530 ; 671998.105503063 ; 2.0132675141650328E8 ; 3.224563950213214E8 ; 9.181909898492651E10 ; 0.0
531 ; 669963.4087390963 ; 2.0132309998716414E8 ; 3.231283931268245E8 ; 9.202042573634302E10 ; 0.0
532 ; 668419.1077607211 ; 2.013194298015021E8 ; 3.237983565355636E8 ; 9.222174883633018E10 ; 0.0
533 ; 663923.4614202336 ; 2.0131574093238756E8 ; 3.244667756433243E8 ; 9.242306826613168E10 ; 0.0
534 ; 663531.3013164764 ; 2.0131203345310658E8 ; 3.2513069910474455E8 ; 9.262438400706407E10 ; 0.0
535 ; 660880.8317089664 ; 2.0130830743736115E8 ; 3.2579423040606105E8 ; 9.282569604051718E10 ; 0.0
536 ; 657351.8334398081 ; 2.0130456295926926E8 ; 3.2645511123777E8 ; 9.302700434795454E10 ; 0.0
537 ; 655841.1526915841 ; 2.0130080009336492E8 ; 3.2711246307120985E8 ; 9.322830891091382E10 ; 0.0
538 ; 653486.8554172913 ; 2.0129701891459855E8 ; 3.2776830422390145E8 ; 9.342960971100719E10 ; 0.0
539 ; 652426.6010582693 ; 2.0129321949833706E8 ; 3.2842179107931876E8 ; 9.363090672992178E10 ; 0.0
540 ; 645529.4417902975 ; 2.012894019203642E8 ; 3.29074217680377E8 ; 9.383219994942012E10 ; 0.0
541 ; 643452.6460190277 ; 2.0128556625688085E8 ; 3.297197471221673E8 ; 9.403348935134048E10 ; 0.0
542 ; 643223.9406330422 ; 2.0128171258450535E8 ; 3.3036319976818633E8 ; 9.423477491759737E10 ; 0.0
543 ; 640673.4188714825 ; 2.0127784098027402E8 ; 3.310064237088194E8 ; 9.443605663018187E10 ; 0.0
544 ; 639403.9070228529 ; 2.0127395152164155E8 ; 3.3164709712769085E8 ; 9.463733447116214E10 ; 0.0
545 ; 638999.1363361094 ; 2.0127004428648147E8 ; 3.322865010347137E8 ; 9.483860842268378E10 ; 0.0
546 ; 636748.3382270123 ; 2.0126611935308686E8 ; 3.329255001710498E8 ; 9.503987846697026E10 ; 0.0
547 ; 634654.1799884888 ; 2.012621768001709E8 ; 3.335622485092768E8 ; 9.524114458632335E10 ; 0.0
548 ; 634344.0296714212 ; 2.0125821670686755E8 ; 3.341969026892653E8 ; 9.544240676312352E10 ; 0.0
549 ; 632075.7012263526 ; 2.012542391527323E8 ; 3.3483124671893674E8 ; 9.564366497983038E10 ; 0.0
550 ; 631275.6228708366 ; 2.012502442177432E8 ; 3.354633224201631E8 ; 9.584491921898311E10 ; 0.0
551 ; 630060.8929147867 ; 2.0124623198230132E8 ; 3.3609459804303396E8 ; 9.604616946320085E10 ; 0.0
552 ; 628849.945467115 ; 2.012422025272322E8 ; 3.367246589359487E8 ; 9.624741569518315E10 ; 0.0
553 ; 627054.7592178852 ; 2.0123815593378657E8 ; 3.3735350888141584E8 ; 9.644865789771039E10 ; 0.0
554 ; 624746.7180005905 ; 2.0123409228364155E8 ; 3.379805636406337E8 ; 9.664989605364418E10 ; 0.0
555 ; 624232.0433313351 ; 2.0123001165890187E8 ; 3.386053103586343E8 ; 9.685113014592783E10 ; 0.0
556 ; 621927.5526606498 ; 2.0122591414210117E8 ; 3.392295424019656E8 ; 9.705236015758673E10 ; 0.0
557 ; 620936.7220557422 ; 2.0122179981620333E8 ; 3.3985146995462626E8 ; 9.725358607172884E10 ; 0.0
558 ; 618658.1890481798 ; 2.0121766876460385E8 ; 3.40472406676682E8 ; 9.745480787154504E10 ; 0.0
559 ; 617039.8117768482 ; 2.0121352107113168E8 ; 3.4109106486573017E8 ; 9.765602554030965E10 ; 0.0
560 ; 615241.9132226977 ; 1.6869835376146707E8 ; 3.4170810467750704E8 ; 9.785723906138078E10 ; 0.0
561 ; 614121.4651759804 ; 1.5236518287720492E8 ; 3.423233465907297E8 ; 9.802593741514226E10 ; 0.0
562 ; 612388.7372948391 ; 1.5201371726171604E8 ; 3.429374680559057E8 ; 9.817830259801947E10 ; 0.0
563 ; 611319.8166509238 ; 1.516630331437745E8 ; 3.4354985679320055E8 ; 9.833031631528119E10 ; 0.0
564 ; 608204.8066583419 ; 1.5131312877657178E8 ; 3.441611766098515E8 ; 9.848197934842496E10 ; 0.0
565 ; 608064.6048677715 ; 1.5096400241795474E8 ; 3.447693814165098E8 ; 9.863329247720152E10 ; 0.0
566 ; 605045.5808196575 ; 1.506156523304187E8 ; 3.4537744602137756E8 ; 9.878425647961948E10 ; 0.0
567 ; 603989.7898412854 ; 1.502680767811E8 ; 3.4598249160219723E8 ; 9.893487213194989E10 ; 0.0
568 ; 601721.9054343901 ; 1.4992127404176897E8 ; 3.465864813920385E8 ; 9.908514020873099E10 ; 0.0
569 ; 601702.9734192247 ; 1.495752423888233E8 ; 3.471882032974729E8 ; 9.923506148277275E10 ; 0.0
570 ; 598937.7151624616 ; 1.4922998010328138E8 ; 3.4778990627089214E8 ; 9.938463672516158E10 ; 0.0
571 ; 596307.6763905467 ; 1.4888548547077557E8 ; 3.483888439860546E8 ; 9.953386670526486E10 ; 0.0
572 ; 593966.8217354183 ; 1.4854175678154635E8 ; 3.489851516624451E8 ; 9.968275219073564E10 ; 0.0
573 ; 592471.8606375615 ; 1.481987923304358E8 ; 3.4957911848418057E8 ; 9.983129394751718E10 ; 0.0
574 ; 590766.3739086565 ; 1.4785659041688213E8 ; 3.501715903448181E8 ; 9.997949273984761E10 ; 0.0
575 ; 589216.2921831988 ; 1.475151493449137E8 ; 3.5076235671872675E8 ; 1.001273493302645E11 ; 0.0
576 ; 587687.2344704088 ; 1.4717446742314386E8 ; 3.5135157301091E8 ; 1.002748644796094E11 ; 0.0
577 ; 585914.4643921568 ; 1.468345429647655E8 ; 3.519392602453804E8 ; 1.0042203894703255E11 ; 0.0
578 ; 585290.080123591 ; 1.4649537428754643E8 ; 3.525251747097726E8 ; 1.0056887348999731E11 ; 0.0
579 ; 582978.0620946423 ; 1.4615695971382424E8 ; 3.531104647898962E8 ; 1.0071536886428487E11 ; 0.0
580 ; 581451.1007625818 ; 1.4581929757050222E8 ; 3.536934428519908E8 ; 1.0086152582399869E11 ; 0.0
581 ; 579186.1591258036 ; 1.454823861890451E8 ; 3.542748939527534E8 ; 1.0100734512156918E11 ; 0.0
582 ; 576384.5877227272 ; 1.45146223905475E8 ; 3.548540801118792E8 ; 1.0115282750775822E11 ; 0.0
583 ; 575101.0781277512 ; 1.4481080906036815E8 ; 3.5543046469960195E8 ; 1.012979737316637E11 ; 0.0
584 ; 573316.344966874 ; 1.4447613999885142E8 ; 3.560055657777297E8 ; 1.0144278454072406E11 ; 0.0
585 ; 573802.9245374784 ; 1.4414221507059938E8 ; 3.565788821226966E8 ; 1.0158726068072292E11 ; 0.0
586 ; 570629.7572893032 ; 1.4380903262983176E8 ; 3.5715268504723406E8 ; 1.0173140289579352E11 ; 0.0
587 ; 568787.7954011909 ; 1.434765910353113E8 ; 3.5772331480452335E8 ; 1.0187521192842336E11 ; 0.0
588 ; 567261.1373643639 ; 1.4314488865034166E8 ; 3.5829210259992456E8 ; 1.0201868851945866E11 ; 0.0
589 ; 565485.3857573903 ; 1.4281392384276608E8 ; 3.5885936373728895E8 ; 1.0216183340810901E11 ; 0.0
590 ; 562598.4417830025 ; 1.424836949849664E8 ; 3.5942484912304634E8 ; 1.0230464733195178E11 ; 0.0
591 ; 561479.3846096242 ; 1.421542004538622E8 ; 3.5998744756482935E8 ; 1.0244713102693675E11 ; 0.0
592 ; 558948.78694912 ; 1.4182543863091078E8 ; 3.60548926949439E8 ; 1.0258928522739061E11 ; 0.0
593 ; 558679.4428799803 ; 1.4149740790210727E8 ; 3.611078757363881E8 ; 1.0273111066602151E11 ; 0.0
594 ; 555883.3091508853 ; 1.411701066579857E8 ; 3.6166655517926806E8 ; 1.0287260807392363E11 ; 0.0
595 ; 552905.6821431583 ; 1.408435332936199E8 ; 3.6222243848841894E8 ; 1.0301377818058162E11 ; 0.0
596 ; 551519.6644461893 ; 1.4051768620862564E8 ; 3.627753441705621E8 ; 1.0315462171387524E11 ; 0.0
597 ; 549144.8801676641 ; 1.4019256380716276E8 ; 3.6332686383500826E8 ; 1.0329513940008386E11 ; 0.0
598 ; 546958.3236821782 ; 1.3986816449793848E8 ; 3.638760087151759E8 ; 1.0343533196389102E11 ; 0.0
599 ; 546288.6195972228 ; 1.3954448669421074E8 ; 3.644229670388581E8 ; 1.0357520012838896E11 ; 0.0
600 ; 543556.6566702148 ; 1.3922152881379253E8 ; 3.649692556584553E8 ; 1.0371474461508318E11 ; 0.0
601 ; 542175.8395072289 ; 1.3889928927905712E8 ; 3.655128123151255E8 ; 1.0385396614389697E11 ; 0.0
602 ; 539764.8618144386 ; 1.3857776651694325E8 ; 3.6605498815463275E8 ; 1.0399286543317603E11 ; 0.0
603 ; 537405.8671800742 ; 1.3825695895896217E8 ; 3.665947530164472E8 ; 1.0413144319969296E11 ; 0.0
604 ; 536720.6746972284 ; 1.379368650412045E8 ; 3.6713215888362724E8 ; 1.0426970015865193E11 ; 0.0
605 ; 533563.0019630308 ; 1.376174832043486E8 ; 3.6766887955832446E8 ; 1.0440763702369313E11 ; 0.0
606 ; 531421.9228930378 ; 1.372988118936695E8 ; 3.682024425602875E8 ; 1.0454525450689748E11 ; 0.0
607 ; 529325.2777096946 ; 1.369808495590487E8 ; 3.687338644831805E8 ; 1.0468255331879115E11 ; 0.0
608 ; 527409.9847963025 ; 1.366635946549855E8 ; 3.6926318976089025E8 ; 1.048195341683502E11 ; 0.0
609 ; 525355.6153916693 ; 1.3634704564060873E8 ; 3.6979059974568653E8 ; 1.0495619776300519E11 ; 0.0
610 ; 523065.10874682124 ; 1.3603120097969E8 ; 3.703159553610782E8 ; 1.050925448086458E11 ; 0.0
611 ; 520192.59345141746 ; 1.3571605914065787E8 ; 3.70839020469825E8 ; 1.0522857600962549E11 ; 0.0
612 ; 518343.7166892827 ; 1.3540161859661362E8 ; 3.7135921306327647E8 ; 1.0536429206876614E11 ; 0.0
613 ; 517388.1496836875 ; 1.3508787782534778E8 ; 3.7187755677996576E8 ; 1.0549969368736276E11 ; 0.0
614 ; 518240.9238098359 ; 1.3477483530935857E8 ; 3.723949449296495E8 ; 1.0563478156518811E11 ; 0.0
615 ; 515078.411417532 ; 1.3446248953587154E8 ; 3.729131858534593E8 ; 1.0576955640049747E11 ; 0.0
616 ; 514320.80882588396 ; 1.3415083899686086E8 ; 3.7342826426487684E8 ; 1.0590401889003334E11 ; 0.0
617 ; 513975.818004237 ; 1.3383988218907204E8 ; 3.7394258507370275E8 ; 1.060381697290302E11 ; 0.0
618 ; 512810.6030458917 ; 1.3352961761404666E8 ; 3.74456560891707E8 ; 1.0617200961121927E11 ; 0.0
619 ; 512319.1898195322 ; 1.3322004377814883E8 ; 3.749693714947529E8 ; 1.0630553922883331E11 ; 0.0
620 ; 511105.94390423544 ; 1.3291115919259359E8 ; 3.754816906845724E8 ; 1.0643875927261147E11 ; 0.0
621 ; 511015.6457255303 ; 1.326029623734773E8 ; 3.759927966284766E8 ; 1.0657167043180406E11 ; 0.0
622 ; 510244.82578210195 ; 1.3229545184181045E8 ; 3.7650381227420217E8 ; 1.0670427339417754E11 ; 0.0
623 ; 509065.16721120296 ; 1.3198862612355268E8 ; 3.770140570999843E8 ; 1.0683656884601935E11 ; 0.0
624 ; 508014.49136750743 ; 1.3168248374965014E8 ; 3.7752312226719546E8 ; 1.069685574721429E11 ; 0.0
625 ; 508036.2925107282 ; 1.3137702325607574E8 ; 3.78031136758563E8 ; 1.0710023995589255E11 ; 0.0
626 ; 509651.97592154663 ; 1.310722431838722E8 ; 3.7853917305107373E8 ; 1.0723161697914862E11 ; 0.0
627 ; 508394.66062923183 ; 1.3076814207919781E8 ; 3.790488250269953E8 ; 1.0736268922233249E11 ; 0.0
628 ; 507648.590578311 ; 1.3046471849337563E8 ; 3.795572196876245E8 ; 1.0749345736441168E11 ; 0.0
629 ; 507815.6874673707 ; 1.3016197098294605E8 ; 3.8006486827820283E8 ; 1.0762392208290506E11 ; 0.0
630 ; 508157.3219220974 ; 1.29859898109723E8 ; 3.805726839656702E8 ; 1.07754084053888E11 ; 0.0
631 ; 508435.5959966389 ; 1.2955849844085376E8 ; 3.8108084128759235E8 ; 1.0788394395199773E11 ; 0.0
632 ; 508439.07992763276 ; 1.2925777054888333E8 ; 3.8158927688358897E8 ; 1.0801350245043858E11 ; 0.0
633 ; 508743.07078079286 ; 1.2895771301182273E8 ; 3.820977159635166E8 ; 1.0814276022098747E11 ; 0.0
634 ; 508665.09887473116 ; 1.2865832441322255E8 ; 3.826064590342974E8 ; 1.082717179339993E11 ; 0.0
635 ; 508624.24512274493 ; 1.2835960334225087E8 ; 3.8311512413317215E8 ; 1.0840037625841252E11 ; 0.0
636 ; 508628.45293879905 ; 1.280615483937772E8 ; 3.836237483782949E8 ; 1.0852873586175478E11 ; 0.0
637 ; 509115.0938231764 ; 1.2776415816846184E8 ; 3.841323768312337E8 ; 1.0865679741014856E11 ; 0.0
638 ; 510325.27899085585 ; 1.2746743127285144E8 ; 3.846414919250569E8 ; 1.0878456156831702E11 ; 0.0
639 ; 509520.75936541357 ; 1.2717136631948136E8 ; 3.8515181720404774E8 ; 1.0891202899958987E11 ; 0.0
640 ; 510416.863603869 ; 1.2687596192698488E8 ; 3.856613379634132E8 ; 1.0903920036590936E11 ; 0.0
641 ; 509933.94964496774 ; 1.2658121672021039E8 ; 3.8617175482701707E8 ; 1.0916607632783635E11 ; 0.0
642 ; 509758.1639939067 ; 1.2628712933034638E8 ; 3.8668168877666205E8 ; 1.0929265754455656E11 ; 0.0
643 ; 508177.0649468475 ; 1.2599369839505565E8 ; 3.8719144694065595E8 ; 1.0941894467388692E11 ; 0.0
644 ; 509975.09860316524 ; 1.2570092255861871E8 ; 3.876996240056028E8 ; 1.0954493837228197E11 ; 0.0
645 ; 510772.5121489777 ; 1.2540880047208762E8 ; 3.8820959910420597E8 ; 1.0967063929484059E11 ; 0.0
646 ; 510163.1313595916 ; 1.251173307934506E8 ; 3.8872037161635494E8 ; 1.0979604809531268E11 ; 0.0
647 ; 510089.6737264285 ; 1.2482651218780869E8 ; 3.892305347477145E8 ; 1.0992116542610614E11 ; 0.0
648 ; 511852.4372771662 ; 1.2453634332756537E8 ; 3.8974062442144096E8 ; 1.1004599193829395E11 ; 0.0
649 ; 509650.8738201818 ; 1.2424682289262964E8 ; 3.902524768587181E8 ; 1.101705282816215E11 ; 0.0
650 ; 510696.2366549851 ; 1.2395794957063422E8 ; 3.907621277325383E8 ; 1.1029477510451413E11 ; 0.0
651 ; 509667.03463287797 ; 1.2366972205717018E8 ; 3.912728239691933E8 ; 1.1041873305408476E11 ; 0.0
652 ; 510013.5972243287 ; 1.2338213905603877E8 ; 3.9178249100382614E8 ; 1.1054240277614194E11 ; 0.0
653 ; 510386.175309896 ; 1.2309519927952223E8 ; 3.922925046010505E8 ; 1.1066578491519798E11 ; 0.0
654 ; 509705.1894553815 ; 1.2280890144867547E8 ; 3.928028907763604E8 ; 1.1078888011447751E11 ; 0.0
655 ; 509917.0742506752 ; 1.225232442936399E8 ; 3.933125959658158E8 ; 1.1091168901592618E11 ; 0.0
656 ; 509057.43870632234 ; 1.2223822655398135E8 ; 3.938225130400665E8 ; 1.1103421226021982E11 ; 0.0
657 ; 511326.3106882382 ; 1.2195384697905475E8 ; 3.943315704787728E8 ; 1.111564504867738E11 ; 0.0
658 ; 509896.0343164046 ; 1.216701043283973E8 ; 3.948428967894611E8 ; 1.1127840433375285E11 ; 0.0
659 ; 509638.1541629307 ; 1.2138699737215297E8 ; 3.953527928237775E8 ; 1.1140007443808125E11 ; 0.0
660 ; 510454.755410847 ; 1.21104524891531E8 ; 3.9586243097794044E8 ; 1.115214614354534E11 ; 0.0
661 ; 511514.2564359307 ; 1.2082268567930175E8 ; 3.963728857333513E8 ; 1.1164256596034492E11 ; 0.0
662 ; 511016.235167913 ; 1.2054147854033317E8 ; 3.968843999897872E8 ; 1.1176338864602423E11 ; 0.0
663 ; 509714.26670994505 ; 1.2026090229217172E8 ; 3.9739541622495514E8 ; 1.1188393012456456E11 ; 0.0
664 ; 510009.8028043086 ; 1.1998095576567182E8 ; 3.9790513049166507E8 ; 1.1200419102685674E11 ; 0.0
665 ; 510018.7897146182 ; 1.197016378056788E8 ; 3.9841514029446936E8 ; 1.121241719826224E11 ; 0.0
666 ; 510281.0145745125 ; 1.194229472717702E8 ; 3.98925159084184E8 ; 1.1224387362042809E11 ; 0.0
667 ; 509929.02726672177 ; 1.1914488303906122E8 ; 3.994354400987585E8 ; 1.1236329656769986E11 ; 0.0
668 ; 509453.45476237085 ; 1.188674439990809E8 ; 3.9994536912602526E8 ; 1.1248244145073892E11 ; 0.0
669 ; 510448.47742332076 ; 1.1859062906072567E8 ; 4.0045482258078766E8 ; 1.12601308894738E11 ; 0.0
670 ; 510012.05153437756 ; 1.1831443715129869E8 ; 4.0096527105821097E8 ; 1.1271989952379874E11 ; 0.0
671 ; 510135.0372902684 ; 1.1803886721764326E8 ; 4.014752831097453E8 ; 1.1283821396095004E11 ; 0.0
672 ; 509549.7897496346 ; 1.1776391822738042E8 ; 4.019854181470356E8 ; 1.1295625282816768E11 ; 0.0
673 ; 509820.0951544205 ; 1.174895891702617E8 ; 4.024949679367852E8 ; 1.1307401674639507E11 ; 0.0
674 ; 510468.7048508093 ; 1.1721587905964895E8 ; 4.030047880319396E8 ; 1.1319150633556532E11 ; 0.0
675 ; 509848.79589130846 ; 1.1694278693413542E8 ; 4.035152567367904E8 ; 1.1330872221462497E11 ; 0.0
676 ; 510798.6131317272 ; 1.166703118593233E8 ; 4.040251055326817E8 ; 1.134256650015591E11 ; 0.0
677 ; 509828.53684675304 ; 1.1639845292977469E8 ; 4.045359041458134E8 ; 1.1354233531341843E11 ; 0.0
678 ; 510336.90776458825 ; 1.1612720927115601E8 ; 4.0504573268266016E8 ; 1.136587337663482E11 ; 0.0
679 ; 508825.0714181902 ; 1.1585658004259719E8 ; 4.055560695904248E8 ; 1.1377486097561935E11 ; 0.0
680 ; 508029.9066464264 ; 1.1558656443929067E8 ; 4.0606489466184294E8 ; 1.1389071755566196E11 ; 0.0
681 ; 509199.26900001237 ; 1.1531716169535726E8 ; 4.065729245684894E8 ; 1.1400630412010124E11 ; 0.0
682 ; 509977.7115001693 ; 1.1504837108701119E8 ; 4.0708212383748937E8 ; 1.141216212817966E11 ; 0.0
683 ; 510144.97078070656 ; 1.1478019193605885E8 ; 4.0759210154898953E8 ; 1.142366696528836E11 ; 0.0
684 ; 508208.83782493515 ; 1.1451262361377154E8 ; 4.0810224651977026E8 ; 1.1435144984481967E11 ; 0.0
685 ; 509252.4467168371 ; 1.1424566554517774E8 ; 4.086104553575952E8 ; 1.1446596246843344E11 ; 0.0
686 ; 508640.70386523067 ; 1.139793172138258E8 ; 4.0911970780431205E8 ; 1.1458020813397862E11 ; 0.0
687 ; 508247.9219249174 ; 1.1371357816707557E8 ; 4.096283485081773E8 ; 1.1469418745119244E11 ; 0.0
688 ; 509526.42030693934 ; 1.1344844802198462E8 ; 4.1013659643010217E8 ; 1.1480790102935951E11 ; 0.0
689 ; 508578.2639374877 ; 1.1318392647186431E8 ; 4.106461228504091E8 ; 1.149213494773815E11 ; 0.0
690 ; 509600.45742526714 ; 1.1292001329359023E8 ; 4.1115470111434656E8 ; 1.1503453340385336E11 ; 0.0
691 ; 507752.60499772837 ; 1.1265670835576403E8 ; 4.1166430157177186E8 ; 1.1514745341714696E11 ; 0.0
692 ; 508260.28866793093 ; 1.1239401162783547E8 ; 4.121720541767696E8 ; 1.1526011012550272E11 ; 0.0
693 ; 508028.87323105475 ; 1.1213192319030961E8 ; 4.1268031446543753E8 ; 1.1537250413713055E11 ; 0.0
694 ; 507760.94216353627 ; 1.1187044324617958E8 ; 4.131883433386686E8 ; 1.1548463606032086E11 ; 0.0
695 ; 507188.5965820345 ; 1.116095721337441E8 ; 4.136961042808321E8 ; 1.1559650650356705E11 ; 0.0
696 ; 508269.4070891505 ; 1.1134931034099023E8 ; 4.1420329287741417E8 ; 1.1570811607570079E11 ; 0.0
697 ; 508989.1968738226 ; 1.1108965852174388E8 ; 4.1471156228450334E8 ; 1.1581946538604178E11 ; 0.0
698 ; 508249.07289204496 ; 1.1083061751381594E8 ; 4.152205514813772E8 ; 1.1593055504456352E11 ; 0.0
699 ; 507385.4917744875 ; 1.1057218835939808E8 ; 4.1572880055426925E8 ; 1.1604138566207733E11 ; 0.0
700 ; 507917.4237605069 ; 1.1031437232799128E8 ; 4.1623618604604375E8 ; 1.1615195785043674E11 ; 0.0
701 ; 507170.4846217239 ; 1.1005717094217727E8 ; 4.167441034698043E8 ; 1.1626227222276472E11 ; 0.0
702 ; 507950.7845303741 ; 1.0980058600657158E8 ; 4.17251273954426E8 ; 1.1637232939370691E11 ; 0.0
703 ; 507141.6947726436 ; 1.0954461964032084E8 ; 4.177592247389564E8 ; 1.1648212997971349E11 ; 0.0
704 ; 508059.31762491 ; 1.0928927431352481E8 ; 4.1826636643372905E8 ; 1.165916745993538E11 ; 0.0
705 ; 508047.76403307833 ; 1.0903455288796975E8 ; 4.18774425751354E8 ; 1.1670096387366733E11 ; 0.0
706 ; 506922.90565252805 ; 1.0878045866254841E8 ; 4.1928247351538706E8 ; 1.168099984265553E11 ; 0.0
707 ; 506600.0824401245 ; 1.0852699542370228E8 ; 4.197893964210396E8 ; 1.1691877888521785E11 ; 0.0
708 ; 506756.3417679929 ; 1.082741675011397E8 ; 4.202959965034797E8 ; 1.1702730588064156E11 ; 0.0
709 ; 506016.69225979416 ; 1.0802197982894425E8 ; 4.208027528452477E8 ; 1.171355800481427E11 ; 0.0
710 ; 506350.5733399299 ; 1.0777043801196349E8 ; 4.213087695375075E8 ; 1.1724360202797165E11 ; 0.0
711 ; 506442.20628898387 ; 1.075195483970305E8 ; 4.218151201108474E8 ; 1.1735137246598361E11 ; 0.0
712 ; 505472.47225300194 ; 1.0726931814808138E8 ; 4.223215623171364E8 ; 1.1745889201438065E11 ; 0.0
713 ; 505588.68565498217 ; 1.0701975532354298E8 ; 4.2282703478938943E8 ; 1.1756616133252873E11 ; 0.0
714 ; 505654.93748841673 ; 1.0677086895342973E8 ; 4.233326234750444E8 ; 1.1767318108785228E11 ; 0.0
715 ; 505399.34911775787 ; 1.0652266911235145E8 ; 4.2383827841253287E8 ; 1.1777995195680571E11 ; 0.0
716 ; 505689.07374360855 ; 1.0627516698306005E8 ; 4.243436777616506E8 ; 1.1788647462591806E11 ; 0.0
717 ; 504834.3095638383 ; 1.060283749032396E8 ; 4.248493668353942E8 ; 1.1799274979290112E11 ; 0.0
718 ; 505268.8834821211 ; 1.0578230638602223E8 ; 4.25354201144958E8 ; 1.1809877816780437E11 ; 0.0
719 ; 504570.264936982 ; 1.0553697610234138E8 ; 4.258594700284401E8 ; 1.1820456047419038E11 ; 0.0
720 ; 505427.88111746206 ; 1.0529239981101266E8 ; 4.263640402933771E8 ; 1.1831009745029272E11 ; 0.0
721 ; 506649.11291136954 ; 1.054438191489693E8 ; 4.2686946817449456E8 ; 1.1841538985010374E11 ; 0.0
722 ; 507438.41788717505 ; 1.0590411515820572E8 ; 4.273761172874059E8 ; 1.1852083366925272E11 ; 0.0
723 ; 509728.81439270824 ; 1.0667330695639348E8 ; 4.2788355570529306E8 ; 1.1862673778441092E11 ; 0.0
724 ; 511415.20851690177 ; 1.0775141364217323E8 ; 4.2839328451968575E8 ; 1.1873341109136731E11 ; 0.0
725 ; 513582.27420091425 ; 1.0913845376516479E8 ; 4.2890469972820264E8 ; 1.1884116250500948E11 ; 0.0
726 ; 517087.0237201172 ; 1.1083444470580134E8 ; 4.2941828200240356E8 ; 1.1895030095877464E11 ; 0.0
727 ; 524296.345876677 ; 1.1283940199620324E8 ; 4.299353690261237E8 ; 1.1906113540348044E11 ; 0.0
728 ; 533461.7905795744 ; 1.1515333863029957E8 ; 4.304596653720004E8 ; 1.1917397480547664E11 ; 0.0
729 ; 547520.5733717147 ; 1.1777626442487258E8 ; 4.3099312716257995E8 ; 1.1928912814410693E11 ; 0.0
730 ; 573180.0661865382 ; 1.2070818549869913E8 ; 4.3154064773595166E8 ; 1.194069044085318E11 ; 0.0
731 ; 611305.0921065168 ; 1.2394910393104544E8 ; 4.321138278021382E8 ; 1.195276125940305E11 ; 0.0
732 ; 675166.1116591605 ; 1.2749901764264527E8 ; 4.3272513289424473E8 ; 1.1965156169796155E11 ; 0.0
733 ; 736537.0470200907 ; 1.3135792051472175E8 ; 4.334002990059039E8 ; 1.1977906071560419E11 ; 0.0
734 ; 741931.3137049676 ; 1.355258027304927E8 ; 4.34136836052924E8 ; 1.1991041863611891E11 ; 0.0
735 ; 741377.2405869836 ; 1.4000265129602897E8 ; 4.3487876736662894E8 ; 1.2004594443884941E11 ; 0.0
736 ; 742505.1483200222 ; 1.4478845067921028E8 ; 4.3562014460721594E8 ; 1.2018594709014545E11 ; 0.0
737 ; 742648.2222677153 ; 1.4988318349960336E8 ; 4.3636264975553596E8 ; 1.2033073554082466E11 ; 0.0
738 ; 742843.3743801706 ; 1.5528683120758843E8 ; 4.3710529797780365E8 ; 1.2048061872432426E11 ; 0.0
739 ; 744331.2578058647 ; 1.6099937470452484E8 ; 4.378481413521838E8 ; 1.2063590555553186E11 ; 0.0
740 ; 745307.6443394128 ; 1.67020794872741E8 ; 4.385924726099897E8 ; 1.2079690493023639E11 ; 0.0
741 ; 745561.4454888408 ; 1.7335107300070313E8 ; 4.3933778025432914E8 ; 1.2096392572510913E11 ; 0.0
742 ; 746819.78710958 ; 1.799901911022663E8 ; 4.40083341699818E8 ; 1.2113727679810983E11 ; 0.0
743 ; 746310.4472376116 ; 1.8693813213835698E8 ; 4.4083016148692757E8 ; 1.213172669892121E11 ; 0.0
744 ; 746181.4775963059 ; 1.9419488015483564E8 ; 4.415764719341652E8 ; 1.2150420512135045E11 ; 0.0
745 ; 746016.6315226232 ; 2.004484612505928E8 ; 4.4232265341176146E8 ; 1.2169840000150528E11 ; 0.0
746 ; 747971.4997998929 ; 2.004524096320847E8 ; 4.4306867004328406E8 ; 1.2189884846275587E11 ; 0.0
747 ; 749048.776305061 ; 2.004564821177138E8 ; 4.4381664154308397E8 ; 1.2209930087238795E11 ; 0.0
748 ; 747997.0828968539 ; 2.004606673378043E8 ; 4.4456569031938905E8 ; 1.2229975735450566E11 ; 0.0
749 ; 749446.9194784464 ; 2.0046495496429363E8 ; 4.453136874022859E8 ; 1.2250021802184346E11 ; 0.0
750 ; 749968.942625633 ; 2.0046933563771793E8 ; 4.4606313432176435E8 ; 1.2270068297680775E11 ; 0.0
751 ; 749825.0250097442 ; 2.0047380089010823E8 ; 4.4681310326439E8 ; 1.2290115231244547E11 ; 0.0
752 ; 750095.9822438576 ; 2.0047834306759584E8 ; 4.4756292828939974E8 ; 1.2310162611333557E11 ; 0.0
753 ; 751494.4597119552 ; 2.0048295525528792E8 ; 4.483130242716436E8 ; 1.2330210445640317E11 ; 0.0
754 ; 752827.0787380871 ; 2.004876312060391E8 ; 4.4906451873135555E8 ; 1.2350258741165846E11 ; 0.0
755 ; 751963.2876792632 ; 2.004923652740557E8 ; 4.4981734581009364E8 ; 1.237030750428645E11 ; 0.0
756 ; 753200.1363884769 ; 2.0049715235378048E8 ; 4.505693090977729E8 ; 1.2390356740813857E11 ; 0.0
757 ; 753315.3821334427 ; 2.0050198782416728E8 ; 4.513225092341614E8 ; 1.2410406456049234E11 ; 0.0
758 ; 754299.0411540235 ; 2.0050686749823222E8 ; 4.520758246162948E8 ; 1.2430456654831651E11 ; 0.0
759 ; 755557.2056264498 ; 2.0051178757762635E8 ; 4.528301236574488E8 ; 1.2450507341581474E11 ; 0.0
760 ; 756080.8144469714 ; 2.0051674461189532E8 ; 4.5358568086307526E8 ; 1.2470558520339236E11 ; 0.0
761 ; 756844.2750483614 ; 2.005217354620504E8 ; 4.5434176167752224E8 ; 1.2490610194800426E11 ; 0.0
762 ; 756541.5071720176 ; 2.0052675726806408E8 ; 4.550986059525706E8 ; 1.2510662368346631E11 ; 0.0
763 ; 756819.6296560722 ; 2.0053180741990995E8 ; 4.558551474597426E8 ; 1.2530715044073438E11 ; 0.0
764 ; 756982.5929689415 ; 2.0053688353178406E8 ; 4.566119670893987E8 ; 1.2550768224815428E11 ; 0.0
765 ; 758224.9674866778 ; 2.0054198341916943E8 ; 4.573689496823676E8 ; 1.2570821913168607E11 ; 0.0
766 ; 758278.0921032245 ; 2.0054710507843313E8 ; 4.581271746498543E8 ; 1.2590876111510524E11 ; 0.0
767 ; 757718.1100334451 ; 2.0055224666867286E8 ; 4.5888545274195755E8 ; 1.2610930822018367E11 ; 0.0
768 ; 759148.8186635168 ; 2.0055740649555936E8 ; 4.59643170851991E8 ; 1.2630986046685234E11 ; 0.0
769 ; 759645.6338828264 ; 2.005625829969467E8 ; 4.6040231967065454E8 ; 1.265104178733479E11 ; 0.0
770 ; 758929.2200708692 ; 2.0056777473004708E8 ; 4.6116196530453736E8 ; 1.2671098045634485E11 ; 0.0
771 ; 760224.7765863977 ; 2.005729803599913E8 ; 4.6192089452460825E8 ; 1.2691154823107489E11 ; 0.0
772 ; 759069.7717815345 ; 2.0057819864961427E8 ; 4.6268111930119467E8 ; 1.2711212121143488E11 ; 0.0
773 ; 760092.2438870175 ; 2.0058342845032546E8 ; 4.6344018907297623E8 ; 1.2731269941008449E11 ; 0.0
774 ; 760508.1122608834 ; 2.005886686939401E8 ; 4.6420028131686324E8 ; 1.2751328283853482E11 ; 0.0
775 ; 760576.8359760117 ; 2.0059391838536134E8 ; 4.649607894291241E8 ; 1.2771387150722876E11 ; 0.0
776 ; 761074.4302878391 ; 2.0059917659601694E8 ; 4.657213662651001E8 ; 1.2791446542561412E11 ; 0.0
777 ; 761568.4467977714 ; 2.0060444245796567E8 ; 4.6648244069538796E8 ; 1.2811506460221014E11 ; 0.0
778 ; 761803.3925930719 ; 2.0060971515859845E8 ; 4.6724400914218575E8 ; 1.283156690446681E11 ; 0.0
779 ; 761686.3370727214 ; 2.0061499393586823E8 ; 4.6800581253477883E8 ; 1.285162787598267E11 ; 0.0
780 ; 761822.2370078954 ; 2.006202780739904E8 ; 4.6876749887185156E8 ; 1.2871689375376257E11 ; 0.0
781 ; 762168.5672536882 ; 2.0062556689956275E8 ; 4.695293211088595E8 ; 1.2891751403183656E11 ; 0.0
782 ; 761334.1743396716 ; 2.0063085977805907E8 ; 4.702914896761132E8 ; 1.2911813959873613E11 ; 0.0
783 ; 762660.0846819568 ; 2.0063615611065716E8 ; 4.7105282385045284E8 ; 1.2931877045851419E11 ; 0.0
784 ; 761659.4542764773 ; 2.0064145533136502E8 ; 4.7181548393513477E8 ; 1.2951940661462485E11 ; 0.0
785 ; 762847.0952108094 ; 2.006467569044148E8 ; 4.725771433894113E8 ; 1.297200480699562E11 ; 0.0
786 ; 762740.1231721013 ; 2.006520603218959E8 ; 4.7333999048462206E8 ; 1.2992069482686063E11 ; 0.0
787 ; 762585.0068249782 ; 2.006573651016033E8 ; 4.7410273060779417E8 ; 1.3012134688718253E11 ; 0.0
788 ; 761782.03829112 ; 2.0066267078507888E8 ; 4.7486531561461914E8 ; 1.3032200425228413E11 ; 0.0
789 ; 761423.4331317111 ; 2.006679769358265E8 ; 4.7562709765291023E8 ; 1.3052266692306921E11 ; 0.0
790 ; 762134.0818197465 ; 2.0067328313768345E8 ; 4.763885210860419E8 ; 1.3072333490000504E11 ; 0.0
791 ; 762494.0346684821 ; 2.0067858899333286E8 ; 4.771506551678617E8 ; 1.3092400818314272E11 ; 0.0
792 ; 763169.7904246007 ; 2.0068389412294358E8 ; 4.779131492025302E8 ; 1.3112468677213605E11 ; 0.0
793 ; 762664.1479662731 ; 2.0068919816292495E8 ; 4.786763189929548E8 ; 1.3132537066625899E11 ; 0.0
794 ; 763995.6654389087 ; 2.0069450076478574E8 ; 4.7943898314092106E8 ; 1.315260598644219E11 ; 0.0
795 ; 763234.6070080159 ; 2.0069980159408727E8 ; 4.8020297880635995E8 ; 1.3172675436518669E11 ; 0.0
796 ; 761744.574114256 ; 2.0070510032948214E8 ; 4.80966213413368E8 ; 1.3192745416678078E11 ; 0.0
797 ; 762190.1055887246 ; 2.0071039666183048E8 ; 4.8172795798748225E8 ; 1.3212815926711026E11 ; 0.0
798 ; 761718.4126448779 ; 2.0071569029338682E8 ; 4.82490148093071E8 ; 1.323288696637721E11 ; 0.0
799 ; 761527.972310314 ; 2.0072098093705097E8 ; 4.8325186650571585E8 ; 1.3252958535406548E11 ; 0.0
800 ; 759523.3887148139 ; 2.0072626831567767E8 ; 4.8401339447802615E8 ; 1.3273030633500253E11 ; 0.0
801 ; 760208.6742543888 ; 2.007315521614391E8 ; 4.8477291786674094E8 ; 1.329310326033182E11 ; 0.0
802 ; 758304.9990653441 ; 2.007368322152363E8 ; 4.8553312654099536E8 ; 1.3313176415547964E11 ; 0.0
803 ; 756790.2889813522 ; 2.0074210822615513E8 ; 4.862914315400607E8 ; 1.3333250098769489E11 ; 0.0
804 ; 756047.6164293211 ; 2.0074737995096245E8 ; 4.870482218290421E8 ; 1.3353324309592104E11 ; 0.0
805 ; 755912.9418935688 ; 2.0075264715363988E8 ; 4.878042694454714E8 ; 1.33733990475872E11 ; 0.0
806 ; 754616.7106368386 ; 2.0075790960495153E8 ; 4.88560182387365E8 ; 1.3393474312302563E11 ; 0.0
807 ; 754467.3493314738 ; 2.007631670820428E8 ; 4.8931479909800184E8 ; 1.3413550103263058E11 ; 0.0
808 ; 753286.3081518941 ; 2.007684193680683E8 ; 4.9006926644733334E8 ; 1.3433626419971263E11 ; 0.0
809 ; 752067.254861397 ; 2.0077366625184563E8 ; 4.9082255275548524E8 ; 1.345370326190807E11 ; 0.0
810 ; 749201.0235590271 ; 2.007789075275337E8 ; 4.9157462001034665E8 ; 1.3473780628533255E11 ; 0.0
811 ; 749797.3375314313 ; 2.0078414299433354E8 ; 4.923238210339057E8 ; 1.3493858519286008E11 ; 0.0
812 ; 747128.2440903155 ; 2.007893724562091E8 ; 4.9307361837143713E8 ; 1.3513936933585442E11 ; 0.0
813 ; 748100.1435083095 ; 2.0079459572162774E8 ; 4.9382074661552745E8 ; 1.3534015870831062E11 ; 0.0
814 ; 747430.3839305083 ; 2.0079981260331762E8 ; 4.9456884675903577E8 ; 1.3554095330403226E11 ; 0.0
815 ; 745633.2864781611 ; 2.008050229180415E8 ; 4.953162771429663E8 ; 1.3574175311663557E11 ; 0.0
816 ; 744064.9131182361 ; 2.008102264863856E8 ; 4.9606191042944443E8 ; 1.3594255813955362E11 ; 0.0
817 ; 743180.2561071906 ; 2.008154231325621E8 ; 4.968059753425627E8 ; 1.3614336836604001E11 ; 0.0
818 ; 741430.9160516778 ; 2.008206126842243E8 ; 4.975491555986699E8 ; 1.3634418378917258E11 ; 0.0
819 ; 739448.674759703 ; 2.0082579497229415E8 ; 4.982905865147216E8 ; 1.365450044018568E11 ; 0.0
820 ; 739664.6967854337 ; 2.008309698308002E8 ; 4.9903003518948126E8 ; 1.3674583019682909E11 ; 0.0
821 ; 737438.2254177366 ; 2.008361370967261E8 ; 4.997696998862667E8 ; 1.3694666116665988E11 ; 0.0
822 ; 736921.8438135391 ; 2.0084129660986838E8 ; 5.0050713811168444E8 ; 1.371474973037566E11 ; 0.0
823 ; 735772.6146388112 ; 2.0084644821270332E8 ; 5.01244059955498E8 ; 1.3734833860036647E11 ; 0.0
824 ; 735317.3368997362 ; 2.0085159175026157E8 ; 5.019798325701368E8 ; 1.3754918504857916E11 ; 0.0
825 ; 732870.9693451248 ; 2.0085672707001084E8 ; 5.0271514990703654E8 ; 1.3775003664032944E11 ; 0.0
826 ; 730760.4454012396 ; 2.0086185402174532E8 ; 5.034480208763817E8 ; 1.3795089336739944E11 ; 0.0
827 ; 730398.6491219493 ; 2.0086697245748192E8 ; 5.0417878132178295E8 ; 1.381517552214212E11 ; 0.0
828 ; 729806.6966946272 ; 2.0087208223136264E8 ; 5.049091799709049E8 ; 1.383526221938787E11 ; 0.0
829 ; 728087.2577042968 ; 2.0087718319956267E8 ; 5.056389866675995E8 ; 1.3855349427611005E11 ; 0.0
830 ; 727229.0277815989 ; 2.0088227522020373E8 ; 5.063670739253038E8 ; 1.387543714593096E11 ; 0.0
831 ; 724936.318224708 ; 2.0088735815327278E8 ; 5.070943029530854E8 ; 1.3895525373452982E11 ; 0.0
832 ; 724022.1429006038 ; 2.0089243186054498E8 ; 5.0781923927131015E8 ; 1.3915614109268307E11 ; 0.0
833 ; 723718.3232063412 ; 2.0089749620551136E8 ; 5.0854326141421074E8 ; 1.393570335245436E11 ; 0.0
834 ; 720864.9511817554 ; 2.0090255105331042E8 ; 5.092669797374171E8 ; 1.395579310207491E11 ; 0.0
835 ; 720022.9937292049 ; 2.009075962706637E8 ; 5.099878446885989E8 ; 1.3975883357180243E11 ; 0.0
836 ; 718938.3227383873 ; 2.009126317258148E8 ; 5.107078676823281E8 ; 1.399597411680731E11 ; 0.0
837 ; 716357.203261161 ; 2.009176572884719E8 ; 5.114268060050665E8 ; 1.401606537997989E11 ; 0.0
838 ; 715611.1775834331 ; 2.0092267282975346E8 ; 5.1214316320832765E8 ; 1.4036157145708737E11 ; 0.0
839 ; 714387.0421237304 ; 2.009276782221367E8 ; 5.128587743859111E8 ; 1.405624941299171E11 ; 0.0
840 ; 712244.2024087133 ; 2.009326733394092E8 ; 5.1357316142803484E8 ; 1.4076342180813925E11 ; 0.0
841 ; 711070.4965818361 ; 2.0093765805662274E8 ; 5.142854056304436E8 ; 1.4096435448147867E11 ; 0.0
842 ; 709508.9216890932 ; 2.0094263225004986E8 ; 5.149964761270254E8 ; 1.4116529213953528E11 ; 0.0
843 ; 707427.1062395035 ; 2.0094759579714277E8 ; 5.157059850487145E8 ; 1.4136623477178534E11 ; 0.0
844 ; 706816.1544029001 ; 2.0095254857649425E8 ; 5.16413412154954E8 ; 1.415671823675825E11 ; 0.0
845 ; 705594.7902490785 ; 2.009574904678006E8 ; 5.171202283093569E8 ; 1.41768134916159E11 ; 0.0
846 ; 703677.7430039622 ; 2.0096242135182688E8 ; 5.17825823099606E8 ; 1.419690924066268E11 ; 0.0
847 ; 702519.3017988486 ; 2.0096734111037347E8 ; 5.1852950084260994E8 ; 1.4217005482797864E11 ; 0.0
848 ; 701036.3476028177 ; 2.0097224962624472E8 ; 5.1923202014440876E8 ; 1.4237102216908902E11 ; 0.0
849 ; 699124.3958813408 ; 2.0097714678321904E8 ; 5.199330564920116E8 ; 1.4257199441871527E11 ; 0.0
850 ; 697801.3744979312 ; 2.009820324660206E8 ; 5.2063218088789296E8 ; 1.427729715654985E11 ; 0.0
851 ; 695246.7250631193 ; 2.0098690656029245E8 ; 5.213299822623909E8 ; 1.4297395359796454E11 ; 0.0
852 ; 691492.8069149524 ; 2.0099176895257092E8 ; 5.2202522898745406E8 ; 1.4317494050452484E11 ; 0.0
853 ; 690153.6674474673 ; 2.0099661953026146E8 ; 5.22716721794369E8 ; 1.4337593227347742E11 ; 0.0
854 ; 687845.2891599624 ; 2.0100145818161562E8 ; 5.2340687546181643E8 ; 1.435769288930077E11 ; 0.0
855 ; 685686.3236226188 ; 2.0100628479570916E8 ; 5.240947207509764E8 ; 1.437779303511893E11 ; 0.0
856 ; 682688.6622398515 ; 2.0101109926242128E8 ; 5.24780407074599E8 ; 1.4397893663598502E11 ; 0.0
857 ; 680007.7318690155 ; 2.0101590147241488E8 ; 5.254630957368389E8 ; 1.4417994773524744E11 ; 0.0
858 ; 678434.952560734 ; 2.0102069131711778E8 ; 5.261431034687079E8 ; 1.4438096363671985E11 ; 0.0
859 ; 675915.8345007491 ; 2.0102546868870485E8 ; 5.2682153842126864E8 ; 1.4458198432803696E11 ; 0.0
860 ; 672771.3694399762 ; 2.0103023348008105E8 ; 5.274974542557694E8 ; 1.4478300979672565E11 ; 0.0
861 ; 670601.8090047655 ; 2.0103498558486542E8 ; 5.2817022562520933E8 ; 1.4498404003020572E11 ; 0.0
862 ; 667668.0847247445 ; 2.010397248973755E8 ; 5.288408274342141E8 ; 1.451850750157906E11 ; 0.0
863 ; 666591.5203969544 ; 2.0104445131261286E8 ; 5.2950849551893884E8 ; 1.4538611474068796E11 ; 0.0
864 ; 662241.9943076114 ; 2.010491647262492E8 ; 5.301750870393358E8 ; 1.4558715919200058E11 ; 0.0
865 ; 661261.6202213671 ; 2.0105386503461307E8 ; 5.308373290336434E8 ; 1.4578820835672684E11 ; 0.0
866 ; 660812.6097828379 ; 2.0105855213467738E8 ; 5.314985906538648E8 ; 1.4598926222176144E11 ; 0.0
867 ; 657563.8445718983 ; 2.0106322592404732E8 ; 5.321594032636476E8 ; 1.4619032077389612E11 ; 0.0
868 ; 658104.4396935875 ; 2.01067886300949E8 ; 5.328169671082195E8 ; 1.4639138399982016E11 ; 0.0
869 ; 657220.6540412199 ; 2.0107253316421854E8 ; 5.334750715479131E8 ; 1.465924518861211E11 ; 0.0
870 ; 654801.5143000459 ; 2.010771664132919E8 ; 5.341322922019543E8 ; 1.467935244192853E11 ; 0.0
871 ; 654040.1198226778 ; 2.0108178594819483E8 ; 5.3478709371625435E8 ; 1.469946015856986E11 ; 0.0
872 ; 652907.7751368853 ; 2.0108639166953367E8 ; 5.3544113383607703E8 ; 1.471956833716468E11 ; 0.0
873 ; 652857.5490276803 ; 2.0109098347848627E8 ; 5.360940416112139E8 ; 1.473967697633163E11 ; 0.0
874 ; 651216.6300565193 ; 2.0109556127679366E8 ; 5.367468991602416E8 ; 1.475978607467948E11 ; 0.0
875 ; 648049.1366322768 ; 2.0110012496675193E8 ; 5.373981157902981E8 ; 1.477989563080716E11 ; 0.0
876 ; 647780.2641224313 ; 2.0110467445120442E8 ; 5.380461649269304E8 ; 1.4800005643303836E11 ; 0.0
877 ; 646558.1301300948 ; 2.0110920963353452E8 ; 5.386939451910529E8 ; 1.4820116110748956E11 ; 0.0
878 ; 645351.0117252859 ; 2.0111373041765863E8 ; 5.39340503321183E8 ; 1.484022703171231E11 ; 0.0
879 ; 644140.0725308927 ; 2.0111823670801955E8 ; 5.399858543329083E8 ; 1.4860338404754077E11 ; 0.0
880 ; 641530.3385278236 ; 2.011227284095801E8 ; 5.406299944054391E8 ; 1.4880450228424878E11 ; 0.0
881 ; 641371.2693825614 ; 2.0112720542781726E8 ; 5.412715247439669E8 ; 1.4900562501265836E11 ; 0.0
882 ; 639211.0603607382 ; 2.011316676687162E8 ; 5.419128960133495E8 ; 1.4920675221808618E11 ; 0.0
883 ; 638148.7822844735 ; 2.01136115038765E8 ; 5.425521070737103E8 ; 1.4940788388575488E11 ; 0.0
884 ; 637984.7768294342 ; 2.011405474449496E8 ; 5.431902558559948E8 ; 1.4960902000079364E11 ; 0.0
885 ; 635987.4082885997 ; 2.0114496479474846E8 ; 5.438282406328243E8 ; 1.498101605482386E11 ; 0.0
886 ; 634572.6674664362 ; 2.0114936699612826E8 ; 5.444642280411129E8 ; 1.5001130551303333E11 ; 0.0
887 ; 633839.6427249861 ; 2.0115375395753935E8 ; 5.450988007085793E8 ; 1.5021245488002945E11 ; 0.0
888 ; 631475.5226716278 ; 2.0115812558791137E8 ; 5.457326403513043E8 ; 1.50413608633987E11 ; 0.0
889 ; 630705.939818439 ; 2.0116248179664937E8 ; 5.463641158739759E8 ; 1.5061476675957492E11 ; 0.0
890 ; 628275.6594333256 ; 2.0116682249363E8 ; 5.469948218137943E8 ; 1.5081592924137158E11 ; 0.0
891 ; 627751.1816950443 ; 2.0117114758919773E8 ; 5.476230974732276E8 ; 1.510170960638652E11 ; 0.0
892 ; 625836.0529409291 ; 2.011754569941616E8 ; 5.482508486549227E8 ; 1.512182672114544E11 ; 0.0
893 ; 625390.0008789116 ; 2.011797506197918E8 ; 5.488766847078637E8 ; 1.5141944266844858E11 ; 0.0
894 ; 624289.7028546379 ; 2.0118402837781662E8 ; 5.495020747087426E8 ; 1.5162062241906836E11 ; 0.0
895 ; 623270.2144818777 ; 2.0118829018041956E8 ; 5.501263644115973E8 ; 1.5182180644744617E11 ; 0.0
896 ; 621591.6070068838 ; 2.0119253594023648E8 ; 5.507496346260791E8 ; 1.520229947376266E11 ; 0.0
897 ; 620910.9435605776 ; 2.0119676557035294E8 ; 5.51371226233086E8 ; 1.5222418727356683E11 ; 0.0
898 ; 618921.9384024331 ; 2.0120097898430184E8 ; 5.519921371766466E8 ; 1.5242538403913718E11 ; 0.0
899 ; 617363.3572453617 ; 2.012051760960609E8 ; 5.52611059115049E8 ; 1.526265850181215E11 ; 0.0
900 ; 616867.7716365503 ; 2.0120935682005054E8 ; 5.532284224722943E8 ; 1.5282779019421756E11 ; 0.0
901 ; 614702.6509679107 ; 2.0121352107113168E8 ; 5.538452902439309E8 ; 1.530289995510376E11 ; 0.0
902 ; 612318.6181148016 ; 2.0121766876460385E8 ; 5.544599928948989E8 ; 1.5323021307210873E11 ; 0.0
903 ; 612143.5560950902 ; 2.0122179981620333E8 ; 5.550723115130137E8 ; 1.5343143074087335E11 ; 0.0
904 ; 609230.4186588529 ; 2.0122591414210117E8 ; 5.556844550691088E8 ; 1.5363265254068954E11 ; 0.0
905 ; 609608.834798971 ; 2.0123001165890187E8 ; 5.562936854877677E8 ; 1.5383387845483163E11 ; 0.0
906 ; 607953.2448236409 ; 2.0123409228364155E8 ; 5.569032943225666E8 ; 1.5403510846649054E11 ; 0.0
907 ; 606121.2234158351 ; 2.0123815593378657E8 ; 5.575112475673903E8 ; 1.5423634255877417E11 ; 0.0
908 ; 604600.8739965915 ; 2.012422025272322E8 ; 5.581173687908062E8 ; 1.5443758071470795E11 ; 0.0
909 ; 603364.3678893349 ; 2.0124623198230132E8 ; 5.587219696648028E8 ; 1.5463882291723517E11 ; 0.0
910 ; 603014.0219027852 ; 2.012502442177432E8 ; 5.593253340326921E8 ; 1.5484006914921747E11 ; 0.0
911 ; 600898.9509999563 ; 2.012542391527323E8 ; 5.599283480545949E8 ; 1.550413193934352E11 ; 0.0
912 ; 599597.8598948506 ; 2.0125821670686755E8 ; 5.605292470055948E8 ; 1.5524257363258795E11 ; 0.0
913 ; 598154.4928245633 ; 2.012621768001709E8 ; 5.611288448654897E8 ; 1.5544383184929483E11 ; 0.0
914 ; 596473.9348581586 ; 2.0126611935308686E8 ; 5.617269993583143E8 ; 1.55645094026095E11 ; 0.0
915 ; 595016.0124772835 ; 2.0127004428648147E8 ; 5.623234732931725E8 ; 1.558463601454481E11 ; 0.0
916 ; 594692.878934607 ; 2.0127395152164155E8 ; 5.629184893056498E8 ; 1.5604763018973456E11 ; 0.0
917 ; 592315.0054986122 ; 2.0127784098027402E8 ; 5.635131821845844E8 ; 1.562489041412562E11 ; 0.0
918 ; 591912.6070342638 ; 2.0128171258450535E8 ; 5.64105497190083E8 ; 1.5645018198223648E11 ; 0.0
919 ; 589917.9007653451 ; 2.0128556625688085E8 ; 5.646974097971172E8 ; 1.5665146369482098E11 ; 0.0
920 ; 588115.9188244822 ; 2.012894019203642E8 ; 5.652873276978825E8 ; 1.5685274926107785E11 ; 0.0
921 ; 587023.7592727038 ; 2.0129321949833706E8 ; 5.65875443616707E8 ; 1.570540386629982E11 ; 0.0
922 ; 586310.2896848633 ; 1.5430906722518185E8 ; 5.664624673759797E8 ; 1.5725533188249655E11 ; 0.0
923 ; 584782.0203079521 ; 1.517670676667865E8 ; 5.670487776656646E8 ; 1.5740964094972174E11 ; 0.0
924 ; 582892.6111381699 ; 1.5142515579560456E8 ; 5.676335596859725E8 ; 1.5756140801738852E11 ; 0.0
925 ; 580315.5500877462 ; 1.5108401967489633E8 ; 5.682164522971107E8 ; 1.577128331731841E11 ; 0.0
926 ; 580804.1337425036 ; 1.5074365740570867E8 ; 5.687967678471984E8 ; 1.57863917192859E11 ; 0.0
927 ; 577907.3032039078 ; 1.5040406709369576E8 ; 5.693775719809408E8 ; 1.580146608502647E11 ; 0.0
928 ; 577040.8826502392 ; 1.5006524684910947E8 ; 5.699554792841448E8 ; 1.581650649173584E11 ; 0.0
929 ; 575199.5199924107 ; 1.4972719478678972E8 ; 5.70532520166795E8 ; 1.5831513016420752E11 ; 0.0
930 ; 573789.5960145256 ; 1.4938990902615467E8 ; 5.711077196867874E8 ; 1.5846485735899432E11 ; 0.0
931 ; 572548.2770486163 ; 1.490533876911912E8 ; 5.716815092828019E8 ; 1.5861424726802048E11 ; 0.0
932 ; 571391.5054671215 ; 1.487176289104454E8 ; 5.722540575598505E8 ; 1.5876330065571167E11 ; 0.0
933 ; 571375.5856336589 ; 1.4838263081701297E8 ; 5.728254490653176E8 ; 1.589120182846221E11 ; 0.0
934 ; 567988.1157525639 ; 1.4804839154852986E8 ; 5.733968246509513E8 ; 1.5906040091543912E11 ; 0.0
935 ; 566339.0520107972 ; 1.4771490924716285E8 ; 5.739648127667038E8 ; 1.5920844930698764E11 ; 0.0
936 ; 565791.6091162876 ; 1.473821820596003E8 ; 5.745311518187146E8 ; 1.593561642162348E11 ; 0.0
937 ; 563855.3028602687 ; 1.4705020813704264E8 ; 5.750969434278309E8 ; 1.595035463982944E11 ; 0.0
938 ; 561979.2210501307 ; 1.4671898563519347E8 ; 5.756607987306912E8 ; 1.5965059660643146E11 ; 0.0
939 ; 560630.5847765352 ; 1.4638851271425E8 ; 5.762227779517413E8 ; 1.5979731559206665E11 ; 0.0
940 ; 558320.6121410957 ; 1.4605878753889415E8 ; 5.767834085365179E8 ; 1.599437041047809E11 ; 0.0
941 ; 558821.2296690879 ; 1.4572980827828342E8 ; 5.77341729148659E8 ; 1.600897628923198E11 ; 0.0
942 ; 556681.8560089669 ; 1.454015731060416E8 ; 5.779005503783281E8 ; 1.6023549270059808E11 ; 0.0
943 ; 554645.5123161954 ; 1.4507408020025018E8 ; 5.784572322343371E8 ; 1.6038089427370413E11 ; 0.0
944 ; 553716.4951691529 ; 1.4474732774343893E8 ; 5.790118777466533E8 ; 1.605259683539044E11 ; 0.0
945 ; 551380.3070889056 ; 1.4442131392257723E8 ; 5.795655942418225E8 ; 1.6067071568164783E11 ; 0.0
946 ; 550385.1616933027 ; 1.4409603692906502E8 ; 5.801169745489113E8 ; 1.608151369955704E11 ; 0.0
947 ; 548496.6397256004 ; 1.4377149495872414E8 ; 5.806673597106047E8 ; 1.6095923303249948E11 ; 0.0
948 ; 547976.8717426732 ; 1.4344768621178928E8 ; 5.812158563503302E8 ; 1.611030045274582E11 ; 0.0
949 ; 545440.9002813414 ; 1.4312460889289933E8 ; 5.81763833222073E8 ; 1.6124645221366998E11 ; 0.0
950 ; 543914.3806219288 ; 1.428022612110887E8 ; 5.823092741223543E8 ; 1.613895768225629E11 ; 0.0
951 ; 542329.6867759909 ; 1.4248064137977833E8 ; 5.828531885029762E8 ; 1.61532379083774E11 ; 0.0
952 ; 541664.2009230711 ; 1.421597476167673E8 ; 5.833955181897522E8 ; 1.6167485972515378E11 ; 0.0
953 ; 539788.6641279487 ; 1.4183957814422402E8 ; 5.839371823906753E8 ; 1.6181701947277054E11 ; 0.0
954 ; 538551.2003031204 ; 1.4152013118867776E8 ; 5.844769710548033E8 ; 1.6195885905091476E11 ; 0.0
955 ; 537735.6581392852 ; 1.412014049810099E8 ; 5.850155222551063E8 ; 1.6210037918210345E11 ; 0.0
956 ; 534234.5301740604 ; 1.4088339775644556E8 ; 5.855532579132456E8 ; 1.6224158058708447E11 ; 0.0
957 ; 534401.4999667793 ; 1.4056610775454473E8 ; 5.860874924434196E8 ; 1.623824639848409E11 ; 0.0
958 ; 532377.2543349905 ; 1.4024953321919447E8 ; 5.866218939433863E8 ; 1.6252303009259546E11 ; 0.0
959 ; 531137.5791527575 ; 1.3993367239859965E8 ; 5.871542711977214E8 ; 1.6266327962581467E11 ; 0.0
960 ; 529757.8194485229 ; 1.396185235452751E8 ; 5.876854087768741E8 ; 1.6280321329821326E11 ; 0.0
961 ; 527130.9309712036 ; 1.3930408491603696E8 ; 5.882151665963225E8 ; 1.6294283182175854E11 ; 0.0
962 ; 528736.6164591938 ; 1.3899035477199432E8 ; 5.887422975272937E8 ; 1.630821359066746E11 ; 0.0
963 ; 528734.818788294 ; 1.3867733137854105E8 ; 5.892710341437529E8 ; 1.632211262614466E11 ; 0.0
964 ; 527455.4061665015 ; 1.3836501300534722E8 ; 5.897997689625412E8 ; 1.6335980359282513E11 ; 0.0
965 ; 527095.0222516559 ; 1.3805339792635104E8 ; 5.903272243687078E8 ; 1.6349816860583047E11 ; 0.0
966 ; 526154.915861585 ; 1.3774248441975054E8 ; 5.908543193909594E8 ; 1.6363622200375684E11 ; 0.0
967 ; 525546.8880092065 ; 1.3743227076799524E8 ; 5.91380474306821E8 ; 1.6377396448817657E11 ; 0.0
968 ; 525308.0254946095 ; 1.3712275525777793E8 ; 5.919060211948302E8 ; 1.6391139675894458E11 ; 0.0
969 ; 523960.37450226874 ; 1.368139361800268E8 ; 5.924313292203248E8 ; 1.6404851951420236E11 ; 0.0
970 ; 524352.6377602984 ; 1.3650581182989684E8 ; 5.92955289594827E8 ; 1.641853334503824E11 ; 0.0
971 ; 523263.36445386114 ; 1.36198380506762E8 ; 5.934796422325873E8 ; 1.6432183926221228E11 ; 0.0
972 ; 522331.72122206615 ; 1.35891640514207E8 ; 5.940029055970412E8 ; 1.6445803764271906E11 ; 0.0
973 ; 522819.55282894813 ; 1.355855901600192E8 ; 5.945252373182633E8 ; 1.6459392928323328E11 ; 0.0
974 ; 523804.22559574625 ; 1.352802277561805E8 ; 5.950480568710922E8 ; 1.647295148733933E11 ; 0.0
975 ; 524166.9281482701 ; 1.349755516188594E8 ; 5.955718610966879E8 ; 1.648647951011495E11 ; 0.0
976 ; 525565.3199169757 ; 1.346715600684031E8 ; 5.960960280248362E8 ; 1.6499977065276837E11 ; 0.0
977 ; 526207.1492254486 ; 1.343682514293291E8 ; 5.966215933447531E8 ; 1.6513444221283676E11 ; 0.0
978 ; 525414.2765575725 ; 1.340656240303176E8 ; 5.971478004939786E8 ; 1.6526881046426608E11 ; 0.0
979 ; 526991.0802769038 ; 1.337636762042034E8 ; 5.976732147705362E8 ; 1.654028760882964E11 ; 0.0
980 ; 528557.3828347084 ; 1.334624062879679E8 ; 5.98200205850813E8 ; 1.6553663976450058E11 ; 0.0
981 ; 528909.6052368466 ; 1.3316181262273134E8 ; 5.987287632336477E8 ; 1.6567010217078854E11 ; 0.0
982 ; 529601.8792709922 ; 1.3286189355374478E8 ; 5.992576728388846E8 ; 1.658032639834113E11 ; 0.0
983 ; 530728.0156429925 ; 1.3256264743038231E8 ; 5.997872747181556E8 ; 1.6593612587696503E11 ; 0.0
984 ; 530621.1022029053 ; 1.3226407260613312E8 ; 6.003180027337986E8 ; 1.6606868852439542E11 ; 0.0
985 ; 531831.9675381891 ; 1.3196616743859364E8 ; 6.008486238360015E8 ; 1.6620095259700156E11 ; 0.0
986 ; 532259.3656885488 ; 1.3166893028945994E8 ; 6.013804558035398E8 ; 1.6633291876444016E11 ; 0.0
987 ; 532029.447037193 ; 1.313723595245197E8 ; 6.019127151692283E8 ; 1.664645876947296E11 ; 0.0
988 ; 532395.9958489363 ; 1.3107645351364444E8 ; 6.024447446162655E8 ; 1.6659596005425412E11 ; 0.0
989 ; 533583.8860271119 ; 1.307812106307819E8 ; 6.029771406121144E8 ; 1.6672703650776776E11 ; 0.0
990 ; 534977.4108866634 ; 1.3048662925394827E8 ; 6.035107244981415E8 ; 1.6685781771839853E11 ; 0.0
991 ; 534646.659214366 ; 1.301927077652203E8 ; 6.040457019090282E8 ; 1.6698830434765247E11 ; 0.0
992 ; 534153.1461848771 ; 1.2989944455072786E8 ; 6.045803485682425E8 ; 1.671184970554177E11 ; 0.0
993 ; 535511.1896363104 ; 1.2960683800064595E8 ; 6.051145017144275E8 ; 1.672483964999684E11 ; 0.0
994 ; 535932.4230395207 ; 1.2931488650918736E8 ; 6.056500129040638E8 ; 1.6737800333796906E11 ; 0.0
995 ; 536725.6884627822 ; 1.2902358847459467E8 ; 6.061859453271034E8 ; 1.6750731822447824E11 ; 0.0
996 ; 536358.8020827072 ; 1.2873294229913291E8 ; 6.067226710155661E8 ; 1.6763634181295285E11 ; 0.0
997 ; 536182.5380850727 ; 1.2844294638908178E8 ; 6.072590298176488E8 ; 1.6776507475525198E11 ; 0.0
998 ; 538729.8034420838 ; 1.2815359915472801E8 ; 6.077952123557339E8 ; 1.6789351770164105E11 ; 0.0
999 ; 537940.7417180216 ; 1.2786489901035795E8 ; 6.08333942159176E8 ; 1.6802167130079578E11 ; 0.0
1000 ; 537967.5286939158 ; 1.2757684437424977E8 ; 6.08871882900894E8 ; 1.6814953619980612E11 ; 0.0
1001 ; 539099.8918749174 ; 1.2728943366866612E8 ; 6.09409850429588E8 ; 1.6827711304418036E11 ; 0.0
1002 ; 539211.8376993983 ; 1.2700266531984639E8 ; 6.099489503214629E8 ; 1.6840440247784903E11 ; 0.0
1003 ; 540971.738081106 ; 1.2671653775799932E8 ; 6.104881621591623E8 ; 1.6853140514316888E11 ; 0.0
1004 ; 537709.0622558346 ; 1.2643104941729546E8 ; 6.110291338972434E8 ; 1.6865812168092688E11 ; 0.0
1005 ; 539934.0658673781 ; 1.2614619873585968E8 ; 6.115668429594992E8 ; 1.6878455273034418E11 ; 0.0
1006 ; 541155.9473075657 ; 1.2586198415576361E8 ; 6.121067770253667E8 ; 1.6891069892908005E11 ; 0.0
1007 ; 539779.2101519638 ; 1.2557840412301823E8 ; 6.126479329726743E8 ; 1.690365609132358E11 ; 0.0
1008 ; 540071.2894676164 ; 1.2529545708756647E8 ; 6.131877121828262E8 ; 1.6916213931735883E11 ; 0.0
1009 ; 540978.5278170981 ; 1.2501314150327574E8 ; 6.137277834722937E8 ; 1.6928743477444638E11 ; 0.0
1010 ; 541309.2371321281 ; 1.2473145582793038E8 ; 6.142687620001109E8 ; 1.6941244791594965E11 ; 0.0
1011 ; 541059.4034557138 ; 1.2445039852322447E8 ; 6.148100712372429E8 ; 1.695371793717776E11 ; 0.0
1012 ; 540734.994698264 ; 1.2416996805475429E8 ; 6.153511306406987E8 ; 1.696616297703008E11 ; 0.0
1013 ; 540564.9340599856 ; 1.238901628920109E8 ; 6.15891865635397E8 ; 1.6978579973835556E11 ; 0.0
1014 ; 541001.4194695718 ; 1.2361098150837293E8 ; 6.164324305694569E8 ; 1.6990968990124756E11 ; 0.0
1015 ; 540373.8190040867 ; 1.2333242238109915E8 ; 6.169734319889265E8 ; 1.7003330088275592E11 ; 0.0
1016 ; 539585.0185448781 ; 1.2305448399132101E8 ; 6.175138058079306E8 ; 1.7015663330513702E11 ; 0.0
1017 ; 541075.0194002256 ; 1.2277716482403548E8 ; 6.180533908264755E8 ; 1.7027968778912836E11 ; 0.0
1018 ; 541868.4291656447 ; 1.225004633680977E8 ; 6.185944658458757E8 ; 1.704024649539524E11 ; 0.0
1019 ; 541228.6874016064 ; 1.222243781162136E8 ; 6.191363342750413E8 ; 1.705249654173205E11 ; 0.0
1020 ; 541014.4584449737 ; 1.2194890756493269E8 ; 6.19677562962443E8 ; 1.706471897954367E11 ; 0.0
1021 ; 540812.9292628521 ; 1.2167405021464072E8 ; 6.20218577420888E8 ; 1.7076913870300165E11 ; 0.0
1022 ; 542629.2464454755 ; 1.2139980456955245E8 ; 6.207593903501508E8 ; 1.7089081275321628E11 ; 0.0
1023 ; 541776.3745869743 ; 1.2112616913770443E8 ; 6.213020195965962E8 ; 1.7101221255778583E11 ; 0.0
1024 ; 540068.6782413804 ; 1.2085314243094768E8 ; 6.218437959711832E8 ; 1.7113333872692352E11 ; 0.0
1025 ; 540344.5525699569 ; 1.2058072296494052E8 ; 6.223838646494246E8 ; 1.7125419186935446E11 ; 0.0
1026 ; 540981.0903807135 ; 1.2030890925914137E8 ; 6.229242092019945E8 ; 1.713747725923194E11 ; 0.0
1027 ; 539900.2366819215 ; 1.2003769983680148E8 ; 6.234651902923752E8 ; 1.7149508150157855E11 ; 0.0
1028 ; 540104.5962304578 ; 1.1976709322495778E8 ; 6.240050905290571E8 ; 1.7161511920141534E11 ; 0.0
1029 ; 540518.8985235243 ; 1.1949708795442571E8 ; 6.245451951252877E8 ; 1.717348862946403E11 ; 0.0
1030 ; 540331.2249220264 ; 1.19227682559792E8 ; 6.250857140238112E8 ; 1.7185438338259473E11 ; 0.0
1031 ; 538494.9819983805 ; 1.1895887557940757E8 ; 6.256260452487333E8 ; 1.719736110651545E11 ; 0.0
1032 ; 540327.8896649249 ; 1.1869066555538042E8 ; 6.261645402307316E8 ; 1.7209256994073392E11 ; 0.0
1033 ; 540120.2176782 ; 1.1842305103356832E8 ; 6.267048681203965E8 ; 1.722112606062893E11 ; 0.0
1034 ; 539241.0291634789 ; 1.181560305635719E8 ; 6.272449883380747E8 ; 1.7232968365732288E11 ; 0.0
1035 ; 539448.87929531 ; 1.1788960269872737E8 ; 6.277842293672382E8 ; 1.7244783968788644E11 ; 0.0
1036 ; 537796.6018929337 ; 1.1762376599609959E8 ; 6.283236782465335E8 ; 1.7256572929058517E11 ; 0.0
1037 ; 537490.4349276088 ; 1.1735851901647477E8 ; 6.288614748484265E8 ; 1.7268335305658127E11 ; 0.0
1038 ; 538968.5478940248 ; 1.1709386032435356E8 ; 6.29398965283354E8 ; 1.7280071157559775E11 ; 0.0
1039 ; 536873.080656105 ; 1.1682978848794389E8 ; 6.29937933831248E8 ; 1.729178054359221E11 ; 0.0
1040 ; 537713.7052744889 ; 1.1656630207915401E8 ; 6.304748069119041E8 ; 1.7303463522441003E11 ; 0.0
1041 ; 536837.448507542 ; 1.163033996735853E8 ; 6.310125206171786E8 ; 1.731512015264892E11 ; 0.0
1042 ; 538087.0734894231 ; 1.1604107985052532E8 ; 6.315493580656861E8 ; 1.7326750492616278E11 ; 0.0
1043 ; 537531.0529940968 ; 1.1577934119294085E8 ; 6.320874451391755E8 ; 1.733835460060133E11 ; 0.0
1044 ; 537542.2194214561 ; 1.1551818228747068E8 ; 6.326249761921697E8 ; 1.7349932534720624E11 ; 0.0
1045 ; 536255.4631498182 ; 1.152576017244188E8 ; 6.331625184115912E8 ; 1.736148435294937E11 ; 0.0
1046 ; 535906.5509148294 ; 1.1499759809774728E8 ; 6.33698773874741E8 ; 1.7373010113121814E11 ; 0.0
1047 ; 536755.6885134748 ; 1.1473817000506939E8 ; 6.342346804256558E8 ; 1.738450987293159E11 ; 0.0
1048 ; 536256.9917985247 ; 1.1447931604764247E8 ; 6.347714361141694E8 ; 1.7395983689932095E11 ; 0.0
1049 ; 535854.5693022449 ; 1.1422103483036113E8 ; 6.353076931059679E8 ; 1.740743162153686E11 ; 0.0
1050 ; 535639.5289685939 ; 1.1396332496175013E8 ; 6.358435476752701E8 ; 1.7418853725019894E11 ; 0.0
1051 ; 536671.9862587277 ; 1.1370618505395767E8 ; 6.363791872042387E8 ; 1.743025005751607E11 ; 0.0
1052 ; 535225.9807545312 ; 1.1344961372274815E8 ; 6.369158591904974E8 ; 1.7441620676021466E11 ; 0.0
1053 ; 534975.0581901496 ; 1.1319360958749545E8 ; 6.374510851712519E8 ; 1.745296563739374E11 ; 0.0
1054 ; 535243.9076275489 ; 1.1293817127117598E8 ; 6.37986060229442E8 ; 1.746428499835249E11 ; 0.0
1055 ; 535097.2408302835 ; 1.1268329740036175E8 ; 6.385213041370696E8 ; 1.7475578815479608E11 ; 0.0
1056 ; 535042.8385204143 ; 1.1242898660521345E8 ; 6.390564013778999E8 ; 1.7486847145219644E11 ; 0.0
1057 ; 534311.7582253153 ; 1.1217523751947355E8 ; 6.395914442164203E8 ; 1.7498090043880167E11 ; 0.0
1058 ; 533047.0434947753 ; 1.1192204878045955E8 ; 6.401257559746456E8 ; 1.7509307567632114E11 ; 0.0
1059 ; 532746.9859062914 ; 1.1166941902905688E8 ; 6.406588030181404E8 ; 1.752049977251016E11 ; 0.0
1060 ; 533327.9383252191 ; 1.1141734690971224E8 ; 6.411915500040467E8 ; 1.7531666714413065E11 ; 0.0
1061 ; 532097.1728956422 ; 1.111658310704267E8 ; 6.417248779423718E8 ; 1.7542808449104034E11 ; 0.0
1062 ; 532250.2764594508 ; 1.1091487016274875E8 ; 6.422569751152675E8 ; 1.7553925032211078E11 ; 0.0
1063 ; 530981.5536629388 ; 1.106644628417676E8 ; 6.42789225391727E8 ; 1.7565016519227353E11 ; 0.0
1064 ; 531008.866490445 ; 1.1041460776610623E8 ; 6.433202069453899E8 ; 1.757608296551153E11 ; 0.0
1065 ; 529875.7243953212 ; 1.1016530359791477E8 ; 6.438512158118804E8 ; 1.758712442628814E11 ; 0.0
1066 ; 529560.7359703897 ; 1.0991654900286339E8 ; 6.443810915362756E8 ; 1.759814095664793E11 ; 0.0
1067 ; 530331.5361920912 ; 1.096683426501358E8 ; 6.44910652272246E8 ; 1.7609132611548218E11 ; 0.0
1068 ; 528694.191132599 ; 1.0942068321242225E8 ; 6.454409838084381E8 ; 1.7620099445813232E11 ; 0.0
1069 ; 528808.2743491218 ; 1.0917356936591285E8 ; 6.459696779995706E8 ; 1.7631041514134476E11 ; 0.0
1070 ; 528566.6316037945 ; 1.0892699979029082E8 ; 6.464984862739197E8 ; 1.7641958871071066E11 ; 0.0
1071 ; 527919.739896885 ; 1.0868097316872555E8 ; 6.470270529055235E8 ; 1.7652851571050095E11 ; 0.0
1072 ; 526957.8879643475 ; 1.0843548818786606E8 ; 6.475549726454204E8 ; 1.7663719668366968E11 ; 0.0
1073 ; 526429.1982582294 ; 1.0819054353783414E8 ; 6.480819305333848E8 ; 1.7674563217185754E11 ; 0.0
1074 ; 526782.6700724126 ; 1.079461379122176E8 ; 6.486083597316431E8 ; 1.768538227153954E11 ; 0.0
1075 ; 524837.403809824 ; 1.0770227000806363E8 ; 6.491351424017155E8 ; 1.7696176885330762E11 ; 0.0
1076 ; 524590.5769651395 ; 1.0745893852587189E8 ; 6.496599798055253E8 ; 1.7706947112331567E11 ; 0.0
1077 ; 523691.0771121306 ; 1.0721614216958798E8 ; 6.501845703824904E8 ; 1.7717693006184155E11 ; 0.0
1078 ; 523401.84119624743 ; 1.0697387964659667E8 ; 6.507082614596025E8 ; 1.7728414620401114E11 ; 0.0
1079 ; 522336.4341281144 ; 1.0673214966771518E8 ; 6.512316633007988E8 ; 1.7739112008365775E11 ; 0.0
1080 ; 522897.49810517434 ; 1.064909509471865E8 ; 6.517539997349269E8 ; 1.7749785223332547E11 ; 0.0
1081 ; 522659.87469995196 ; 1.0664550713077807E8 ; 6.522768972330321E8 ; 1.7760434318427264E11 ; 0.0
1082 ; 521173.1428455915 ; 1.0710868054440722E8 ; 6.52799557107732E8 ; 1.777109886914034E11 ; 0.0
1083 ; 521341.9305219171 ; 1.0788047118400896E8 ; 6.533207302505777E8 ; 1.778180973719478E11 ; 0.0
1084 ; 522871.73272437905 ; 1.0896087904599619E8 ; 6.538420721810997E8 ; 1.7792597784313184E11 ; 0.0
1085 ; 521704.47216721595 ; 1.1034990412726015E8 ; 6.543649439138241E8 ; 1.7803493872217783E11 ; 0.0
1086 ; 525427.0325753345 ; 1.120475464251701E8 ; 6.548866483859913E8 ; 1.7814528862630508E11 ; 0.0
1087 ; 530370.0996618785 ; 1.1405380593757367E8 ; 6.554120754185667E8 ; 1.7825733617273026E11 ; 0.0
1088 ; 537623.9204044787 ; 1.163686826627968E8 ; 6.559424455182285E8 ; 1.7837138997866782E11 ; 0.0
1089 ; 550251.1902716995 ; 1.1899217659964353E8 ; 6.56480069438633E8 ; 1.7848775866133063E11 ; 0.0
1090 ; 574196.983734222 ; 1.2192428774739647E8 ; 6.570303206289047E8 ; 1.7860675083793027E11 ; 0.0
1091 ; 611775.7261887348 ; 1.251650161058164E8 ; 6.57604517612639E8 ; 1.7872867512567767E11 ; 0.0
1092 ; 673645.2300207969 ; 1.287143616751425E8 ; 6.582162933388277E8 ; 1.7885384014178348E11 ; 0.0
1093 ; 733050.3454552596 ; 1.3257232445609218E8 ; 6.588899385688485E8 ; 1.7898255450345862E11 ; 0.0
1094 ; 738082.430445904 ; 1.3673890444986147E8 ; 6.596229889143038E8 ; 1.791151268279147E11 ; 0.0
1095 ; 736385.0997983373 ; 1.4121410165812433E8 ; 6.603610713447497E8 ; 1.7925186573236456E11 ; 0.0
1096 ; 735348.4870564991 ; 1.4599791608303323E8 ; 6.61097456444548E8 ; 1.7939307983402267E11 ; 0.0
1097 ; 735110.6881617405 ; 1.5109034772721884E8 ; 6.618328049316045E8 ; 1.795390777501057E11 ; 0.0
1098 ; 733414.4383709697 ; 1.5649139659378994E8 ; 6.625679156197662E8 ; 1.7969016809783295E11 ; 0.0
1099 ; 733316.1872528102 ; 1.6220106268633363E8 ; 6.633013300581372E8 ; 1.7984665949442673E11 ; 0.0
1100 ; 731931.622879763 ; 1.6821934600891486E8 ; 6.640346462453899E8 ; 1.8000886055711307E11 ; 0.0
1101 ; 731839.9267012442 ; 1.745462465660769E8 ; 6.647665778682697E8 ; 1.8017707990312198E11 ; 0.0
1102 ; 730099.6689912473 ; 1.811817643628407E8 ; 6.654984177949709E8 ; 1.8035162614968805E11 ; 0.0
1103 ; 727404.0783470153 ; 1.8812589940470535E8 ; 6.662285174639621E8 ; 1.805328079140509E11 ; 0.0
1104 ; 726424.8921800078 ; 1.9537865169764745E8 ; 6.66955921542309E8 ; 1.807209338134556E11 ; 0.0
1105 ; 727038.725320011 ; 2.0162806214630497E8 ; 6.67682346434489E8 ; 1.8091631246515326E11 ; 0.0
1106 ; 726896.090599308 ; 2.0162767859087256E8 ; 6.68409385159809E8 ; 1.8111794052729956E11 ; 0.0
1107 ; 726780.5974272756 ; 2.0162727033200493E8 ; 6.691362812504083E8 ; 1.8131956820589044E11 ; 0.0
1108 ; 728255.6623855178 ; 2.0162683737758896E8 ; 6.698630618478355E8 ; 1.8152119547622244E11 ; 0.0
1109 ; 728196.6183323663 ; 2.0162637973598868E8 ; 6.70591317510221E8 ; 1.8172282231360004E11 ; 0.0
1110 ; 728514.9983411706 ; 2.0162589741604525E8 ; 6.713195141285534E8 ; 1.8192444869333603E11 ; 0.0
1111 ; 727493.8516356237 ; 2.0162539042707685E8 ; 6.720480291268946E8 ; 1.8212607459075208E11 ; 0.0
1112 ; 727122.6998257128 ; 2.016248587788784E8 ; 6.727755229785302E8 ; 1.8232769998117914E11 ; 0.0
1113 ; 727358.4915895264 ; 2.0162430248172143E8 ; 6.735026456783559E8 ; 1.82529324839958E11 ; 0.0
1114 ; 728324.7579041991 ; 2.016237215463541E8 ; 6.742300041699455E8 ; 1.8273094914243973E11 ; 0.0
1115 ; 727718.0412811089 ; 2.0162311598400074E8 ; 6.749583289278497E8 ; 1.8293257286398608E11 ; 0.0
1116 ; 727378.8864817449 ; 2.0162248580636188E8 ; 6.756860469691308E8 ; 1.831341959799701E11 ; 0.0
1117 ; 728434.8178445605 ; 2.0162183102561402E8 ; 6.764134258556125E8 ; 1.8333581846577646E11 ; 0.0
1118 ; 727655.1533997533 ; 2.016211516544094E8 ; 6.77141860673457E8 ; 1.8353744029680206E11 ; 0.0
1119 ; 728055.7109095629 ; 2.0162044770587578E8 ; 6.778695158268567E8 ; 1.8373906144845648E11 ; 0.0
1120 ; 727323.2293264298 ; 2.016197191936163E8 ; 6.785975715377663E8 ; 1.8394068189616235E11 ; 0.0
1121 ; 726260.2341354678 ; 2.0161896613170922E8 ; 6.793248947670928E8 ; 1.8414230161535596E11 ; 0.0
1122 ; 724265.4960067527 ; 2.016181885347077E8 ; 6.800511550012283E8 ; 1.8434392058148767E11 ; 0.0
1123 ; 722529.7657130029 ; 2.016173864176396E8 ; 6.807754204972351E8 ; 1.8454553877002237E11 ; 0.0
1124 ; 721688.0760921405 ; 2.0161655979600725E8 ; 6.81497950262948E8 ; 1.8474715615644E11 ; 0.0
1125 ; 721205.3207248792 ; 2.0161570868578708E8 ; 6.822196383390402E8 ; 1.8494877271623602E11 ; 0.0
1126 ; 719606.2284891672 ; 2.0161483310342953E8 ; 6.82940843659765E8 ; 1.851503884249218E11 ; 0.0
1127 ; 719669.4698301826 ; 2.0161393306585866E8 ; 6.836604498882542E8 ; 1.8535200325802524E11 ; 0.0
1128 ; 718272.6649753826 ; 2.0161300859047204E8 ; 6.843801193580843E8 ; 1.855536171910911E11 ; 0.0
1129 ; 717263.7025931742 ; 2.0161205969514033E8 ; 6.850983920230597E8 ; 1.8575523019968158E11 ; 0.0
1130 ; 716266.3776257182 ; 2.0161108639820698E8 ; 6.858156557256529E8 ; 1.859568422593767E11 ; 0.0
1131 ; 715270.1871147032 ; 2.0161008871848813E8 ; 6.865319221032786E8 ; 1.861584533457749E11 ; 0.0
1132 ; 714159.9543901106 ; 2.016090666752721E8 ; 6.872471922903934E8 ; 1.8636006343449338E11 ; 0.0
1133 ; 712852.720756949 ; 2.0160802028831926E8 ; 6.879613522447835E8 ; 1.8656167250116864E11 ; 0.0
1134 ; 710628.706248032 ; 2.0159364247603765E8 ; 6.886742049655405E8 ; 1.8676328052145697E11 ; 0.0
1135 ; 710983.4589786811 ; 2.0159191077561325E8 ; 6.893848336717886E8 ; 1.86964874163933E11 ; 0.0
1136 ; 708980.747909368 ; 2.015906449192158E8 ; 6.900958171307672E8 ; 1.8716646607470862E11 ; 0.0
1137 ; 708958.4286334757 ; 2.0158935442240402E8 ; 6.908047978786767E8 ; 1.8736805671962784E11 ; 0.0
1138 ; 708016.0366594347 ; 2.015880393072934E8 ; 6.915137563073101E8 ; 1.8756964607405023E11 ; 0.0
1139 ; 706899.2319195049 ; 2.0158669959646925E8 ; 6.922217723439696E8 ; 1.877712341133575E11 ; 0.0
1140 ; 814980.2121114623 ; 2.0158533531298673E8 ; 6.929286715758891E8 ; 1.8797282081295398E11 ; 0.0
1141 ; 813876.620019274 ; 2.015839464803702E8 ; 6.937436517880006E8 ; 1.8817440614826697E11 ; 0.0
1142 ; 813249.4064885159 ; 2.0158253312261295E8 ; 6.945575284080199E8 ; 1.8837599009474734E11 ; 0.0
1143 ; 811097.466203941 ; 2.015810952641769E8 ; 6.953707778145084E8 ; 1.8857757262786996E11 ; 0.0
1144 ; 811070.5358567949 ; 2.015796329299921E8 ; 6.961818752807124E8 ; 1.8877915372313416E11 ; 0.0
1145 ; 809173.6201421126 ; 2.015781461454565E8 ; 6.969929458165692E8 ; 1.8898073335606415E11 ; 0.0
1146 ; 807507.1369602379 ; 2.0157663493643528E8 ; 6.978021194367113E8 ; 1.891823115022096E11 ; 0.0
1147 ; 807226.6023129495 ; 2.0157509932926083E8 ; 6.986096265736716E8 ; 1.8938388813714603E11 ; 0.0
1148 ; 805714.5428434871 ; 2.0157353935073203E8 ; 6.994168531759845E8 ; 1.8958546323647528E11 ; 0.0
1149 ; 804532.0576523901 ; 2.0157195502811405E8 ; 7.00222567718828E8 ; 1.8978703677582602E11 ; 0.0
1150 ; 803687.8466375732 ; 2.015703463891378E8 ; 7.010270997764803E8 ; 1.8998860873085413E11 ; 0.0
1151 ; 802293.6629512942 ; 2.0156871346199957E8 ; 7.018307876231179E8 ; 1.9019017907724326E11 ; 0.0
1152 ; 802373.8882412473 ; 2.0156705627536055E8 ; 7.026330812860693E8 ; 1.9039174779070526E11 ; 0.0
1153 ; 801679.9122957339 ; 2.0156537485834652E8 ; 7.034354551743106E8 ; 1.9059331484698062E11 ; 0.0
1154 ; 799407.6212359701 ; 2.015636692405472E8 ; 7.042371350866063E8 ; 1.9079488022183896E11 ; 0.0
1155 ; 799672.8888572466 ; 2.0156193945201603E8 ; 7.050365427078422E8 ; 1.909964438910795E11 ; 0.0
1156 ; 798702.1357837833 ; 2.0156018552326956E8 ; 7.058362155966995E8 ; 1.9119800583053152E11 ; 0.0
1157 ; 797458.4090225836 ; 2.0155840748528707E8 ; 7.066349177324833E8 ; 1.9139956601605478E11 ; 0.0
1158 ; 795206.9575518204 ; 2.0155660536951008E8 ; 7.074323761415058E8 ; 1.9160112442354007E11 ; 0.0
1159 ; 793753.6926506861 ; 2.0155477920784184E8 ; 7.082275830990577E8 ; 1.9180268102890958E11 ; 0.0
1160 ; 792437.9080476771 ; 2.0155292903264692E8 ; 7.090213367917084E8 ; 1.9200423580811743E11 ; 0.0
1161 ; 790959.8955594051 ; 2.0155105487675074E8 ; 7.09813774699756E8 ; 1.922057887371501E11 ; 0.0
1162 ; 790040.7928053903 ; 2.01549156773439E8 ; 7.106047345953155E8 ; 1.9240733979202682E11 ; 0.0
1163 ; 786725.688414079 ; 2.0154723475645718E8 ; 7.113947753881209E8 ; 1.9260888894880026E11 ; 0.0
1164 ; 786980.2826046471 ; 2.0154528886001024E8 ; 7.12181501076535E8 ; 1.9281043618355673E11 ; 0.0
1165 ; 783570.2655894272 ; 2.0154331911876187E8 ; 7.129684813591397E8 ; 1.9301198147241675E11 ; 0.0
1166 ; 781728.4593754668 ; 2.015413255678341E8 ; 7.137520516247292E8 ; 1.9321352479153552E11 ; 0.0
1167 ; 781097.7029499367 ; 2.015393082428068E8 ; 7.145337800841047E8 ; 1.9341506611710336E11 ; 0.0
1168 ; 779440.5136703227 ; 2.0153726717971706E8 ; 7.153148777870545E8 ; 1.9361660542534616E11 ; 0.0
1169 ; 778020.8003878978 ; 2.0153520241505888E8 ; 7.160943183007249E8 ; 1.9381814269252588E11 ; 0.0
1170 ; 776267.6924942826 ; 2.0153311398578238E8 ; 7.168723391011127E8 ; 1.9401967789494095E11 ; 0.0
1171 ; 775321.4466780954 ; 2.0153100192929342E8 ; 7.17648606793607E8 ; 1.9422121100892673E11 ; 0.0
1172 ; 771841.8715168614 ; 2.015288662834531E8 ; 7.18423928240285E8 ; 1.9442274201085602E11 ; 0.0
1173 ; 771378.9962781264 ; 2.0152670708657706E8 ; 7.191957701118019E8 ; 1.9462427087713947E11 ; 0.0
1174 ; 770701.2001350627 ; 2.0152452437743506E8 ; 7.1996714910808E8 ; 1.9482579758422604E11 ; 0.0
1175 ; 768408.0691105414 ; 2.0152231819525045E8 ; 7.207378503082151E8 ; 1.950273221086035E11 ; 0.0
1176 ; 767768.6223084866 ; 2.015200885796995E8 ; 7.215062583773257E8 ; 1.9522884442679874E11 ; 0.0
1177 ; 764614.9756551107 ; 2.0151783557091087E8 ; 7.222740269996341E8 ; 1.9543036451537845E11 ; 0.0
1178 ; 763553.8650965418 ; 2.0151555920946524E8 ; 7.230386419752892E8 ; 1.9563188235094937E11 ; 0.0
1179 ; 760743.7902260997 ; 2.015132595363944E8 ; 7.238021958403858E8 ; 1.9583339791015884E11 ; 0.0
1180 ; 759669.2509895717 ; 2.0151093659318095E8 ; 7.245629396306119E8 ; 1.9603491116969525E11 ; 0.0
1181 ; 758219.0419324669 ; 2.0150859042175767E8 ; 7.253226088816015E8 ; 1.9623642210628842E11 ; 0.0
1182 ; 756712.7917517853 ; 2.015062210645069E8 ; 7.260808279235339E8 ; 1.9643793069671017E11 ; 0.0
1183 ; 754876.2689993822 ; 2.015038285642599E8 ; 7.268375407152857E8 ; 1.966394369177747E11 ; 0.0
1184 ; 752980.4643509083 ; 2.0150141296429643E8 ; 7.27592416984285E8 ; 1.9684094074633896E11 ; 0.0
1185 ; 750969.4358580349 ; 2.014989743083441E8 ; 7.283453974486359E8 ; 1.9704244215930325E11 ; 0.0
1186 ; 748515.4663234324 ; 2.014965126405776E8 ; 7.29096366884494E8 ; 1.972439411336116E11 ; 0.0
1187 ; 747562.1230007639 ; 2.0149402800561848E8 ; 7.298448823508173E8 ; 1.9744543764625217E11 ; 0.0
1188 ; 745544.2771716105 ; 2.0149152044853416E8 ; 7.305924444738181E8 ; 1.9764693167425778E11 ; 0.0
1189 ; 743881.7894512942 ; 2.014889900148376E8 ; 7.313379887509897E8 ; 1.9784842319470633E11 ; 0.0
1190 ; 742069.8142678322 ; 2.014864367504866E8 ; 7.320818705404409E8 ; 1.9804991218472116E11 ; 0.0
1191 ; 739951.1998080687 ; 2.0148386070188323E8 ; 7.328239403547088E8 ; 1.9825139862147165E11 ; 0.0
1192 ; 738670.659552221 ; 2.0148126191587317E8 ; 7.335638915545169E8 ; 1.9845288248217352E11 ; 0.0
1193 ; 737114.2592858586 ; 2.014786404397452E8 ; 7.343025622140691E8 ; 1.986543637440894E11 ; 0.0
1194 ; 735424.5776428686 ; 2.0147599632123044E8 ; 7.350396764733549E8 ; 1.9885584238452914E11 ; 0.0
1195 ; 732968.671261504 ; 2.01473329608502E8 ; 7.357751010509979E8 ; 1.9905731838085037E11 ; 0.0
1196 ; 731530.8075870678 ; 2.0147064035017407E8 ; 7.365080697222594E8 ; 1.9925879171045886E11 ; 0.0
1197 ; 730205.815957507 ; 2.0146792859530154E8 ; 7.372396005298464E8 ; 1.9946026235080905E11 ; 0.0
1198 ; 728932.3886371511 ; 2.014653645416878E8 ; 7.37969806345804E8 ; 1.9966173027940436E11 ; 0.0
1199 ; 727230.4231080218 ; 2.0146277847139078E8 ; 7.386987387344412E8 ; 1.9986319564394604E11 ; 0.0
1200 ; 726139.5470948962 ; 2.0146017043478352E8 ; 7.394259691575491E8 ; 2.0006465842241745E11 ; 0.0
1201 ; 724673.8435457168 ; 2.0145754048267728E8 ; 7.401521087046441E8 ; 2.0026611859285223E11 ; 0.0
1202 ; 723489.9444503946 ; 2.0145488866632083E8 ; 7.408767825481898E8 ; 2.004675761333349E11 ; 0.0
1203 ; 722599.2200261329 ; 2.0145221503739986E8 ; 7.416002724926401E8 ; 2.0066903102200122E11 ; 0.0
1204 ; 722782.6864021493 ; 2.0144951964803648E8 ; 7.423228717126663E8 ; 2.0087048323703864E11 ; 0.0
1205 ; 721258.4790190496 ; 2.0144680255078846E8 ; 7.430456543990685E8 ; 2.0107193275668668E11 ; 0.0
1206 ; 720332.3087301838 ; 2.014440637986488E8 ; 7.437669128780875E8 ; 2.0127337955923746E11 ; 0.0
1207 ; 720014.6278561667 ; 2.0144130344504488E8 ; 7.444872451868176E8 ; 2.014748236230361E11 ; 0.0
1208 ; 719293.4472086364 ; 2.014385215438381E8 ; 7.452072598146738E8 ; 2.0167626492648114E11 ; 0.0
1209 ; 718518.3259302917 ; 2.0143571814932317E8 ; 7.459265532618824E8 ; 2.0187770344802496E11 ; 0.0
1210 ; 715701.6839005575 ; 2.0143289331622747E8 ; 7.466450715878127E8 ; 2.020791391661743E11 ; 0.0
1211 ; 713994.4451483988 ; 2.0143004709971052E8 ; 7.473607732717133E8 ; 2.022805720594905E11 ; 0.0
1212 ; 712650.4345534241 ; 2.0142717955536336E8 ; 7.480747677168616E8 ; 2.024820021065902E11 ; 0.0
1213 ; 712377.1834376574 ; 2.0142429073920798E8 ; 7.48787418151415E8 ; 2.0268342928614557E11 ; 0.0
1214 ; 709184.807958314 ; 2.0142138070769668E8 ; 7.494997953348527E8 ; 2.0288485357688477E11 ; 0.0
1215 ; 708482.7805009965 ; 2.014184495177116E8 ; 7.502089801428111E8 ; 2.0308627495759247E11 ; 0.0
1216 ; 707526.4296695697 ; 2.01415497226564E8 ; 7.509174629233121E8 ; 2.0328769340711017E11 ; 0.0
1217 ; 704435.9568739603 ; 2.0141252389199376E8 ; 7.516249893529817E8 ; 2.0348910890433673E11 ; 0.0
1218 ; 702561.165428697 ; 2.0140952957216886E8 ; 7.523294253098557E8 ; 2.0369052142822873E11 ; 0.0
1219 ; 701399.5812972055 ; 2.014065143256847E8 ; 7.530319864752843E8 ; 2.038919309578009E11 ; 0.0
1220 ; 699250.3363110636 ; 2.0140347821156362E8 ; 7.537333860565815E8 ; 2.040933374721266E11 ; 0.0
1221 ; 697416.9194915398 ; 2.0140042128925434E8 ; 7.544326363928926E8 ; 2.0429474095033817E11 ; 0.0
1222 ; 696587.7071179185 ; 2.0139734361863148E8 ; 7.551300533123841E8 ; 2.044961413716274E11 ; 0.0
1223 ; 694000.2041752749 ; 2.0139424525999483E8 ; 7.55826641019502E8 ; 2.0469753871524603E11 ; 0.0
1224 ; 692452.0138503159 ; 2.013911262740691E8 ; 7.565206412236773E8 ; 2.0489893296050604E11 ; 0.0
1225 ; 689917.6265066459 ; 2.013879867220031E8 ; 7.572130932375276E8 ; 2.0510032408678012E11 ; 0.0
1226 ; 687859.882221924 ; 2.0138482666536945E8 ; 7.579030108640343E8 ; 2.0530171207350214E11 ; 0.0
1227 ; 686386.9764021037 ; 2.0138164616616407E8 ; 7.585908707462562E8 ; 2.055030969001675E11 ; 0.0
1228 ; 684262.5791388415 ; 2.013784452868055E8 ; 7.592772577226583E8 ; 2.0570447854633368E11 ; 0.0
1229 ; 683385.0567978104 ; 2.0137522409013468E8 ; 7.599615203017972E8 ; 2.0590585699162048E11 ; 0.0
1230 ; 682054.2973917266 ; 2.013719826394142E8 ; 7.60644905358595E8 ; 2.0610723221571063E11 ; 0.0
1231 ; 679569.7872771878 ; 2.013687209983281E8 ; 7.613269596559868E8 ; 2.0630860419835004E11 ; 0.0
1232 ; 677155.7197235068 ; 2.013654392309813E8 ; 7.62006529443264E8 ; 2.0650997291934836E11 ; 0.0
1233 ; 675108.4160795945 ; 2.013621374018991E8 ; 7.626836851629875E8 ; 2.0671133835857935E11 ; 0.0
1234 ; 673382.1738295356 ; 2.0135881557602692E8 ; 7.633587935790671E8 ; 2.0691270049598123E11 ; 0.0
1235 ; 671672.473930202 ; 2.013554738187298E8 ; 7.640321757528967E8 ; 2.0711405931155725E11 ; 0.0
1236 ; 669416.2402260585 ; 2.0135211219579193E8 ; 7.647038482268269E8 ; 2.0731541478537598E11 ; 0.0
1237 ; 666808.1916380762 ; 2.0134873077341655E8 ; 7.653732644670529E8 ; 2.0751676689757178E11 ; 0.0
1238 ; 664304.5601699455 ; 2.0134532961822525E8 ; 7.66040072658691E8 ; 2.0771811562834518E11 ; 0.0
1239 ; 662731.8185590276 ; 2.0134190879725787E8 ; 7.66704377218861E8 ; 2.079194609579634E11 ; 0.0
1240 ; 659692.7401169593 ; 2.0133846837797204E8 ; 7.6736710903742E8 ; 2.0812080286676068E11 ; 0.0
1241 ; 658003.4506635561 ; 2.01335008428243E8 ; 7.68026801777537E8 ; 2.0832214133513864E11 ; 0.0
1242 ; 655542.517625194 ; 2.0133152901636323E8 ; 7.686848052282006E8 ; 2.085234763435669E11 ; 0.0
1243 ; 654284.6566120032 ; 2.0132803021104217E8 ; 7.693403477458258E8 ; 2.0872480787258325E11 ; 0.0
1244 ; 651548.02411185 ; 2.0132451208140603E8 ; 7.699946324024378E8 ; 2.0892613590279428E11 ; 0.0
1245 ; 649652.1543543469 ; 2.013209746969976E8 ; 7.706461804265497E8 ; 2.091274604148757E11 ; 0.0
1246 ; 647687.6149567282 ; 2.01317418127776E8 ; 7.71295832580904E8 ; 2.093287813895727E11 ; 0.0
1247 ; 645645.6539092236 ; 2.013138424441165E8 ; 7.719435201958607E8 ; 2.0953009880770047E11 ; 0.0
1248 ; 643444.5020617024 ; 2.013102477168104E8 ; 7.7258916584977E8 ; 2.097314126501446E11 ; 0.0
1249 ; 640459.7892793717 ; 2.01306634017065E8 ; 7.732326103518317E8 ; 2.099327228978614E11 ; 0.0
1250 ; 637207.1828144151 ; 2.0130300141650328E8 ; 7.73873070141111E8 ; 2.1013402953187845E11 ; 0.0
1251 ; 635889.640544322 ; 2.0129934998716414E8 ; 7.745102773239254E8 ; 2.1033533253329495E11 ; 0.0
1252 ; 633941.3599433652 ; 2.012956798015021E8 ; 7.751461669644697E8 ; 2.105366318832821E11 ; 0.0
1253 ; 630785.7812735739 ; 2.0129199093238756E8 ; 7.757801083244131E8 ; 2.1073792756308362E11 ; 0.0
1254 ; 628045.0499859687 ; 2.0128828345310658E8 ; 7.764108941056867E8 ; 2.10939219554016E11 ; 0.0
1255 ; 626010.8134207313 ; 2.0128455743736115E8 ; 7.770389391556727E8 ; 2.111405078374691E11 ; 0.0
1256 ; 623991.0593425453 ; 2.0128081295926926E8 ; 7.776649499690934E8 ; 2.1134179239490643E11 ; 0.0
1257 ; 621773.5172950054 ; 2.0127705009336492E8 ; 7.78288941028436E8 ; 2.115430732078657E11 ; 0.0
1258 ; 619191.2733913274 ; 2.0127326891459855E8 ; 7.78910714545731E8 ; 2.1174435025795905E11 ; 0.0
1259 ; 617561.5688060549 ; 2.0126946949833706E8 ; 7.795299058191223E8 ; 2.1194562352687366E11 ; 0.0
1260 ; 505320.3509971748 ; 2.012656519203642E8 ; 7.801474673879284E8 ; 2.12146892996372E11 ; 0.0
1261 ; 502884.3029803239 ; 2.0126181625688085E8 ; 7.806527877389256E8 ; 2.1234815864829236E11 ; 0.0
1262 ; 499337.8479050716 ; 2.0125796258450535E8 ; 7.811556720419059E8 ; 2.1254942046454922E11 ; 0.0
1263 ; 497606.67927162757 ; 2.0125409098027402E8 ; 7.816550098898109E8 ; 2.1275067842713373E11 ; 0.0
1264 ; 494629.3800266216 ; 2.0125020152164155E8 ; 7.821526165690825E8 ; 2.12951932518114E11 ; 0.0
1265 ; 491951.8262717046 ; 2.0124629428648147E8 ; 7.826472459491091E8 ; 2.1315318271963565E11 ; 0.0
1266 ; 490168.5841457235 ; 2.0124236935308686E8 ; 7.831391977753807E8 ; 2.1335442901392212E11 ; 0.0
1267 ; 488220.9020548162 ; 2.012384268001709E8 ; 7.836293663595264E8 ; 2.135556713832752E11 ; 0.0
1268 ; 485477.0898504775 ; 2.0123446670686755E8 ; 7.841175872615812E8 ; 2.1375690981007538E11 ; 0.0
1269 ; 481603.9618830857 ; 2.012304891527323E8 ; 7.846030643514316E8 ; 2.1395814427678226E11 ; 0.0
1270 ; 479857.19718288037 ; 2.012264942177432E8 ; 7.850846683133147E8 ; 2.14159374765935E11 ; 0.0
1271 ; 475339.5716012065 ; 2.0122248198230132E8 ; 7.855645255104976E8 ; 2.1436060126015274E11 ; 0.0
1272 ; 473343.90550169925 ; 2.012184525272322E8 ; 7.860398650820987E8 ; 2.1456182374213504E11 ; 0.0
1273 ; 472270.30720868375 ; 2.0121440593378657E8 ; 7.865132089876004E8 ; 2.1476304219466226E11 ; 0.0
1274 ; 468648.5872854851 ; 2.0121034228364155E8 ; 7.869854792948091E8 ; 2.1496425660059604E11 ; 0.0
1275 ; 465619.88054985186 ; 2.0120626165890187E8 ; 7.874541278820946E8 ; 2.1516546694287967E11 ; 0.0
1276 ; 463071.6490877817 ; 2.0120216414210117E8 ; 7.879197477626445E8 ; 2.1536667320453857E11 ; 0.0
1277 ; 460281.8835961666 ; 2.0119804981620333E8 ; 7.883828194117323E8 ; 2.1556787536868066E11 ; 0.0
1278 ; 457940.99881004554 ; 2.0119391876460385E8 ; 7.888431012953285E8 ; 2.1576907341849686E11 ; 0.0
1279 ; 455192.05548191996 ; 2.0118977107113168E8 ; 7.893010422941386E8 ; 2.1597026733726147E11 ; 0.0
1280 ; 452217.1080640242 ; 1.6828650081806573E8 ; 7.897562343496205E8 ; 2.161714571083326E11 ; 0.0
1281 ; 449954.12248907465 ; 1.5234143287720492E8 ; 7.902084514576845E8 ; 2.1633974360915067E11 ; 0.0
1282 ; 446277.3829061302 ; 1.5198996726171604E8 ; 7.906584055801736E8 ; 2.1649208504202786E11 ; 0.0
1283 ; 442693.1077664684 ; 1.516392831437745E8 ; 7.911046829630797E8 ; 2.1664407500928958E11 ; 0.0
1284 ; 440809.5146988414 ; 1.5128937877657178E8 ; 7.915473760708462E8 ; 2.1679571429243335E11 ; 0.0
1285 ; 437488.250142872 ; 1.5094025241795474E8 ; 7.919881855855451E8 ; 2.1694700367120993E11 ; 0.0
1286 ; 433986.5619141355 ; 1.505919023304187E8 ; 7.924256738356879E8 ; 2.170979439236279E11 ; 0.0
1287 ; 431426.81702615897 ; 1.502443267811E8 ; 7.92859660397602E8 ; 2.172485358259583E11 ; 0.0
1288 ; 429419.02268596116 ; 1.4989752404176897E8 ; 7.932910872146281E8 ; 2.173987801527394E11 ; 0.0
1289 ; 424947.64015226543 ; 1.495514923888233E8 ; 7.937205062373141E8 ; 2.175486776767812E11 ; 0.0
1290 ; 422783.5651269747 ; 1.4920623010328138E8 ; 7.941454538774663E8 ; 2.1769822916917E11 ; 0.0
1291 ; 419566.7068591242 ; 1.4886173547077557E8 ; 7.945682374425933E8 ; 2.178474353992733E11 ; 0.0
1292 ; 418296.8542977913 ; 1.4851800678154635E8 ; 7.949878041494524E8 ; 2.1799629713474405E11 ; 0.0
1293 ; 414261.26224296074 ; 1.481750423304358E8 ; 7.954061010037502E8 ; 2.181448151415256E11 ; 0.0
1294 ; 411716.51400348806 ; 1.4783284041688213E8 ; 7.958203622659931E8 ; 2.1829299018385605E11 ; 0.0
1295 ; 407186.43405625015 ; 1.474913993449137E8 ; 7.962320787799966E8 ; 2.1844082302427292E11 ; 0.0
1296 ; 404025.9437079591 ; 1.4715071742314386E8 ; 7.966392652140529E8 ; 2.1858831442361783E11 ; 0.0
1297 ; 401708.90892706905 ; 1.468107929647655E8 ; 7.970432911577609E8 ; 2.18735465141041E11 ; 0.0
1298 ; 398490.35539873375 ; 1.4647162428754643E8 ; 7.97445000066688E8 ; 2.1888227593400574E11 ; 0.0
1299 ; 394000.8746128017 ; 1.4613320971382424E8 ; 7.978434904220867E8 ; 2.1902874755829327E11 ; 0.0
1300 ; 392189.6797440364 ; 1.4579554757050222E8 ; 7.982374912966995E8 ; 2.191748807680071E11 ; 0.0
1301 ; 388461.547989354 ; 1.454586361890451E8 ; 7.986296809764435E8 ; 2.193206763155776E11 ; 0.0
1302 ; 386121.60213824955 ; 1.45122473905475E8 ; 7.990181425244329E8 ; 2.1946613495176666E11 ; 0.0
1303 ; 382277.30497996946 ; 1.4478705906036815E8 ; 7.994042641265712E8 ; 2.1961125742567215E11 ; 0.0
1304 ; 380382.3970018371 ; 1.4445238999885142E8 ; 7.997865414315511E8 ; 2.197560444847325E11 ; 0.0
1305 ; 375518.85032153147 ; 1.4411846507059938E8 ; 8.00166923828553E8 ; 2.1990049687473135E11 ; 0.0
1306 ; 371410.15856670047 ; 1.4378528262983176E8 ; 8.005424426788745E8 ; 2.2004461533980194E11 ; 0.0
1307 ; 368793.07889725536 ; 1.434528410353113E8 ; 8.009138528374412E8 ; 2.2018840062243176E11 ; 0.0
1308 ; 365342.5339840284 ; 1.4312113865034166E8 ; 8.012826459163384E8 ; 2.2033185346346707E11 ; 0.0
1309 ; 361292.73207484523 ; 1.4279017384276608E8 ; 8.016479884503225E8 ; 2.204749746021174E11 ; 0.0
1310 ; 358826.0107642379 ; 1.424599449849664E8 ; 8.020092811823974E8 ; 2.2061776477596017E11 ; 0.0
1311 ; 356219.03698702273 ; 1.421304504538622E8 ; 8.023681071931616E8 ; 2.2076022472094513E11 ; 0.0
1312 ; 353099.3474150611 ; 1.4180168863091078E8 ; 8.027243262301487E8 ; 2.20902355171399E11 ; 0.0
1313 ; 347819.2364661555 ; 1.4147365790210727E8 ; 8.030774255775638E8 ; 2.210441568600299E11 ; 0.0
1314 ; 344538.81265030435 ; 1.411463566579857E8 ; 8.034252448140299E8 ; 2.21185630517932E11 ; 0.0
1315 ; 343120.4887221778 ; 1.408197832936199E8 ; 8.037697836266803E8 ; 2.2132677687459E11 ; 0.0
1316 ; 337602.61804064695 ; 1.4049393620862564E8 ; 8.041129041154025E8 ; 2.214675966578836E11 ; 0.0
1317 ; 335427.4684545204 ; 1.4016881380716276E8 ; 8.044505067334431E8 ; 2.2160809059409222E11 ; 0.0
1318 ; 331147.1395862437 ; 1.3984441449793848E8 ; 8.047859342018976E8 ; 2.2174825940789938E11 ; 0.0
1319 ; 328656.5513639432 ; 1.3952073669421074E8 ; 8.051170813414838E8 ; 2.218881038223973E11 ; 0.0
1320 ; 326655.2893282942 ; 1.3919777881379253E8 ; 8.054457378928478E8 ; 2.2202762455909152E11 ; 0.0
1321 ; 321601.68440336094 ; 1.388755392790571E8 ; 8.057723931821761E8 ; 2.221668223379053E11 ; 0.0
1322 ; 317234.4839458817 ; 1.3855401651694325E8 ; 8.060939948665795E8 ; 2.2230569787718436E11 ; 0.0
1323 ; 314539.8342346268 ; 1.3823320895896217E8 ; 8.064112293505254E8 ; 2.224442518937013E11 ; 0.0
1324 ; 310035.01588140253 ; 1.379131150412045E8 ; 8.0672576918476E8 ; 2.2258248510266025E11 ; 0.0
1325 ; 306921.42965162155 ; 1.375937332043486E8 ; 8.070358042006414E8 ; 2.2272039821770145E11 ; 0.0
1326 ; 303064.20052349666 ; 1.372750618936695E8 ; 8.07342725630293E8 ; 2.228579919509058E11 ; 0.0
1327 ; 300364.8493864255 ; 1.369570995590487E8 ; 8.076457898308165E8 ; 2.2299526701279947E11 ; 0.0
1328 ; 296419.83659861074 ; 1.366398446549855E8 ; 8.07946154680203E8 ; 2.2313222411235852E11 ; 0.0
1329 ; 292071.9270308421 ; 1.3632329564060873E8 ; 8.082425745168016E8 ; 2.2326886395701352E11 ; 0.0
1330 ; 290588.14376638364 ; 1.3600745097969E8 ; 8.085346464438324E8 ; 2.234051872526541E11 ; 0.0
1331 ; 286960.76993659517 ; 1.356923091406579E8 ; 8.088252345875988E8 ; 2.235411947036338E11 ; 0.0
1332 ; 282041.44425713783 ; 1.3537786859661362E8 ; 8.091121953575354E8 ; 2.2367688701277444E11 ; 0.0
1333 ; 281604.96101318847 ; 1.3506412782534778E8 ; 8.093942368017925E8 ; 2.2381226488137106E11 ; 0.0
1334 ; 279867.1309913798 ; 1.3475108530935857E8 ; 8.096758417628057E8 ; 2.239473290091964E11 ; 0.0
1335 ; 275721.80537481897 ; 1.3443873953587154E8 ; 8.09955708893797E8 ; 2.2408208009450577E11 ; 0.0
1336 ; 274277.06740129896 ; 1.3412708899686086E8 ; 8.102314306991719E8 ; 2.2421651883404163E11 ; 0.0
1337 ; 273287.06179188774 ; 1.3381613218907204E8 ; 8.105057077665732E8 ; 2.2435064592303848E11 ; 0.0
1338 ; 271435.076789709 ; 1.3350586761404666E8 ; 8.107789948283651E8 ; 2.2448446205522757E11 ; 0.0
1339 ; 268761.79520296864 ; 1.3319629377814883E8 ; 8.110504299051548E8 ; 2.246179679228416E11 ; 0.0
1340 ; 266793.45900569647 ; 1.3288740919259359E8 ; 8.113191917003578E8 ; 2.2475116421661975E11 ; 0.0
1341 ; 266028.78094905225 ; 1.325792123734773E8 ; 8.115859851593635E8 ; 2.2488405162581235E11 ; 0.0
1342 ; 262325.3559814163 ; 1.3227170184181045E8 ; 8.118520139403125E8 ; 2.2501663083818582E11 ; 0.0
1343 ; 260120.6118908276 ; 1.3196487612355268E8 ; 8.12114339296294E8 ; 2.2514890254002762E11 ; 0.0
1344 ; 258451.4342029023 ; 1.3165873374965014E8 ; 8.123744599081848E8 ; 2.2528086741615118E11 ; 0.0
1345 ; 258620.35876290887 ; 1.3135327325607574E8 ; 8.126329113423877E8 ; 2.2541252614990085E11 ; 0.0
1346 ; 256350.21700177898 ; 1.310484931838722E8 ; 8.128915317011505E8 ; 2.2554387942315692E11 ; 0.0
1347 ; 256011.2924221638 ; 1.3074439207919781E8 ; 8.131478819181523E8 ; 2.256749279163408E11 ; 0.0
1348 ; 254736.09187290305 ; 1.3044096849337563E8 ; 8.134038932105745E8 ; 2.2580567230841998E11 ; 0.0
1349 ; 253665.35430197764 ; 1.3013822098294605E8 ; 8.136586293024474E8 ; 2.2593611327691336E11 ; 0.0
1350 ; 252054.67078141365 ; 1.29836148109723E8 ; 8.139122946567494E8 ; 2.260662514978963E11 ; 0.0
1351 ; 251363.2348909569 ; 1.2953474844085376E8 ; 8.141643493275307E8 ; 2.26196087646006E11 ; 0.0
1352 ; 249327.1894955809 ; 1.2923402054888333E8 ; 8.144157125624217E8 ; 2.2632562239444687E11 ; 0.0
1353 ; 248687.1082138091 ; 1.2893396301182273E8 ; 8.146650397519172E8 ; 2.2645485641499576E11 ; 0.0
1354 ; 247886.19278595425 ; 1.2863457441322255E8 ; 8.14913726860131E8 ; 2.2658379037800757E11 ; 0.0
1355 ; 247033.80649723264 ; 1.2833585334225087E8 ; 8.15161613052917E8 ; 2.2671242495242078E11 ; 0.0
1356 ; 245280.51314872186 ; 1.280377983937772E8 ; 8.154086468594142E8 ; 2.2684076080576303E11 ; 0.0
1357 ; 244448.81156441485 ; 1.2774040816846184E8 ; 8.156539273725629E8 ; 2.269687986041568E11 ; 0.0
1358 ; 243811.46767758718 ; 1.2744368127285144E8 ; 8.158983761841273E8 ; 2.2709653901232526E11 ; 0.0
1359 ; 242337.48193338883 ; 1.2714761631948136E8 ; 8.161421876518049E8 ; 2.272239826935981E11 ; 0.0
1360 ; 241301.6143744641 ; 1.2685221192698488E8 ; 8.163845251337383E8 ; 2.273511303099176E11 ; 0.0
1361 ; 240618.81336440702 ; 1.2655746672021039E8 ; 8.166258267481128E8 ; 2.2747798252184457E11 ; 0.0
1362 ; 239795.39909447698 ; 1.2626337933034638E8 ; 8.168664455614772E8 ; 2.276045399885648E11 ; 0.0
1363 ; 239093.71972363367 ; 1.2596994839505565E8 ; 8.171062409605716E8 ; 2.2773080336789514E11 ; 0.0
1364 ; 237106.80470290172 ; 1.2567717255861871E8 ; 8.173453346802952E8 ; 2.278567733162902E11 ; 0.0
1365 ; 236275.4137421939 ; 1.2538505047208762E8 ; 8.175824414849981E8 ; 2.2798245048884882E11 ; 0.0
1366 ; 235002.49570243253 ; 1.250935807934506E8 ; 8.178187168987403E8 ; 2.281078355393209E11 ; 0.0
1367 ; 231995.8378093962 ; 1.2480276218780869E8 ; 8.180537193944427E8 ; 2.2823292912011435E11 ; 0.0
1368 ; 232737.14732125506 ; 1.2451259332756537E8 ; 8.182857152322521E8 ; 2.2835773188230215E11 ; 0.0
1369 ; 230921.56743603043 ; 1.2422307289262964E8 ; 8.185184523795733E8 ; 2.2848224447562973E11 ; 0.0
1370 ; 230838.7703450156 ; 1.2393419957063422E8 ; 8.187493739470093E8 ; 2.2860646754852237E11 ; 0.0
1371 ; 230162.4762785739 ; 1.2364597205717018E8 ; 8.189802127173543E8 ; 2.2873040174809302E11 ; 0.0
1372 ; 227119.20986677488 ; 1.2335838905603877E8 ; 8.192103751936328E8 ; 2.2885404772015018E11 ; 0.0
1373 ; 227444.74286300142 ; 1.2307144927952223E8 ; 8.194374944034996E8 ; 2.289774061092062E11 ; 0.0
1374 ; 227703.40021219652 ; 1.2278515144867548E8 ; 8.196649391463627E8 ; 2.2910047755848572E11 ; 0.0
1375 ; 224811.3479669218 ; 1.224994942936399E8 ; 8.198926425465748E8 ; 2.292232627099344E11 ; 0.0
1376 ; 224456.44821364176 ; 1.2221447655398135E8 ; 8.201174538945417E8 ; 2.2934576220422803E11 ; 0.0
1377 ; 222742.57518033928 ; 1.2193009697905475E8 ; 8.203419103427554E8 ; 2.29467976680782E11 ; 0.0
1378 ; 222313.66306820174 ; 1.216463543283973E8 ; 8.205646529179357E8 ; 2.2958990677776108E11 ; 0.0
1379 ; 220532.25254753503 ; 1.2136324737215297E8 ; 8.207869665810039E8 ; 2.2971155313208948E11 ; 0.0
1380 ; 220370.2594830703 ; 1.21080774891531E8 ; 8.210074988335514E8 ; 2.2983291637946164E11 ; 0.0
1381 ; 219408.88930988754 ; 1.2079893567930175E8 ; 8.212278690930345E8 ; 2.2995399715435318E11 ; 0.0
1382 ; 216290.36052529525 ; 1.2051772854033317E8 ; 8.214472779823444E8 ; 2.3007479609003247E11 ; 0.0
1383 ; 216937.33483037658 ; 1.2023715229217172E8 ; 8.216635683428696E8 ; 2.301953138185728E11 ; 0.0
1384 ; 216211.4607775506 ; 1.1995720576567182E8 ; 8.218805056777E8 ; 2.30315550970865E11 ; 0.0
1385 ; 214791.17339370874 ; 1.196778878056788E8 ; 8.220967171384776E8 ; 2.3043550817663068E11 ; 0.0
1386 ; 211344.39905717561 ; 1.193991972717702E8 ; 8.223115083118713E8 ; 2.3055518606443634E11 ; 0.0
1387 ; 211903.49038515138 ; 1.1912113303906122E8 ; 8.225228527109284E8 ; 2.306745852617081E11 ; 0.0
1388 ; 210208.8608816556 ; 1.188436939990809E8 ; 8.227347562013136E8 ; 2.3079370639474716E11 ; 0.0
1389 ; 210118.1426160204 ; 1.1856687906072567E8 ; 8.229449650621953E8 ; 2.3091255008874625E11 ; 0.0
1390 ; 209122.9863993095 ; 1.1829068715129869E8 ; 8.231550832048113E8 ; 2.3103111696780698E11 ; 0.0
1391 ; 207011.50304744433 ; 1.1801511721764326E8 ; 8.233642061912106E8 ; 2.3114940765495828E11 ; 0.0
1392 ; 205993.0612554582 ; 1.1774016822738042E8 ; 8.235712176942581E8 ; 2.3126742277217593E11 ; 0.0
1393 ; 205670.67211607617 ; 1.174658391702617E8 ; 8.237772107555135E8 ; 2.3138516294040332E11 ; 0.0
1394 ; 205606.56688207254 ; 1.1719212905964895E8 ; 8.239828814276296E8 ; 2.3150262877957358E11 ; 0.0
1395 ; 203238.5948088844 ; 1.1691903693413542E8 ; 8.241884879945116E8 ; 2.3161982090863324E11 ; 0.0
1396 ; 202226.05035807306 ; 1.1664656185932331E8 ; 8.243917265893205E8 ; 2.3173673994556738E11 ; 0.0
1397 ; 201803.96559982386 ; 1.1637470292977469E8 ; 8.245939526396786E8 ; 2.318533865074267E11 ; 0.0
1398 ; 200188.30358255355 ; 1.1610345927115601E8 ; 8.247957566052784E8 ; 2.3196976121035648E11 ; 0.0
1399 ; 198883.68038913584 ; 1.158328300425972E8 ; 8.249959449088609E8 ; 2.3208586466962762E11 ; 0.0
1400 ; 198794.02277251118 ; 1.1556281443929067E8 ; 8.251948285892501E8 ; 2.3220169749967023E11 ; 0.0
1401 ; 197352.57762386886 ; 1.1529341169535726E8 ; 8.253936226120226E8 ; 2.3231726031410953E11 ; 0.0
1402 ; 196709.84128100163 ; 1.1502462108701119E8 ; 8.255909751896465E8 ; 2.3243255372580487E11 ; 0.0
1403 ; 194957.63270517383 ; 1.1475644193605885E8 ; 8.257876850309275E8 ; 2.3254757834689188E11 ; 0.0
1404 ; 195288.33758215155 ; 1.1448887361377154E8 ; 8.259826426636328E8 ; 2.3266233478882794E11 ; 0.0
1405 ; 193019.6667024375 ; 1.1422191554517774E8 ; 8.261779310012149E8 ; 2.327768236624417E11 ; 0.0
1406 ; 192227.2536927636 ; 1.139555672138258E8 ; 8.263709506679173E8 ; 2.3289104557798688E11 ; 0.0
1407 ; 190601.29459509742 ; 1.1368982816707557E8 ; 8.2656317792161E8 ; 2.330050011452007E11 ; 0.0
1408 ; 188535.81342189963 ; 1.1342469802198462E8 ; 8.267537792162051E8 ; 2.331186909733678E11 ; 0.0
1409 ; 187759.2657644926 ; 1.1316017647186431E8 ; 8.26942315029627E8 ; 2.3323211567138977E11 ; 0.0
1410 ; 187492.38228809595 ; 1.1289626329359023E8 ; 8.271300742953914E8 ; 2.3334527584786163E11 ; 0.0
1411 ; 186907.29266516137 ; 1.1263295835576403E8 ; 8.273175666776795E8 ; 2.334581721111552E11 ; 0.0
1412 ; 184305.75286272154 ; 1.1237026162783547E8 ; 8.275044739703447E8 ; 2.33570805069511E11 ; 0.0
1413 ; 184019.71691681226 ; 1.1210817319030961E8 ; 8.276887797232074E8 ; 2.3368317533113882E11 ; 0.0
1414 ; 182868.92667414967 ; 1.1184669324617958E8 ; 8.278727994401242E8 ; 2.3379528350432913E11 ; 0.0
1415 ; 181483.69518705626 ; 1.115858221337441E8 ; 8.280556683667983E8 ; 2.3390713019757532E11 ; 0.0
1416 ; 180647.2418113187 ; 1.1132556034099023E8 ; 8.282371520619854E8 ; 2.3401871601970908E11 ; 0.0
1417 ; 180639.91697284454 ; 1.1106590852174388E8 ; 8.284177993037966E8 ; 2.3413004158005008E11 ; 0.0
1418 ; 179215.17448071064 ; 1.1080686751381594E8 ; 8.285984392207695E8 ; 2.3424110748857184E11 ; 0.0
1419 ; 178103.31084574427 ; 1.1054843835939808E8 ; 8.287776543952502E8 ; 2.3435191435608566E11 ; 0.0
1420 ; 175757.21595479097 ; 1.1029062232799128E8 ; 8.289557577060959E8 ; 2.3446246279444507E11 ; 0.0
1421 ; 175947.77789769918 ; 1.1003342094217727E8 ; 8.291315149220507E8 ; 2.3457275341677307E11 ; 0.0
1422 ; 174747.69220973027 ; 1.0977683600657158E8 ; 8.293074626999484E8 ; 2.3468278683771524E11 ; 0.0
1423 ; 173433.6230785011 ; 1.0952086964032084E8 ; 8.294822103921582E8 ; 2.347925636737218E11 ; 0.0
1424 ; 172823.57796172335 ; 1.0926552431352481E8 ; 8.296556440152366E8 ; 2.3490208454336212E11 ; 0.0
1425 ; 171584.90386181668 ; 1.0901080288796975E8 ; 8.298284675931983E8 ; 2.3501135006767566E11 ; 0.0
1426 ; 169731.33220414922 ; 1.0875670866254841E8 ; 8.300000524970601E8 ; 2.3512036087056363E11 ; 0.0
1427 ; 169402.27086161633 ; 1.0850324542370228E8 ; 8.301697838292642E8 ; 2.3522911757922617E11 ; 0.0
1428 ; 167431.06217458937 ; 1.082504175011397E8 ; 8.303391861001258E8 ; 2.3533762082464987E11 ; 0.0
1429 ; 168015.7114999827 ; 1.0799822982894425E8 ; 8.305066171623003E8 ; 2.35445871242151E11 ; 0.0
1430 ; 165965.13811880836 ; 1.0774668801196349E8 ; 8.306746328738003E8 ; 2.3555386947197995E11 ; 0.0
1431 ; 164934.3729952891 ; 1.074957983970305E8 ; 8.308405980119191E8 ; 2.356616161599919E11 ; 0.0
1432 ; 164582.5282710424 ; 1.0724556814808138E8 ; 8.310055323849144E8 ; 2.3576911195838895E11 ; 0.0
1433 ; 162502.39164662024 ; 1.0699600532354298E8 ; 8.311701149131855E8 ; 2.3587635752653702E11 ; 0.0
1434 ; 160546.67887379084 ; 1.0674711895342973E8 ; 8.313326173048321E8 ; 2.3598335353186057E11 ; 0.0
1435 ; 159709.2786949154 ; 1.0649891911235145E8 ; 8.314931639837059E8 ; 2.36090100650814E11 ; 0.0
1436 ; 159738.2704214973 ; 1.0625141698306005E8 ; 8.316528732624007E8 ; 2.3619659956992636E11 ; 0.0
1437 ; 159071.2536928671 ; 1.060046249032396E8 ; 8.318126115328223E8 ; 2.3630285098690942E11 ; 0.0
1438 ; 157567.35986392043 ; 1.0575855638602223E8 ; 8.319716827865151E8 ; 2.3640885561181265E11 ; 0.0
1439 ; 155658.76986381132 ; 1.0551322610234138E8 ; 8.32129250146379E8 ; 2.3651461416819867E11 ; 0.0
