CSV File for the City 2 on Day 1
1 - Minute m 
2 - Power Consumed at minute m 
3 - Power Produced at minute m 
4 - Energy Consumed since the beginning of the day 
5 - Energy Produced since the beginning of the day 
6 - Energy Lost since the beginning of the day on lines starting from the city
 
0 ; 8561447.193219803 ; 1.0452895861871243E8 ; 0.0 ; 0.0 ; 0.0
1 ; 8561447.193219803 ; 1.0467992792155817E8 ; 8561447.193219803 ; 1.0452895861871243E8 ; 86.76
2 ; 8561447.193219803 ; 1.0513986923564625E8 ; 1.7122894386439607E7 ; 2.092088865402706E8 ; 173.52
3 ; 8561447.193219803 ; 1.0590878977426544E8 ; 2.568434157965941E7 ; 3.143487557759168E8 ; 260.28000000000003
4 ; 8561447.193219803 ; 1.0698669611573014E8 ; 3.424578877287921E7 ; 4.202575455501822E8 ; 347.04
5 ; 8561447.193219803 ; 1.0837359413051936E8 ; 4.280723596609902E7 ; 5.272442416659124E8 ; 433.8
6 ; 8561447.193219803 ; 1.1006948891353983E8 ; 5.136868315931882E7 ; 6.356178357964318E8 ; 520.5600000000001
7 ; 8561447.193219803 ; 1.1207438472324166E8 ; 5.993013035253862E7 ; 7.456873247099717E8 ; 607.32
8 ; 8561447.193219803 ; 1.1438828492922059E8 ; 6.849157754575843E7 ; 8.577617094332134E8 ; 694.08
9 ; 8561447.193219803 ; 1.170111919697778E8 ; 7.705302473897824E7 ; 9.721499943624339E8 ; 780.84
10 ; 8561447.193219803 ; 1.1994310732066587E8 ; 8.561447193219805E7 ; 1.0891611863322117E9 ; 867.6
11 ; 8561447.193219803 ; 1.2318403147595066E8 ; 9.417591912541786E7 ; 1.2091042936528776E9 ; 954.36
12 ; 8561447.193219803 ; 1.2673396394156629E8 ; 1.0273736631863767E8 ; 1.3322883251288283E9 ; 1041.1200000000001
13 ; 8561447.193219803 ; 1.3059290324176016E8 ; 1.1129881351185748E8 ; 1.4590222890703945E9 ; 1127.88
14 ; 8561447.193219803 ; 1.3476084693823123E8 ; 1.1986026070507729E8 ; 1.5896151923121548E9 ; 1214.64
15 ; 8561447.193219803 ; 1.3923779166138357E8 ; 1.284217078982971E8 ; 1.724376039250386E9 ; 1301.4
16 ; 8561447.193219803 ; 1.440237331527672E8 ; 1.369831550915169E8 ; 1.8636138309117696E9 ; 1388.16
17 ; 8561447.193219803 ; 1.4911866631747535E8 ; 1.4554460228473672E8 ; 2.0076375640645368E9 ; 1474.92
18 ; 8561447.193219803 ; 1.54522585285029E8 ; 1.5410604947795653E8 ; 2.1567562303820124E9 ; 1561.68
19 ; 8561447.193219803 ; 1.6023548347711375E8 ; 1.6266749667117634E8 ; 2.3112788156670413E9 ; 1648.44
20 ; 8561447.193219803 ; 1.662573536804408E8 ; 1.7122894386439615E8 ; 2.471514299144155E9 ; 1735.2
21 ; 8561447.193219803 ; 1.7258818812298712E8 ; 1.7979039105761597E8 ; 2.637771652824596E9 ; 1821.96
22 ; 8561447.193219803 ; 1.792279785519203E8 ; 1.8835183825083578E8 ; 2.810359840947583E9 ; 1908.72
23 ; 8561447.193219803 ; 1.86176716311621E8 ; 1.969132854440556E8 ; 2.9895878194995036E9 ; 1995.48
24 ; 8561447.193219803 ; 1.9343439242037088E8 ; 2.054747326372754E8 ; 3.175764535811125E9 ; 2082.2400000000002
25 ; 8561447.193219803 ; 1.996890385426459E8 ; 2.140361798304952E8 ; 3.369198928231496E9 ; 2169.0000000000005
26 ; 8561447.193219803 ; 1.9969419309650537E8 ; 2.2259762702371502E8 ; 3.568887966774142E9 ; 2255.7600000000007
27 ; 8561447.193219803 ; 1.996996158445518E8 ; 2.3115907421693483E8 ; 3.768582159870647E9 ; 2342.520000000001
28 ; 8561447.193219803 ; 1.9970529720171332E8 ; 2.3972052141015464E8 ; 3.9682817757151985E9 ; 2429.280000000001
29 ; 8561447.193219803 ; 1.9971122758404398E8 ; 2.4828196860337445E8 ; 4.167987072916912E9 ; 2516.0400000000013
30 ; 8561447.193219803 ; 1.9971739745859903E8 ; 2.5684341579659426E8 ; 4.367698300500956E9 ; 2602.8000000000015
31 ; 8561447.193219803 ; 1.9972379738756505E8 ; 2.6540486298981407E8 ; 4.567415697959555E9 ; 2689.5600000000018
32 ; 8561447.193219803 ; 1.9973041806671628E8 ; 2.739663101830339E8 ; 4.767139495347119E9 ; 2776.320000000002
33 ; 8561447.193219803 ; 1.9973725035837963E8 ; 2.8252775737625366E8 ; 4.966869913413836E9 ; 2863.080000000002
34 ; 8561447.193219803 ; 1.9974428531917584E8 ; 2.9108920456947345E8 ; 5.166607163772215E9 ; 2949.8400000000024
35 ; 8561447.193219803 ; 1.9975151422286955E8 ; 2.996506517626932E8 ; 5.366351449091391E9 ; 3036.6000000000026
36 ; 8561447.193219803 ; 1.9975892857870215E8 ; 3.08212098955913E8 ; 5.5661029633142605E9 ; 3123.360000000003
37 ; 8561447.193219803 ; 1.9976652014560795E8 ; 3.167735461491328E8 ; 5.765861891892962E9 ; 3210.120000000003
38 ; 8561447.193219803 ; 1.9977428094272316E8 ; 3.2533499334235257E8 ; 5.96562841203857E9 ; 3296.8800000000033
39 ; 8561447.193219803 ; 1.9978220325659633E8 ; 3.3389644053557235E8 ; 6.165402692981294E9 ; 3383.6400000000035
40 ; 8561447.193219803 ; 1.997902796454968E8 ; 3.4245788772879213E8 ; 6.36518489623789E9 ; 3470.4000000000037
41 ; 8561447.193219803 ; 1.9979850294119963E8 ; 3.510193349220119E8 ; 6.564975175883387E9 ; 3557.160000000004
42 ; 8561447.193219803 ; 1.99806866248602E8 ; 3.595807821152317E8 ; 6.764773678824586E9 ; 3643.920000000004
43 ; 8561447.193219803 ; 1.998153629434993E8 ; 3.681422293084515E8 ; 6.964580545073188E9 ; 3730.6800000000044
44 ; 8561447.193219803 ; 1.9982398666882056E8 ; 3.7670367650167125E8 ; 7.164395908016687E9 ; 3817.4400000000046
45 ; 8561447.193219803 ; 1.998327313295948E8 ; 3.8526512369489104E8 ; 7.364219894685508E9 ; 3904.200000000005
46 ; 8561447.193219803 ; 1.9984159108688924E8 ; 3.938265708881108E8 ; 7.564052626015102E9 ; 3990.960000000005
47 ; 8561447.193219803 ; 1.998505603509349E8 ; 4.023880180813306E8 ; 7.763894217101992E9 ; 4077.7200000000053
48 ; 8561447.193219803 ; 1.998596337736269E8 ; 4.109494652745504E8 ; 7.963744777452927E9 ; 4164.480000000005
49 ; 8561447.193219803 ; 1.9986880624056315E8 ; 4.1951091246777016E8 ; 8.163604411226554E9 ; 4251.240000000005
50 ; 8561447.193219803 ; 1.9987807286276284E8 ; 4.2807235966098994E8 ; 8.363473217467117E9 ; 4338.0000000000055
51 ; 8561447.193219803 ; 1.998874289681841E8 ; 4.366338068542097E8 ; 8.56335129032988E9 ; 4424.760000000006
52 ; 8561447.193219803 ; 1.9989687009314406E8 ; 4.451952540474295E8 ; 8.763238719298063E9 ; 4511.520000000006
53 ; 8561447.193219803 ; 1.9990639197372544E8 ; 4.537567012406493E8 ; 8.963135589391207E9 ; 4598.280000000006
54 ; 8561447.193219803 ; 1.9991599053724113E8 ; 4.6231814843386906E8 ; 9.163041981364933E9 ; 4685.040000000006
55 ; 8561447.193219803 ; 1.9992566189381444E8 ; 4.7087959562708884E8 ; 9.362957971902174E9 ; 4771.800000000007
56 ; 8561447.193219803 ; 1.9993540232812163E8 ; 4.794410428203086E8 ; 9.562883633795988E9 ; 4858.560000000007
57 ; 8561447.193219803 ; 1.9994520829133368E8 ; 4.880024900135284E8 ; 9.76281903612411E9 ; 4945.320000000007
58 ; 8561447.193219803 ; 1.9995507639328584E8 ; 4.965639372067482E8 ; 9.962764244415443E9 ; 5032.080000000007
59 ; 8561447.193219803 ; 1.999650033948969E8 ; 5.0512538439996797E8 ; 1.016271932080873E10 ; 5118.840000000007
60 ; 8561447.193219803 ; 1.9997498620085248E8 ; 5.1368683159318775E8 ; 1.0362684324203627E10 ; 5205.600000000008
61 ; 8561447.193219803 ; 1.9998502185256404E8 ; 5.2224827878640753E8 ; 1.056265931040448E10 ; 5292.360000000008
62 ; 8561447.193219803 ; 1.9999510752140838E8 ; 5.308097259796273E8 ; 1.0762644332257044E10 ; 5379.120000000008
63 ; 8561447.193219803 ; 2.0000524050225088E8 ; 5.393711731728472E8 ; 1.0962639439778452E10 ; 5465.880000000008
64 ; 8561447.193219803 ; 2.0001541820725164E8 ; 5.479326203660669E8 ; 1.1162644680280703E10 ; 5552.6400000000085
65 ; 8561447.193219803 ; 2.0002563815995207E8 ; 5.564940675592867E8 ; 1.1362660098487955E10 ; 5639.400000000009
66 ; 8561447.193219803 ; 2.0003589798963675E8 ; 5.650555147525065E8 ; 1.1562685736647907E10 ; 5726.160000000009
67 ; 8561447.193219803 ; 2.000461954259649E8 ; 5.736169619457263E8 ; 1.1762721634637545E10 ; 5812.920000000009
68 ; 8561447.193219803 ; 2.0005652829386383E8 ; 5.82178409138946E8 ; 1.1962767830063509E10 ; 5899.680000000009
69 ; 8561447.193219803 ; 2.0006689450867605E8 ; 5.907398563321658E8 ; 1.2162824358357372E10 ; 5986.44000000001
70 ; 8561447.193219803 ; 2.0007729207155156E8 ; 5.993013035253856E8 ; 1.2362891252866049E10 ; 6073.20000000001
71 ; 8561447.193219803 ; 2.0008771906507567E8 ; 6.078627507186054E8 ; 1.2562968544937601E10 ; 6159.96000000001
72 ; 8561447.193219803 ; 2.000981736491232E8 ; 6.164241979118252E8 ; 1.2763056264002676E10 ; 6246.72000000001
73 ; 8561447.193219803 ; 2.00108654056929E8 ; 6.24985645105045E8 ; 1.2963154437651798E10 ; 6333.4800000000105
74 ; 8561447.193219803 ; 2.0011915859136552E8 ; 6.335470922982647E8 ; 1.3163263091708727E10 ; 6420.240000000011
75 ; 8561447.193219803 ; 2.0012968562141752E8 ; 6.421085394914845E8 ; 1.3363382250300093E10 ; 6507.000000000011
76 ; 8561447.193219803 ; 2.001402335788448E8 ; 6.506699866847043E8 ; 1.356351193592151E10 ; 6593.760000000011
77 ; 8561447.193219803 ; 2.0015080095502332E8 ; 6.592314338779241E8 ; 1.3763652169500355E10 ; 6680.520000000011
78 ; 8561447.193219803 ; 2.0016138629795632E8 ; 6.677928810711439E8 ; 1.3963802970455378E10 ; 6767.280000000012
79 ; 8561447.193219803 ; 2.0017198820944598E8 ; 6.763543282643636E8 ; 1.4163964356753334E10 ; 6854.040000000012
80 ; 8561447.193219803 ; 2.0018260534241813E8 ; 6.849157754575834E8 ; 1.436413634496278E10 ; 6940.800000000012
81 ; 8561447.193219803 ; 2.00193236398391E8 ; 6.934772226508032E8 ; 1.4564318950305199E10 ; 7027.560000000012
82 ; 8561447.193219803 ; 2.0020388012508124E8 ; 7.02038669844023E8 ; 1.476451218670359E10 ; 7114.320000000012
83 ; 8561447.193219803 ; 2.002145353141388E8 ; 7.106001170372428E8 ; 1.4964716066828672E10 ; 7201.080000000013
84 ; 8561447.193219803 ; 2.0022520079900473E8 ; 7.191615642304626E8 ; 1.516493060214281E10 ; 7287.840000000013
85 ; 8561447.193219803 ; 2.0023587545288414E8 ; 7.277230114236823E8 ; 1.5365155802941816E10 ; 7374.600000000013
86 ; 8561447.193219803 ; 2.002465581868286E8 ; 7.362844586169021E8 ; 1.5565391678394701E10 ; 7461.360000000013
87 ; 8561447.193219803 ; 2.002572479479217E8 ; 7.448459058101219E8 ; 1.576563823658153E10 ; 7548.1200000000135
88 ; 8561447.193219803 ; 2.0026794371756187E8 ; 7.534073530033417E8 ; 1.5965895484529451E10 ; 7634.880000000014
89 ; 8561447.193219803 ; 2.0027864450983745E8 ; 7.619688001965615E8 ; 1.6166163428247013E10 ; 7721.640000000014
90 ; 8561447.193219803 ; 2.002893493699883E8 ; 7.705302473897812E8 ; 1.6366442072756851E10 ; 7808.400000000014
91 ; 8561447.193219803 ; 2.0030005737294924E8 ; 7.79091694583001E8 ; 1.6566731422126839E10 ; 7895.160000000014
92 ; 8561447.193219803 ; 2.0031076762197128E8 ; 7.876531417762208E8 ; 1.6767031479499788E10 ; 7981.920000000015
93 ; 8561447.193219803 ; 2.0032147924731517E8 ; 7.962145889694406E8 ; 1.696734224712176E10 ; 8068.680000000015
94 ; 8561447.193219803 ; 2.003321914050143E8 ; 8.047760361626604E8 ; 1.7167663726369074E10 ; 8155.440000000015
95 ; 8561447.193219803 ; 2.0034290327570233E8 ; 8.133374833558801E8 ; 1.736799591777409E10 ; 8242.200000000015
96 ; 8561447.193219803 ; 2.003536140635021E8 ; 8.218989305490999E8 ; 1.7568338821049793E10 ; 8328.960000000015
97 ; 8561447.193219803 ; 2.0036432299497253E8 ; 8.304603777423197E8 ; 1.7768692435113297E10 ; 8415.720000000016
98 ; 8561447.193219803 ; 2.0037502931811014E8 ; 8.390218249355395E8 ; 1.796905675810827E10 ; 8502.480000000016
99 ; 8561447.193219803 ; 2.003857323014019E8 ; 8.475832721287593E8 ; 1.816943178742638E10 ; 8589.240000000016
100 ; 8561447.193219803 ; 2.0039643123292726E8 ; 8.56144719321979E8 ; 1.8369817519727783E10 ; 8676.000000000016
101 ; 8561447.193219803 ; 2.0040712541950536E8 ; 8.647061665151988E8 ; 1.857021395096071E10 ; 8762.760000000017
102 ; 8561447.193219803 ; 2.004178141858865E8 ; 8.732676137084186E8 ; 1.8770621076380215E10 ; 8849.520000000017
103 ; 8561447.193219803 ; 2.0042849687398398E8 ; 8.818290609016384E8 ; 1.89710388905661E10 ; 8936.280000000017
104 ; 8561447.193219803 ; 2.0043917284214497E8 ; 8.903905080948582E8 ; 1.9171467387440086E10 ; 9023.040000000017
105 ; 8561447.193219803 ; 2.0044984146445787E8 ; 8.98951955288078E8 ; 1.937190656028223E10 ; 9109.800000000017
106 ; 8561447.193219803 ; 2.0046050213009435E8 ; 9.075134024812977E8 ; 1.957235640174669E10 ; 9196.560000000018
107 ; 8561447.193219803 ; 2.0047115424268398E8 ; 9.160748496745175E8 ; 1.977281690387678E10 ; 9283.320000000018
108 ; 8561447.193219803 ; 2.0048179721971974E8 ; 9.246362968677373E8 ; 1.9973288058119465E10 ; 9370.080000000018
109 ; 8561447.193219803 ; 2.00492430491993E8 ; 9.331977440609571E8 ; 2.0173769855339184E10 ; 9456.840000000018
110 ; 8561447.193219803 ; 2.005030535030559E8 ; 9.417591912541769E8 ; 2.0374262285831177E10 ; 9543.600000000019
111 ; 8561447.193219803 ; 2.0051366570870987E8 ; 9.503206384473966E8 ; 2.0574765339334232E10 ; 9630.360000000019
112 ; 8561447.193219803 ; 2.005242665765192E8 ; 9.588820856406164E8 ; 2.0775279005042942E10 ; 9717.120000000019
113 ; 8561447.193219803 ; 2.0053485558534774E8 ; 9.674435328338362E8 ; 2.097580327161946E10 ; 9803.88000000002
114 ; 8561447.193219803 ; 2.00545432224918E8 ; 9.76004980027056E8 ; 2.1176338127204807E10 ; 9890.64000000002
115 ; 8561447.193219803 ; 2.0055599599539107E8 ; 9.845664272202758E8 ; 2.1376883559429726E10 ; 9977.40000000002
116 ; 8561447.193219803 ; 2.005665464069666E8 ; 9.931278744134955E8 ; 2.1577439555425117E10 ; 10064.16000000002
117 ; 8561447.193219803 ; 2.0057708297950158E8 ; 1.0016893216067153E9 ; 2.1778006101832085E10 ; 10150.92000000002
118 ; 8561447.193219803 ; 2.0058760524214703E8 ; 1.0102507687999351E9 ; 2.1978583184811584E10 ; 10237.68000000002
119 ; 8561447.193219803 ; 2.0059811273300165E8 ; 1.0188122159931549E9 ; 2.217917079005373E10 ; 10324.44000000002
120 ; 8561447.193219803 ; 2.006086049987814E8 ; 1.0273736631863747E9 ; 2.237976890278673E10 ; 10411.20000000002
121 ; 8561447.193219803 ; 2.0061908159450462E8 ; 1.0359351103795944E9 ; 2.2580377507785515E10 ; 10497.960000000021
122 ; 8561447.193219803 ; 2.0062954208319116E8 ; 1.0444965575728142E9 ; 2.278099658938002E10 ; 10584.720000000021
123 ; 8561447.193219803 ; 2.0063998603557578E8 ; 1.053058004766034E9 ; 2.298162613146321E10 ; 10671.480000000021
124 ; 8561447.193219803 ; 2.006504130298342E8 ; 1.0616194519592538E9 ; 2.3182266117498787E10 ; 10758.240000000022
125 ; 8561447.193219803 ; 2.0066082265132165E8 ; 1.0701808991524736E9 ; 2.338291653052862E10 ; 10845.000000000022
126 ; 8561447.193219803 ; 2.006712144923231E8 ; 1.0787423463456933E9 ; 2.3583577353179943E10 ; 10931.760000000022
127 ; 8561447.193219803 ; 2.0068158815181482E8 ; 1.0873037935389132E9 ; 2.3784248567672268E10 ; 11018.520000000022
128 ; 8561447.193219803 ; 2.0069194323523638E8 ; 1.0958652407321332E9 ; 2.398493015582408E10 ; 11105.280000000022
129 ; 8561447.193219803 ; 2.007022793542728E8 ; 1.104426687925353E9 ; 2.418562209905932E10 ; 11192.040000000023
130 ; 8561447.193219803 ; 2.0071259612664643E8 ; 1.112988135118573E9 ; 2.438632437841359E10 ; 11278.800000000023
131 ; 8561447.193219803 ; 2.007228931759176E8 ; 1.1215495823117929E9 ; 2.4587036974540237E10 ; 11365.560000000023
132 ; 8561447.193219803 ; 2.007331701312943E8 ; 1.1301110295050128E9 ; 2.4787759867716156E10 ; 11452.320000000023
133 ; 8561447.193219803 ; 2.007434266274501E8 ; 1.1386724766982327E9 ; 2.498849303784745E10 ; 11539.080000000024
134 ; 8561447.193219803 ; 2.0075366230434957E8 ; 1.1472339238914526E9 ; 2.51892364644749E10 ; 11625.840000000024
135 ; 8561447.193219803 ; 2.0076387680708158E8 ; 1.1557953710846725E9 ; 2.5389990126779247E10 ; 11712.600000000024
136 ; 8561447.193219803 ; 2.007740697856996E8 ; 1.1643568182778924E9 ; 2.559075400358633E10 ; 11799.360000000024
137 ; 8561447.193219803 ; 2.0078424089506868E8 ; 1.1729182654711123E9 ; 2.579152807337203E10 ; 11886.120000000024
138 ; 8561447.193219803 ; 2.0079438979471904E8 ; 1.1814797126643322E9 ; 2.5992312314267097E10 ; 11972.880000000025
139 ; 8561447.193219803 ; 2.0080451614870584E8 ; 1.190041159857552E9 ; 2.6193106704061817E10 ; 12059.640000000025
140 ; 8561447.193219803 ; 2.0081461962547457E8 ; 1.198602607050772E9 ; 2.639391122021052E10 ; 12146.400000000025
141 ; 8561447.193219803 ; 2.0082469989773244E8 ; 1.2071640542439919E9 ; 2.6594725839835995E10 ; 12233.160000000025
142 ; 8561447.193219803 ; 2.008347566423248E8 ; 1.2157255014372118E9 ; 2.6795550539733727E10 ; 12319.920000000026
143 ; 8561447.193219803 ; 2.0084478954011682E8 ; 1.2242869486304317E9 ; 2.6996385296376053E10 ; 12406.680000000026
144 ; 8561447.193219803 ; 2.0085479827587995E8 ; 1.2328483958236516E9 ; 2.719723008591617E10 ; 12493.440000000026
145 ; 8561447.193219803 ; 2.0086478253818306E8 ; 1.2414098430168715E9 ; 2.7398084884192047E10 ; 12580.200000000026
146 ; 8561447.193219803 ; 2.008747420192881E8 ; 1.2499712902100914E9 ; 2.759894966673023E10 ; 12666.960000000026
147 ; 8561447.193219803 ; 2.008846764150498E8 ; 1.2585327374033113E9 ; 2.7799824408749516E10 ; 12753.720000000027
148 ; 8561447.193219803 ; 2.0089458542481968E8 ; 1.2670941845965312E9 ; 2.8000709085164566E10 ; 12840.480000000027
149 ; 8561447.193219803 ; 2.0090446875135356E8 ; 1.275655631789751E9 ; 2.8201603670589386E10 ; 12927.240000000027
150 ; 8561447.193219803 ; 2.0091432610072324E8 ; 1.284217078982971E9 ; 2.840250813934074E10 ; 13014.000000000027
151 ; 8561447.193219803 ; 2.0092415718223125E8 ; 1.2927785261761909E9 ; 2.8603422465441463E10 ; 13100.760000000028
152 ; 8561447.193219803 ; 2.009339617083293E8 ; 1.3013399733694108E9 ; 2.8804346622623695E10 ; 13187.520000000028
153 ; 8561447.193219803 ; 2.0094373939453974E8 ; 1.3099014205626307E9 ; 2.9005280584332024E10 ; 13274.280000000028
154 ; 8561447.193219803 ; 2.009534899593803E8 ; 1.3184628677558506E9 ; 2.9206224323726562E10 ; 13361.040000000028
155 ; 8561447.193219803 ; 2.009632131242917E8 ; 1.3270243149490705E9 ; 2.9407177813685944E10 ; 13447.800000000028
156 ; 8561447.193219803 ; 2.0097290861356795E8 ; 1.3355857621422904E9 ; 2.9608141026810234E10 ; 13534.560000000029
157 ; 8561447.193219803 ; 2.0098257615428966E8 ; 1.3441472093355103E9 ; 2.98091139354238E10 ; 13621.320000000029
158 ; 8561447.193219803 ; 2.0099221547625962E8 ; 1.3527086565287302E9 ; 3.001009651157809E10 ; 13708.080000000029
159 ; 8561447.193219803 ; 2.0100182631194115E8 ; 1.36127010372195E9 ; 3.021108872705435E10 ; 13794.84000000003
160 ; 8561447.193219803 ; 2.0101140839639857E8 ; 1.36983155091517E9 ; 3.0412090553366295E10 ; 13881.60000000003
161 ; 8561447.193219803 ; 2.0102096146724018E8 ; 1.3783929981083899E9 ; 3.0613101961762695E10 ; 13968.36000000003
162 ; 8561447.193219803 ; 2.010304852645632E8 ; 1.3869544453016098E9 ; 3.0814122923229935E10 ; 14055.12000000003
163 ; 8561447.193219803 ; 2.0103997953090099E8 ; 1.3955158924948297E9 ; 3.10151534084945E10 ; 14141.88000000003
164 ; 8561447.193219803 ; 2.0104944401117218E8 ; 1.4040773396880496E9 ; 3.1216193388025402E10 ; 14228.64000000003
165 ; 8561447.193219803 ; 2.0105887845263177E8 ; 1.4126387868812695E9 ; 3.1417242832036575E10 ; 14315.40000000003
166 ; 8561447.193219803 ; 2.0106828260482392E8 ; 1.4212002340744894E9 ; 3.161830171048921E10 ; 14402.16000000003
167 ; 8561447.193219803 ; 2.0107765621953687E8 ; 1.4297616812677093E9 ; 3.1819369993094032E10 ; 14488.920000000031
168 ; 8561447.193219803 ; 2.0108699905075905E8 ; 1.4383231284609292E9 ; 3.202044764931357E10 ; 14575.680000000031
169 ; 8561447.193219803 ; 2.010963108546373E8 ; 1.446884575654149E9 ; 3.2221534648364326E10 ; 14662.440000000031
170 ; 8561447.193219803 ; 2.0110559138943636E8 ; 1.455446022847369E9 ; 3.2422630959218964E10 ; 14749.200000000032
171 ; 8561447.193219803 ; 2.0111484041549996E8 ; 1.4640074700405889E9 ; 3.26237365506084E10 ; 14835.960000000032
172 ; 8561447.193219803 ; 2.0112405769521332E8 ; 1.4725689172338088E9 ; 3.28248513910239E10 ; 14922.720000000032
173 ; 8561447.193219803 ; 2.0113324299296707E8 ; 1.4811303644270287E9 ; 3.3025975448719112E10 ; 15009.480000000032
174 ; 8561447.193219803 ; 2.0114239607512248E8 ; 1.4896918116202486E9 ; 3.322710869171208E10 ; 15096.240000000033
175 ; 8561447.193219803 ; 2.0115151670997792E8 ; 1.4982532588134685E9 ; 3.34282510877872E10 ; 15183.000000000033
176 ; 8561447.193219803 ; 2.011606046677367E8 ; 1.5068147060066884E9 ; 3.3629402604497177E10 ; 15269.760000000033
177 ; 8561447.193219803 ; 2.0116965972047588E8 ; 1.5153761531999083E9 ; 3.3830563209164913E10 ; 15356.520000000033
178 ; 8561447.193219803 ; 2.0117868164211637E8 ; 1.5239376003931282E9 ; 3.4031732868885387E10 ; 15443.280000000033
179 ; 8561447.193219803 ; 2.0118767020839405E8 ; 1.532499047586348E9 ; 3.4232911550527504E10 ; 15530.040000000034
180 ; 8561447.193219803 ; 2.01196625196832E8 ; 1.541060494779568E9 ; 3.44340992207359E10 ; 15616.800000000034
181 ; 8561447.193219803 ; 2.0120554638671353E8 ; 1.5496219419727879E9 ; 3.463529584593273E10 ; 15703.560000000034
182 ; 8561447.193219803 ; 2.0121443355905664E8 ; 1.5581833891660078E9 ; 3.483650139231944E10 ; 15790.320000000034
183 ; 8561447.193219803 ; 2.0122328649658883E8 ; 1.5667448363592277E9 ; 3.50377158258785E10 ; 15877.080000000034
184 ; 8561447.193219803 ; 2.0123210498372322E8 ; 1.5753062835524476E9 ; 3.523893911237509E10 ; 15963.840000000035
185 ; 8561447.193219803 ; 2.0124088880653542E8 ; 1.5838677307456675E9 ; 3.544017121735882E10 ; 16050.600000000035
186 ; 8561447.193219803 ; 2.0124963775274122E8 ; 1.5924291779388874E9 ; 3.564141210616535E10 ; 16137.360000000035
187 ; 8561447.193219803 ; 2.0125835161167496E8 ; 1.6009906251321073E9 ; 3.584266174391809E10 ; 16224.120000000035
188 ; 8561447.193219803 ; 2.01267030174269E8 ; 1.6095520723253272E9 ; 3.604392009552976E10 ; 16310.880000000036
189 ; 8561447.193219803 ; 2.0127567323303348E8 ; 1.618113519518547E9 ; 3.624518712570403E10 ; 16397.640000000036
190 ; 8561447.193219803 ; 2.012842805820373E8 ; 1.626674966711767E9 ; 3.6446462798937065E10 ; 16484.400000000034
191 ; 8561447.193219803 ; 2.0129285201688924E8 ; 1.6352364139049869E9 ; 3.6647747079519104E10 ; 16571.160000000033
192 ; 8561447.193219803 ; 2.0130138733472034E8 ; 1.6437978610982068E9 ; 3.6849039931535995E10 ; 16657.92000000003
193 ; 8561447.193219803 ; 2.0130988633416632E8 ; 1.6523593082914267E9 ; 3.705034131887071E10 ; 16744.68000000003
194 ; 8561447.193219803 ; 2.0131834881535107E8 ; 1.6609207554846466E9 ; 3.725165120520488E10 ; 16831.440000000028
195 ; 8561447.193219803 ; 2.013267745798705E8 ; 1.6694822026778665E9 ; 3.745296955402023E10 ; 16918.200000000026
196 ; 8561447.193219803 ; 2.013351634307771E8 ; 1.6780436498710864E9 ; 3.7654296328600105E10 ; 17004.960000000025
197 ; 8561447.193219803 ; 2.0134351517256495E8 ; 1.6866050970643063E9 ; 3.785563149203088E10 ; 17091.720000000023
198 ; 8561447.193219803 ; 2.0135182961115518E8 ; 1.6951665442575262E9 ; 3.8056975007203445E10 ; 17178.48000000002
199 ; 8561447.193219803 ; 2.013601065538823E8 ; 1.703727991450746E9 ; 3.82583268368146E10 ; 17265.24000000002
200 ; 8561447.193219803 ; 2.0136834580948055E8 ; 1.712289438643966E9 ; 3.845968694336848E10 ; 17352.00000000002
201 ; 8561447.193219803 ; 1.7525836247314158E8 ; 1.7208508858371859E9 ; 3.8661055289177956E10 ; 17438.760000000017
202 ; 8561447.193219803 ; 1.5219744877856347E8 ; 1.7294123330304058E9 ; 3.88363136516511E10 ; 17525.520000000015
203 ; 8561447.193219803 ; 1.5185910313499475E8 ; 1.7379737802236257E9 ; 3.8988511100429665E10 ; 17612.280000000013
204 ; 8561447.193219803 ; 1.5152151501988673E8 ; 1.7465352274168456E9 ; 3.914037020356466E10 ; 17699.04000000001
205 ; 8561447.193219803 ; 1.5118468242016733E8 ; 1.7550966746100655E9 ; 3.929189171858455E10 ; 17785.80000000001
206 ; 8561447.193219803 ; 1.5084860332829446E8 ; 1.7636581218032854E9 ; 3.9443076401004715E10 ; 17872.56000000001
207 ; 8561447.193219803 ; 1.5051327574223554E8 ; 1.7722195689965053E9 ; 3.959392500433301E10 ; 17959.320000000007
208 ; 8561447.193219803 ; 1.5017869766544807E8 ; 1.7807810161897252E9 ; 3.974443828007524E10 ; 18046.080000000005
209 ; 8561447.193219803 ; 1.498448671068603E8 ; 1.789342463382945E9 ; 3.989461697774069E10 ; 18132.840000000004
210 ; 8561447.193219803 ; 1.4951178208085233E8 ; 1.797903910576165E9 ; 4.004446184484755E10 ; 18219.600000000002
211 ; 8561447.193219803 ; 1.491794406072374E8 ; 1.8064653577693849E9 ; 4.01939736269284E10 ; 18306.36
212 ; 8561447.193219803 ; 1.48847840711244E8 ; 1.8150268049626048E9 ; 4.034315306753564E10 ; 18393.12
213 ; 8561447.193219803 ; 1.4851698042349753E8 ; 1.8235882521558247E9 ; 4.049200090824688E10 ; 18479.879999999997
214 ; 8561447.193219803 ; 1.4818685778000325E8 ; 1.8321496993490446E9 ; 4.064051788867038E10 ; 18566.639999999996
215 ; 8561447.193219803 ; 1.4785747082212856E8 ; 1.8407111465422645E9 ; 4.0788704746450386E10 ; 18653.399999999994
216 ; 8561447.193219803 ; 1.475288175965865E8 ; 1.8492725937354844E9 ; 4.0936562217272514E10 ; 18740.159999999993
217 ; 8561447.193219803 ; 1.4720089615541863E8 ; 1.8578340409287043E9 ; 4.10840910348691E10 ; 18826.91999999999
218 ; 8561447.193219803 ; 1.4687370455597922E8 ; 1.8663954881219242E9 ; 4.123129193102452E10 ; 18913.67999999999
219 ; 8561447.193219803 ; 1.465472408609186E8 ; 1.874956935315144E9 ; 4.13781656355805E10 ; 19000.439999999988
220 ; 8561447.193219803 ; 1.4622150313816774E8 ; 1.883518382508364E9 ; 4.1524712876441414E10 ; 19087.199999999986
221 ; 8561447.193219803 ; 1.4589648946092254E8 ; 1.8920798297015839E9 ; 4.167093437957958E10 ; 19173.959999999985
222 ; 8561447.193219803 ; 1.4557219790762848E8 ; 1.9006412768948038E9 ; 4.1816830869040504E10 ; 19260.719999999983
223 ; 8561447.193219803 ; 1.4524862656196564E8 ; 1.9092027240880237E9 ; 4.1962403066948135E10 ; 19347.47999999998
224 ; 8561447.193219803 ; 1.4492577351283383E8 ; 1.9177641712812436E9 ; 4.21076516935101E10 ; 19434.23999999998
225 ; 8561447.193219803 ; 1.44603636854338E8 ; 1.9263256184744635E9 ; 4.2252577467022934E10 ; 19520.999999999978
226 ; 8561447.193219803 ; 1.4428221468577376E8 ; 1.9348870656676834E9 ; 4.239718110387727E10 ; 19607.759999999977
227 ; 8561447.193219803 ; 1.439615051116134E8 ; 1.9434485128609033E9 ; 4.254146331856305E10 ; 19694.519999999975
228 ; 8561447.193219803 ; 1.4364150624149173E8 ; 1.9520099600541232E9 ; 4.268542482367466E10 ; 19781.279999999973
229 ; 8561447.193219803 ; 1.4332221619019252E8 ; 1.960571407247343E9 ; 4.282906632991615E10 ; 19868.03999999997
230 ; 8561447.193219803 ; 1.4300363307763475E8 ; 1.969132854440563E9 ; 4.2972388546106346E10 ; 19954.79999999997
231 ; 8561447.193219803 ; 1.4268575502885932E8 ; 1.9776943016337829E9 ; 4.311539217918398E10 ; 20041.55999999997
232 ; 8561447.193219803 ; 1.423685801740159E8 ; 1.9862557488270028E9 ; 4.3258077934212845E10 ; 20128.319999999967
233 ; 8561447.193219803 ; 1.4205210664834985E8 ; 1.9948171960202227E9 ; 4.340044651438686E10 ; 20215.079999999965
234 ; 8561447.193219803 ; 1.417363325921895E8 ; 2.0033786432134426E9 ; 4.354249862103522E10 ; 20301.839999999964
235 ; 8561447.193219803 ; 1.414212561509333E8 ; 2.0119400904066625E9 ; 4.36842349536274E10 ; 20388.599999999962
236 ; 8561447.193219803 ; 1.4110687547503746E8 ; 2.0205015375998824E9 ; 4.3825656209778336E10 ; 20475.35999999996
237 ; 8561447.193219803 ; 1.407931887200035E8 ; 2.0290629847931023E9 ; 4.396676308525337E10 ; 20562.11999999996
238 ; 8561447.193219803 ; 1.404801940463663E8 ; 2.0376244319863222E9 ; 4.410755627397337E10 ; 20648.879999999957
239 ; 8561447.193219803 ; 1.4016788961968178E8 ; 2.046185879179542E9 ; 4.424803646801974E10 ; 20735.639999999956
240 ; 8561447.193219803 ; 1.39856273610515E8 ; 2.054747326372762E9 ; 4.438820435763942E10 ; 20822.399999999954
241 ; 8561447.193219803 ; 1.395453441944288E8 ; 2.0633087735659819E9 ; 4.452806063124993E10 ; 20909.159999999953
242 ; 8561447.193219803 ; 1.392350995519716E8 ; 2.0718702207592018E9 ; 4.466760597544436E10 ; 20995.91999999995
243 ; 8561447.193219803 ; 1.3892553786866647E8 ; 2.0804316679524217E9 ; 4.480684107499633E10 ; 21082.67999999995
244 ; 8561447.193219803 ; 1.3861665733499935E8 ; 2.0889931151456416E9 ; 4.4945766612865E10 ; 21169.439999999948
245 ; 8561447.193219803 ; 1.3830845614640814E8 ; 2.0975545623388615E9 ; 4.50843832702E10 ; 21256.199999999946
246 ; 8561447.193219803 ; 1.3800093250327146E8 ; 2.1061160095320814E9 ; 4.5222691726346405E10 ; 21342.959999999945
247 ; 8561447.193219803 ; 1.376940846108976E8 ; 2.1146774567253013E9 ; 4.536069265884968E10 ; 21429.719999999943
248 ; 8561447.193219803 ; 1.3738791067951366E8 ; 2.1232389039185212E9 ; 4.549838674346058E10 ; 21516.47999999994
249 ; 8561447.193219803 ; 1.3708240892425507E8 ; 2.131800351111741E9 ; 4.563577465414009E10 ; 21603.23999999994
250 ; 8561447.193219803 ; 1.367775775651546E8 ; 2.140361798304961E9 ; 4.577285706306435E10 ; 21689.999999999938
251 ; 8561447.193219803 ; 1.3647341482713196E8 ; 2.148923245498181E9 ; 4.59096346406295E10 ; 21776.759999999937
252 ; 8561447.193219803 ; 1.3616991893998334E8 ; 2.1574846926914005E9 ; 4.6046108055456635E10 ; 21863.519999999935
253 ; 8561447.193219803 ; 1.3586708813837117E8 ; 2.16604613988462E9 ; 4.6182277974396614E10 ; 21950.279999999933
254 ; 8561447.193219803 ; 1.3556492066181368E8 ; 2.17460758707784E9 ; 4.631814506253499E10 ; 22037.03999999993
255 ; 8561447.193219803 ; 1.35263414754675E8 ; 2.1831690342710595E9 ; 4.64537099831968E10 ; 22123.79999999993
256 ; 8561447.193219803 ; 1.3496256866615495E8 ; 2.191730481464279E9 ; 4.658897339795148E10 ; 22210.55999999993
257 ; 8561447.193219803 ; 1.346623806502791E8 ; 2.200291928657499E9 ; 4.672393596661763E10 ; 22297.319999999927
258 ; 8561447.193219803 ; 1.3436284896588898E8 ; 2.2088533758507185E9 ; 4.685859834726791E10 ; 22384.079999999925
259 ; 8561447.193219803 ; 1.3406397187663217E8 ; 2.217414823043938E9 ; 4.6992961196233795E10 ; 22470.839999999924
260 ; 8561447.193219803 ; 1.3376574765095271E8 ; 2.225976270237158E9 ; 4.712702516811043E10 ; 22557.599999999922
261 ; 8561447.193219803 ; 1.3346817456208141E8 ; 2.2345377174303775E9 ; 4.726079091576138E10 ; 22644.35999999992
262 ; 8561447.193219803 ; 1.3317125088802631E8 ; 2.243099164623597E9 ; 4.739425909032346E10 ; 22731.11999999992
263 ; 8561447.193219803 ; 1.328749749115633E8 ; 2.251660611816817E9 ; 4.752743034121149E10 ; 22817.879999999917
264 ; 8561447.193219803 ; 1.3257934492022659E8 ; 2.2602220590100365E9 ; 4.766030531612305E10 ; 22904.639999999916
265 ; 8561447.193219803 ; 1.3228435920629944E8 ; 2.268783506203256E9 ; 4.7792884661043274E10 ; 22991.399999999914
266 ; 8561447.193219803 ; 1.3199001606680502E8 ; 2.277344953396476E9 ; 4.792516902024957E10 ; 23078.159999999913
267 ; 8561447.193219803 ; 1.3169631380349712E8 ; 2.2859064005896955E9 ; 4.8057159036316376E10 ; 23164.91999999991
268 ; 8561447.193219803 ; 1.3140325072285098E8 ; 2.294467847782915E9 ; 4.818885535011987E10 ; 23251.67999999991
269 ; 8561447.193219803 ; 1.3111082513605437E8 ; 2.303029294976135E9 ; 4.832025860084273E10 ; 23338.439999999908
270 ; 8561447.193219803 ; 1.3081903535899861E8 ; 2.3115907421693544E9 ; 4.845136942597878E10 ; 23425.199999999906
271 ; 8561447.193219803 ; 1.305278797122695E8 ; 2.320152189362574E9 ; 4.858218846133778E10 ; 23511.959999999905
272 ; 8561447.193219803 ; 1.3023735652113865E8 ; 2.328713636555794E9 ; 4.871271634105006E10 ; 23598.719999999903
273 ; 8561447.193219803 ; 1.299474641155545E8 ; 2.3372750837490134E9 ; 4.88429536975712E10 ; 23685.4799999999
274 ; 8561447.193219803 ; 1.2965820083013372E8 ; 2.345836530942233E9 ; 4.897290116168675E10 ; 23772.2399999999
275 ; 8561447.193219803 ; 1.2936956500415242E8 ; 2.3543979781354527E9 ; 4.9102559362516884E10 ; 23858.999999999898
276 ; 8561447.193219803 ; 1.2908155498153758E8 ; 2.3629594253286724E9 ; 4.9231928927521034E10 ; 23945.759999999897
277 ; 8561447.193219803 ; 1.2879416911085841E8 ; 2.371520872521892E9 ; 4.936101048250257E10 ; 24032.519999999895
278 ; 8561447.193219803 ; 1.2850740574531789E8 ; 2.3800823197151117E9 ; 4.948980465161343E10 ; 24119.279999999893
279 ; 8561447.193219803 ; 1.2822126324274425E8 ; 2.3886437669083314E9 ; 4.961831205735874E10 ; 24206.03999999989
280 ; 8561447.193219803 ; 1.2793573996558252E8 ; 2.397205214101551E9 ; 4.974653332060149E10 ; 24292.79999999989
281 ; 8561447.193219803 ; 1.276508342808862E8 ; 2.4057666612947707E9 ; 4.987446906056707E10 ; 24379.55999999989
282 ; 8561447.193219803 ; 1.2736654456030887E8 ; 2.4143281084879904E9 ; 5.000211989484795E10 ; 24466.319999999887
283 ; 8561447.193219803 ; 1.2708286918009591E8 ; 2.42288955568121E9 ; 5.0129486439408264E10 ; 24553.079999999885
284 ; 8561447.193219803 ; 1.2679980652107632E8 ; 2.4314510028744297E9 ; 5.025656930858836E10 ; 24639.839999999884
285 ; 8561447.193219803 ; 1.2651735496865448E8 ; 2.4400124500676494E9 ; 5.038336911510944E10 ; 24726.599999999882
286 ; 8561447.193219803 ; 1.262355129128019E8 ; 2.448573897260869E9 ; 5.0509886470078094E10 ; 24813.35999999988
287 ; 8561447.193219803 ; 1.2595427874804921E8 ; 2.4571353444540887E9 ; 5.06361219829909E10 ; 24900.11999999988
288 ; 8561447.193219803 ; 1.2567365087347807E8 ; 2.4656967916473083E9 ; 5.0762076261738945E10 ; 24986.879999999877
289 ; 8561447.193219803 ; 1.2539362769271316E8 ; 2.474258238840528E9 ; 5.088774991261243E10 ; 25073.639999999876
290 ; 8561447.193219803 ; 1.2511420761391398E8 ; 2.4828196860337477E9 ; 5.101314354030514E10 ; 25160.399999999874
291 ; 8561447.193219803 ; 1.2483538904976718E8 ; 2.4913811332269673E9 ; 5.113825774791905E10 ; 25247.159999999873
292 ; 8561447.193219803 ; 1.2455717041747843E8 ; 2.499942580420187E9 ; 5.126309313696882E10 ; 25333.91999999987
293 ; 8561447.193219803 ; 1.2427955013876456E8 ; 2.5085040276134067E9 ; 5.13876503073863E10 ; 25420.67999999987
294 ; 8561447.193219803 ; 1.2400252663984576E8 ; 2.5170654748066263E9 ; 5.151192985752506E10 ; 25507.439999999868
295 ; 8561447.193219803 ; 1.2372609835143776E8 ; 2.525626921999846E9 ; 5.163593238416491E10 ; 25594.199999999866
296 ; 8561447.193219803 ; 1.234502637087439E8 ; 2.5341883691930656E9 ; 5.175965848251635E10 ; 25680.959999999865
297 ; 8561447.193219803 ; 1.2317502115144755E8 ; 2.5427498163862853E9 ; 5.188310874622509E10 ; 25767.719999999863
298 ; 8561447.193219803 ; 1.2290036912370427E8 ; 2.551311263579505E9 ; 5.200628376737654E10 ; 25854.47999999986
299 ; 8561447.193219803 ; 1.2262630607413419E8 ; 2.5598727107727246E9 ; 5.2129184136500244E10 ; 25941.23999999986
300 ; 8561447.193219803 ; 1.2235283045581427E8 ; 2.5684341579659443E9 ; 5.225181044257438E10 ; 26027.999999999858
301 ; 8561447.193219803 ; 1.2207994072627069E8 ; 2.576995605159164E9 ; 5.237416327303019E10 ; 26114.759999999857
302 ; 8561447.193219803 ; 1.2180763534747122E8 ; 2.5855570523523836E9 ; 5.249624321375646E10 ; 26201.519999999855
303 ; 8561447.193219803 ; 1.2153591278581774E8 ; 2.5941184995456033E9 ; 5.2618050849103935E10 ; 26288.279999999853
304 ; 8561447.193219803 ; 1.2126477151213853E8 ; 2.602679946738823E9 ; 5.2739586761889755E10 ; 26375.03999999985
305 ; 8561447.193219803 ; 1.2099421000168084E8 ; 2.6112413939320426E9 ; 5.286085153340189E10 ; 26461.79999999985
306 ; 8561447.193219803 ; 1.2072422673410341E8 ; 2.6198028411252623E9 ; 5.298184574340357E10 ; 26548.55999999985
307 ; 8561447.193219803 ; 1.2045482019346887E8 ; 2.628364288318482E9 ; 5.310256997013767E10 ; 26635.319999999847
308 ; 8561447.193219803 ; 1.2018598886823642E8 ; 2.6369257355117016E9 ; 5.322302479033114E10 ; 26722.079999999845
309 ; 8561447.193219803 ; 1.1991773125125436E8 ; 2.6454871827049212E9 ; 5.334321077919937E10 ; 26808.839999999844
310 ; 8561447.193219803 ; 1.1965004583975261E8 ; 2.654048629898141E9 ; 5.346312851045062E10 ; 26895.599999999842
311 ; 8561447.193219803 ; 1.1938293113533549E8 ; 2.6626100770913606E9 ; 5.3582778556290375E10 ; 26982.35999999984
312 ; 8561447.193219803 ; 1.1911638564397416E8 ; 2.67117152428458E9 ; 5.370216148742571E10 ; 27069.11999999984
313 ; 8561447.193219803 ; 1.1885040787599945E8 ; 2.6797329714778E9 ; 5.382127787306969E10 ; 27155.879999999837
314 ; 8561447.193219803 ; 1.1858499634609447E8 ; 2.6882944186710196E9 ; 5.394012828094569E10 ; 27242.639999999836
315 ; 8561447.193219803 ; 1.183201495732873E8 ; 2.696855865864239E9 ; 5.405871327729178E10 ; 27329.399999999834
316 ; 8561447.193219803 ; 1.1805586608094375E8 ; 2.705417313057459E9 ; 5.417703342686507E10 ; 27416.159999999833
317 ; 8561447.193219803 ; 1.177921443967601E8 ; 2.7139787602506785E9 ; 5.429508929294601E10 ; 27502.91999999983
318 ; 8561447.193219803 ; 1.1752898305275588E8 ; 2.722540207443898E9 ; 5.4412881437342766E10 ; 27589.67999999983
319 ; 8561447.193219803 ; 1.1726638058526655E8 ; 2.731101654637118E9 ; 5.453041042039552E10 ; 27676.439999999828
320 ; 8561447.193219803 ; 1.1700433553493652E8 ; 2.7396631018303375E9 ; 5.464767680098079E10 ; 27763.199999999826
321 ; 8561447.193219803 ; 1.1674284644671167E8 ; 2.748224549023557E9 ; 5.4764681136515724E10 ; 27849.959999999825
322 ; 8561447.193219803 ; 1.1648191186983249E8 ; 2.756785996216777E9 ; 5.488142398296243E10 ; 27936.719999999823
323 ; 8561447.193219803 ; 1.1622153035782675E8 ; 2.7653474434099965E9 ; 5.499790589483227E10 ; 28023.47999999982
324 ; 8561447.193219803 ; 1.1596170046850242E8 ; 2.773908890603216E9 ; 5.5114127425190094E10 ; 28110.23999999982
325 ; 8561447.193219803 ; 1.1570242076394054E8 ; 2.782470337796436E9 ; 5.52300891256586E10 ; 28196.999999999818
326 ; 8561447.193219803 ; 1.154436898104882E8 ; 2.7910317849896555E9 ; 5.534579154642254E10 ; 28283.759999999817
327 ; 8561447.193219803 ; 1.1518550617875136E8 ; 2.799593232182875E9 ; 5.5461235236233025E10 ; 28370.519999999815
328 ; 8561447.193219803 ; 1.1492786844358785E8 ; 2.808154679376095E9 ; 5.557642074241177E10 ; 28457.279999999813
329 ; 8561447.193219803 ; 1.1467077518410034E8 ; 2.8167161265693145E9 ; 5.569134861085536E10 ; 28544.03999999981
330 ; 8561447.193219803 ; 1.144142249836292E8 ; 2.825277573762534E9 ; 5.580601938603946E10 ; 28630.79999999981
331 ; 8561447.193219803 ; 1.1415821642974566E8 ; 2.833839020955754E9 ; 5.592043361102309E10 ; 28717.55999999981
332 ; 8561447.193219803 ; 1.1390274811424461E8 ; 2.8424004681489735E9 ; 5.6034591827452835E10 ; 28804.319999999807
333 ; 8561447.193219803 ; 1.1364781863313773E8 ; 2.850961915342193E9 ; 5.614849457556708E10 ; 28891.079999999805
334 ; 8561447.193219803 ; 1.1339342658664654E8 ; 2.859523362535413E9 ; 5.626214239420022E10 ; 28977.839999999804
335 ; 8561447.193219803 ; 1.1313957057919534E8 ; 2.8680848097286325E9 ; 5.6375535820786865E10 ; 29064.599999999802
336 ; 8561447.193219803 ; 1.128862492194043E8 ; 2.876646256921852E9 ; 5.648867539136606E10 ; 29151.3599999998
337 ; 8561447.193219803 ; 1.1263346112008251E8 ; 2.885207704115072E9 ; 5.6601561640585464E10 ; 29238.1199999998
338 ; 8561447.193219803 ; 1.1238120489822116E8 ; 2.8937691513082914E9 ; 5.671419510170554E10 ; 29324.879999999797
339 ; 8561447.193219803 ; 1.1212947917498647E8 ; 2.902330598501511E9 ; 5.682657630660377E10 ; 29411.639999999796
340 ; 8561447.193219803 ; 1.1187828257571283E8 ; 2.9108920456947308E9 ; 5.6938705785778755E10 ; 29498.399999999794
341 ; 8561447.193219803 ; 1.1162761372989608E8 ; 2.9194534928879504E9 ; 5.705058406835447E10 ; 29585.159999999792
342 ; 8561447.193219803 ; 1.1137747127118635E8 ; 2.92801494008117E9 ; 5.7162211682084366E10 ; 29671.91999999979
343 ; 8561447.193219803 ; 1.1112785383738144E8 ; 2.9365763872743897E9 ; 5.727358915335555E10 ; 29758.67999999979
344 ; 8561447.193219803 ; 1.1087876007041983E8 ; 2.9451378344676094E9 ; 5.738471700719293E10 ; 29845.439999999788
345 ; 8561447.193219803 ; 1.1063018861637393E8 ; 2.953699281660829E9 ; 5.749559576726335E10 ; 29932.199999999786
346 ; 8561447.193219803 ; 1.103821381254431E8 ; 2.9622607288540487E9 ; 5.760622595587972E10 ; 30018.959999999784
347 ; 8561447.193219803 ; 1.1013460725194702E8 ; 2.9708221760472684E9 ; 5.7716608094005165E10 ; 30105.719999999783
348 ; 8561447.193219803 ; 1.0988759465431875E8 ; 2.979383623240488E9 ; 5.782674270125711E10 ; 30192.47999999978
349 ; 8561447.193219803 ; 1.0964109899509795E8 ; 2.9879450704337077E9 ; 5.793663029591143E10 ; 30279.23999999978
350 ; 8561447.193219803 ; 1.0939511894092415E8 ; 2.9965065176269274E9 ; 5.8046271394906525E10 ; 30365.999999999778
351 ; 8561447.193219803 ; 1.0914965316252989E8 ; 3.005067964820147E9 ; 5.815566651384745E10 ; 30452.759999999776
352 ; 8561447.193219803 ; 1.0890470033473398E8 ; 3.0136294120133667E9 ; 5.826481616700998E10 ; 30539.519999999775
353 ; 8561447.193219803 ; 1.0866025913643476E8 ; 3.0221908592065864E9 ; 5.837372086734471E10 ; 30626.279999999773
354 ; 8561447.193219803 ; 1.0841632825060333E8 ; 3.030752306399806E9 ; 5.848238112648115E10 ; 30713.03999999977
355 ; 8561447.193219803 ; 1.0817290636427684E8 ; 3.0393137535930257E9 ; 5.859079745473175E10 ; 30799.79999999977
356 ; 8561447.193219803 ; 1.0792999216855167E8 ; 3.0478752007862453E9 ; 5.869897036109602E10 ; 30886.55999999977
357 ; 8561447.193219803 ; 1.0768758435857679E8 ; 3.056436647979465E9 ; 5.880690035326457E10 ; 30973.319999999767
358 ; 8561447.193219803 ; 1.0744568163354701E8 ; 3.0649980951726847E9 ; 5.8914587937623146E10 ; 31060.079999999765
359 ; 8561447.193219803 ; 1.0720428269669631E8 ; 3.0735595423659043E9 ; 5.902203361925669E10 ; 31146.839999999764
360 ; 8951447.193219801 ; 1.0696338625529116E8 ; 3.082120989559124E9 ; 5.9129237901953384E10 ; 31233.599999999762
361 ; 8951447.193219801 ; 1.0711821594872895E8 ; 3.0910724367523437E9 ; 5.923620128820868E10 ; 31320.35999999976
362 ; 8951447.193219801 ; 1.0758163409716398E8 ; 3.1000238839455633E9 ; 5.934331950415741E10 ; 31407.11999999976
363 ; 8951447.193219801 ; 1.0835364069137451E8 ; 3.108975331138783E9 ; 5.945090113825457E10 ; 31493.879999999757
364 ; 8951447.193219801 ; 1.094342357232236E8 ; 3.1179267783320026E9 ; 5.9559254778945946E10 ; 31580.639999999756
365 ; 8951447.193219801 ; 1.1082341918565926E8 ; 3.1268782255252223E9 ; 5.966868901466917E10 ; 31667.399999999754
366 ; 8951447.193219801 ; 1.1252119107271409E8 ; 3.135829672718442E9 ; 5.977951243385483E10 ; 31754.159999999752
367 ; 8951447.193219801 ; 1.145275513795059E8 ; 3.1447811199116616E9 ; 5.989203362492754E10 ; 31840.91999999975
368 ; 8951447.193219801 ; 1.168425001022372E8 ; 3.1537325671048813E9 ; 6.000656117630705E10 ; 31927.67999999975
369 ; 8951447.193219801 ; 1.1946603723819551E8 ; 3.162684014298101E9 ; 6.012340367640929E10 ; 32014.439999999748
370 ; 8951447.193219801 ; 1.223981627857534E8 ; 3.1716354614913206E9 ; 6.0242869713647484E10 ; 32101.199999999746
371 ; 8951447.193219801 ; 1.2563887674436837E8 ; 3.1805869086845403E9 ; 6.0365267876433235E10 ; 32187.959999999744
372 ; 8951447.193219801 ; 1.291881791145829E8 ; 3.18953835587776E9 ; 6.0490906753177605E10 ; 32274.719999999743
373 ; 8951447.193219801 ; 1.3304606989802441E8 ; 3.1984898030709796E9 ; 6.062009493229219E10 ; 32361.47999999974
374 ; 8951447.193219801 ; 1.372125490974055E8 ; 3.2074412502641993E9 ; 6.0753141002190216E10 ; 32448.23999999974
375 ; 8951447.193219801 ; 1.4168761671652347E8 ; 3.216392697457419E9 ; 6.089035355128762E10 ; 32534.999999999738
376 ; 8951447.193219801 ; 1.4647127276026067E8 ; 3.2253441446506386E9 ; 6.103204116800414E10 ; 32621.759999999736
377 ; 8951447.193219801 ; 1.5156351723458442E8 ; 3.2342955918438582E9 ; 6.1178512440764404E10 ; 32708.519999999735
378 ; 8951447.193219801 ; 1.5696435014654672E8 ; 3.243247039037078E9 ; 6.1330075957998985E10 ; 32795.27999999974
379 ; 8951447.193219801 ; 1.6267377150428453E8 ; 3.2521984862302976E9 ; 6.148704030814553E10 ; 32882.03999999974
380 ; 8951447.193219801 ; 1.6869178131701955E8 ; 3.261149933423517E9 ; 6.164971407964982E10 ; 32968.79999999974
381 ; 8951447.193219801 ; 1.7501837959505805E8 ; 3.270101380616737E9 ; 6.1818405860966835E10 ; 33055.55999999974
382 ; 8951447.193219801 ; 1.816535663497911E8 ; 3.2790528278099566E9 ; 6.199342424056189E10 ; 33142.319999999745
383 ; 8951447.193219801 ; 1.885973415936942E8 ; 3.288004275003176E9 ; 6.217507780691168E10 ; 33229.07999999975
384 ; 8951447.193219801 ; 1.9584970534032726E8 ; 3.296955722196396E9 ; 6.236367514850538E10 ; 33315.83999999975
385 ; 8951447.193219801 ; 2.020986985025182E8 ; 3.3059071693896155E9 ; 6.25595248538457E10 ; 33402.59999999975
386 ; 8951447.193219801 ; 2.0209786892925832E8 ; 3.314858616582835E9 ; 6.276162355234822E10 ; 33489.35999999975
387 ; 8951447.193219801 ; 2.020969859306056E8 ; 3.323810063776055E9 ; 6.296372142127748E10 ; 33576.119999999755
388 ; 8951447.193219801 ; 2.0209604952445692E8 ; 3.3327615109692745E9 ; 6.3165818407208084E10 ; 33662.87999999976
389 ; 8951447.193219801 ; 2.0209505972979304E8 ; 3.341712958162494E9 ; 6.3367914456732544E10 ; 33749.63999999976
390 ; 8951447.193219801 ; 2.0209401656667864E8 ; 3.350664405355714E9 ; 6.357000951646233E10 ; 33836.39999999976
391 ; 8951447.193219801 ; 2.0209292005626196E8 ; 3.3596158525489335E9 ; 6.3772103533029015E10 ; 33923.15999999976
392 ; 8951447.193219801 ; 2.020917702207749E8 ; 3.368567299742153E9 ; 6.397419645308527E10 ; 34009.919999999765
393 ; 8951447.193219801 ; 2.020905670835327E8 ; 3.377518746935373E9 ; 6.4176288223306046E10 ; 34096.67999999977
394 ; 8951447.193219801 ; 2.020893106689338E8 ; 3.3864701941285925E9 ; 6.437837879038958E10 ; 34183.43999999977
395 ; 8951447.193219801 ; 2.020880010024599E8 ; 3.395421641321812E9 ; 6.458046810105851E10 ; 34270.19999999977
396 ; 8951447.193219801 ; 2.020866381106755E8 ; 3.404373088515032E9 ; 6.478255610206097E10 ; 34356.95999999977
397 ; 8951447.193219801 ; 2.0208522202122793E8 ; 3.4133245357082515E9 ; 6.498464274017164E10 ; 34443.719999999776
398 ; 8951447.193219801 ; 2.0208375276284704E8 ; 3.422275982901471E9 ; 6.518672796219286E10 ; 34530.47999999978
399 ; 8951447.193219801 ; 2.0208223036534518E8 ; 3.431227430094691E9 ; 6.538881171495571E10 ; 34617.23999999978
400 ; 8951447.193219801 ; 2.020806548596169E8 ; 3.4401788772879105E9 ; 6.559089394532106E10 ; 34703.99999999978
401 ; 8951447.193219801 ; 2.0207902627763882E8 ; 3.44913032448113E9 ; 6.579297460018068E10 ; 34790.759999999784
402 ; 8951447.193219801 ; 2.0207734465246937E8 ; 3.45808177167435E9 ; 6.599505362645832E10 ; 34877.519999999786
403 ; 8951447.193219801 ; 2.0207561001824862E8 ; 3.4670332188675694E9 ; 6.619713097111079E10 ; 34964.27999999979
404 ; 8951447.193219801 ; 2.0207382241019815E8 ; 3.475984666060789E9 ; 6.6399206581129036E10 ; 35051.03999999979
405 ; 8951447.193219801 ; 2.0207198186462072E8 ; 3.484936113254009E9 ; 6.660128040353923E10 ; 35137.79999999979
406 ; 8951447.193219801 ; 2.0207008841890013E8 ; 3.4938875604472284E9 ; 6.6803352385403854E10 ; 35224.559999999794
407 ; 8951447.193219801 ; 2.02068142111501E8 ; 3.502839007640448E9 ; 6.7005422473822754E10 ; 35311.319999999796
408 ; 8951447.193219801 ; 2.0206614298196855E8 ; 3.5117904548336678E9 ; 6.720749061593426E10 ; 35398.0799999998
409 ; 8951447.193219801 ; 2.0206409107092834E8 ; 3.5207419020268874E9 ; 6.740955675891623E10 ; 35484.8399999998
410 ; 8951447.193219801 ; 2.0206198642008606E8 ; 3.529693349220107E9 ; 6.761162084998716E10 ; 35571.5999999998
411 ; 8951447.193219801 ; 2.0205982907222736E8 ; 3.5386447964133267E9 ; 6.781368283640725E10 ; 35658.359999999804
412 ; 8951447.193219801 ; 2.0205761907121754E8 ; 3.5475962436065464E9 ; 6.801574266547948E10 ; 35745.119999999806
413 ; 8951447.193219801 ; 2.0205535646200126E8 ; 3.556547690799766E9 ; 6.82178002845507E10 ; 35831.87999999981
414 ; 8951447.193219801 ; 2.020530412906025E8 ; 3.5654991379929857E9 ; 6.8419855641012695E10 ; 35918.63999999981
415 ; 8951447.193219801 ; 2.020506736041242E8 ; 3.5744505851862054E9 ; 6.86219086823033E10 ; 36005.39999999981
416 ; 8951447.193219801 ; 2.0204825345074785E8 ; 3.583402032379425E9 ; 6.882395935590742E10 ; 36092.159999999814
417 ; 8951447.193219801 ; 2.0204578087973362E8 ; 3.5923534795726447E9 ; 6.902600760935817E10 ; 36178.919999999816
418 ; 8951447.193219801 ; 2.020432559414198E8 ; 3.6013049267658644E9 ; 6.92280533902379E10 ; 36265.67999999982
419 ; 8951447.193219801 ; 2.0204067868722266E8 ; 3.610256373959084E9 ; 6.943009664617932E10 ; 36352.43999999982
420 ; 8951447.193219801 ; 2.0203804916963628E8 ; 3.6192078211523037E9 ; 6.963213732486655E10 ; 36439.19999999982
421 ; 8951447.193219801 ; 2.0203536744223213E8 ; 3.6281592683455234E9 ; 6.983417537403618E10 ; 36525.959999999825
422 ; 8951447.193219801 ; 2.0203263355965897E8 ; 3.637110715538743E9 ; 7.003621074147841E10 ; 36612.71999999983
423 ; 8951447.193219801 ; 2.0202984757764262E8 ; 3.6460621627319627E9 ; 7.023824337503807E10 ; 36699.47999999983
424 ; 8951447.193219801 ; 2.0202700955298552E8 ; 3.6550136099251823E9 ; 7.04402732226157E10 ; 36786.23999999983
425 ; 8951447.193219801 ; 2.020241195435667E8 ; 3.663965057118402E9 ; 7.064230023216869E10 ; 36872.99999999983
426 ; 8951447.193219801 ; 2.0202117760834146E8 ; 3.6729165043116217E9 ; 7.084432435171225E10 ; 36959.759999999835
427 ; 8951447.193219801 ; 2.0201818380734107E8 ; 3.6818679515048413E9 ; 7.104634552932059E10 ; 37046.51999999984
428 ; 8951447.193219801 ; 2.0201513820167264E8 ; 3.690819398698061E9 ; 7.124836371312793E10 ; 37133.27999999984
429 ; 8951447.193219801 ; 2.0201204085351875E8 ; 3.6997708458912807E9 ; 7.14503788513296E10 ; 37220.03999999984
430 ; 8951447.193219801 ; 2.020088918261374E8 ; 3.7087222930845003E9 ; 7.165239089218312E10 ; 37306.79999999984
431 ; 8951447.193219801 ; 2.0200569118386155E8 ; 3.71767374027772E9 ; 7.185439978400926E10 ; 37393.559999999845
432 ; 8951447.193219801 ; 2.0200243899209914E8 ; 3.7266251874709396E9 ; 7.205640547519313E10 ; 37480.31999999985
433 ; 8951447.193219801 ; 2.0199913531733263E8 ; 3.7355766346641593E9 ; 7.225840791418523E10 ; 37567.07999999985
434 ; 8951447.193219801 ; 2.01995780227119E8 ; 3.744528081857379E9 ; 7.246040704950256E10 ; 37653.83999999985
435 ; 8951447.193219801 ; 2.0199237379008937E8 ; 3.7534795290505986E9 ; 7.266240282972968E10 ; 37740.59999999985
436 ; 8951447.193219801 ; 2.019889160759489E8 ; 3.7624309762438183E9 ; 7.286439520351976E10 ; 37827.359999999855
437 ; 8951447.193219801 ; 2.0198540715547654E8 ; 3.771382423437038E9 ; 7.30663841195957E10 ; 37914.11999999986
438 ; 8951447.193219801 ; 2.019818471005249E8 ; 3.7803338706302576E9 ; 7.326836952675117E10 ; 38000.87999999986
439 ; 8951447.193219801 ; 2.0197823598401994E8 ; 3.7892853178234773E9 ; 7.34703513738517E10 ; 38087.63999999986
440 ; 8951447.193219801 ; 2.0197457387996098E8 ; 3.798236765016697E9 ; 7.367232960983572E10 ; 38174.39999999986
441 ; 8951447.193219801 ; 2.0197086086342034E8 ; 3.8071882122099166E9 ; 7.387430418371568E10 ; 38261.159999999865
442 ; 8951447.193219801 ; 2.019670970105433E8 ; 3.8161396594031363E9 ; 7.40762750445791E10 ; 38347.91999999987
443 ; 8951447.193219801 ; 2.0196328239854795E8 ; 3.825091106596356E9 ; 7.427824214158965E10 ; 38434.67999999987
444 ; 8951447.193219801 ; 2.0195941710572505E8 ; 3.8340425537895756E9 ; 7.448020542398819E10 ; 38521.43999999987
445 ; 8951447.193219801 ; 2.0195550121143776E8 ; 3.8429940009827952E9 ; 7.468216484109392E10 ; 38608.19999999987
446 ; 8951447.193219801 ; 2.0195153479612184E8 ; 3.851945448176015E9 ; 7.488412034230536E10 ; 38694.959999999875
447 ; 8951447.193219801 ; 2.019475179412852E8 ; 3.8608968953692346E9 ; 7.508607187710149E10 ; 38781.71999999988
448 ; 8951447.193219801 ; 2.01943450729508E8 ; 3.869848342562454E9 ; 7.528801939504277E10 ; 38868.47999999988
449 ; 8951447.193219801 ; 2.0193933324444264E8 ; 3.878799789755674E9 ; 7.548996284577228E10 ; 38955.23999999988
450 ; 8951447.193219801 ; 2.019351655708135E8 ; 3.8877512369488935E9 ; 7.569190217901672E10 ; 39041.99999999988
451 ; 8951447.193219801 ; 2.0193094779441708E8 ; 3.896702684142113E9 ; 7.589383734458754E10 ; 39128.759999999886
452 ; 8951447.193219801 ; 2.0192668000212184E8 ; 3.905654131335333E9 ; 7.609576829238196E10 ; 39215.51999999989
453 ; 8951447.193219801 ; 2.0192236228186828E8 ; 3.9146055785285525E9 ; 7.629769497238408E10 ; 39302.27999999989
454 ; 8951447.193219801 ; 2.0191799472266895E8 ; 3.923557025721772E9 ; 7.649961733466595E10 ; 39389.03999999989
455 ; 8951447.193219801 ; 2.019135774146084E8 ; 3.932508472914992E9 ; 7.670153532938863E10 ; 39475.799999999894
456 ; 8951447.193219801 ; 2.0190911044884327E8 ; 3.9414599201082115E9 ; 7.690344890680324E10 ; 39562.559999999896
457 ; 8951447.193219801 ; 2.019045939176024E8 ; 3.950411367301431E9 ; 7.710535801725208E10 ; 39649.3199999999
458 ; 8951447.193219801 ; 2.0190002791418684E8 ; 3.959362814494651E9 ; 7.730726261116968E10 ; 39736.0799999999
459 ; 8951447.193219801 ; 2.0189541253297E8 ; 3.9683142616878705E9 ; 7.750916263908386E10 ; 39822.8399999999
460 ; 8951447.193219801 ; 2.0189074786939788E8 ; 3.97726570888109E9 ; 7.771105805161684E10 ; 39909.599999999904
461 ; 8951447.193219801 ; 2.01886034019989E8 ; 3.98621715607431E9 ; 7.791294879948624E10 ; 39996.359999999906
462 ; 8951447.193219801 ; 2.0188127108233488E8 ; 3.9951686032675295E9 ; 7.811483483350623E10 ; 40083.11999999991
463 ; 8951447.193219801 ; 2.0187645915509993E8 ; 4.004120050460749E9 ; 7.831671610458856E10 ; 40169.87999999991
464 ; 8951447.193219801 ; 2.01871598338022E8 ; 4.013071497653969E9 ; 7.851859256374367E10 ; 40256.63999999991
465 ; 8951447.193219801 ; 2.0186668873191243E8 ; 4.0220229448471885E9 ; 7.87204641620817E10 ; 40343.399999999914
466 ; 8951447.193219801 ; 2.0186173043865654E8 ; 4.030974392040408E9 ; 7.892233085081361E10 ; 40430.159999999916
467 ; 8951447.193219801 ; 2.018567235612137E8 ; 4.039925839233628E9 ; 7.912419258125227E10 ; 40516.91999999992
468 ; 8951447.193219801 ; 2.0185166820361802E8 ; 4.0488772864268475E9 ; 7.932604930481349E10 ; 40603.67999999992
469 ; 8951447.193219801 ; 2.0184656447097844E8 ; 4.057828733620067E9 ; 7.95279009730171E10 ; 40690.43999999992
470 ; 8951447.193219801 ; 2.0184141246947938E8 ; 4.066780180813287E9 ; 7.972974753748808E10 ; 40777.199999999924
471 ; 8951447.193219801 ; 2.0183621230638114E8 ; 4.0757316280065064E9 ; 7.993158894995757E10 ; 40863.95999999993
472 ; 8951447.193219801 ; 2.0183096409002036E8 ; 4.084683075199726E9 ; 8.013342516226395E10 ; 40950.71999999993
473 ; 8951447.193219801 ; 2.0182590477116036E8 ; 4.093634522392946E9 ; 8.033525612635397E10 ; 41037.47999999993
474 ; 8951447.193219801 ; 2.0182126966543227E8 ; 4.1025859695861654E9 ; 8.053708203112514E10 ; 41124.23999999993
475 ; 8951447.193219801 ; 2.0181658438360122E8 ; 4.111537416779385E9 ; 8.073890330079057E10 ; 41210.999999999935
476 ; 8951447.193219801 ; 2.018118490383154E8 ; 4.1204888639726048E9 ; 8.094071988517418E10 ; 41297.75999999994
477 ; 8951447.193219801 ; 2.0180706374330246E8 ; 4.1294403111658244E9 ; 8.11425317342125E10 ; 41384.51999999994
478 ; 8951447.193219801 ; 2.0180222861337054E8 ; 4.138391758359044E9 ; 8.13443387979558E10 ; 41471.27999999994
479 ; 8951447.193219801 ; 2.0179734376440886E8 ; 4.1473432055522637E9 ; 8.154614102656917E10 ; 41558.03999999994
480 ; 8893947.193219801 ; 2.0179240931338865E8 ; 4.1562946527454834E9 ; 8.174793837033357E10 ; 41644.799999999945
481 ; 8893947.193219801 ; 2.0178742537836415E8 ; 4.165188599938703E9 ; 8.194973077964696E10 ; 41731.55999999995
482 ; 8893947.193219801 ; 2.0178239207847354E8 ; 4.1740825471319227E9 ; 8.215151820502531E10 ; 41818.31999999995
483 ; 8893947.193219801 ; 2.0177730953394E8 ; 4.1829764943251424E9 ; 8.235330059710379E10 ; 41905.07999999995
484 ; 8893947.193219801 ; 2.017721778660727E8 ; 4.191870441518362E9 ; 8.255507790663773E10 ; 41991.83999999995
485 ; 8893947.193219801 ; 2.0176699719726822E8 ; 4.2007643887115817E9 ; 8.27568500845038E10 ; 42078.599999999955
486 ; 8893947.193219801 ; 2.0176176765101144E8 ; 4.2096583359048014E9 ; 8.295861708170107E10 ; 42165.35999999996
487 ; 8893947.193219801 ; 2.0175648935187706E8 ; 4.218552283098021E9 ; 8.316037884935208E10 ; 42252.11999999996
488 ; 8893947.193219801 ; 2.017511624255309E8 ; 4.2274462302912407E9 ; 8.336213533870396E10 ; 42338.87999999996
489 ; 8893947.193219801 ; 2.0174578699873132E8 ; 4.2363401774844604E9 ; 8.35638865011295E10 ; 42425.63999999996
490 ; 8561447.193219803 ; 2.017403631993307E8 ; 4.24523412467768E9 ; 8.376563228812823E10 ; 42512.399999999965
491 ; 8561447.193219803 ; 2.01734891156277E8 ; 4.2537955718708997E9 ; 8.396737265132756E10 ; 42599.15999999997
492 ; 8561447.193219803 ; 2.0172937099961552E8 ; 4.2623570190641193E9 ; 8.416910754248384E10 ; 42685.91999999997
493 ; 8561447.193219803 ; 2.017238028604905E8 ; 4.270918466257339E9 ; 8.437083691348346E10 ; 42772.67999999997
494 ; 8561447.193219803 ; 2.01718186871147E8 ; 4.2794799134505587E9 ; 8.457256071634395E10 ; 42859.43999999997
495 ; 8561447.193219803 ; 2.0171252316493285E8 ; 4.2880413606437783E9 ; 8.477427890321509E10 ; 42946.199999999975
496 ; 8561447.193219803 ; 2.0170681187630048E8 ; 4.296602807836998E9 ; 8.497599142638002E10 ; 43032.95999999998
497 ; 8561447.193219803 ; 2.0170105314080927E8 ; 4.305164255030218E9 ; 8.517769823825632E10 ; 43119.71999999998
498 ; 8561447.193219803 ; 2.0169524709512743E8 ; 4.313725702223438E9 ; 8.537939929139713E10 ; 43206.47999999998
499 ; 8561447.193219803 ; 2.0168939387703452E8 ; 4.322287149416658E9 ; 8.558109453849225E10 ; 43293.23999999998
500 ; 8561447.193219803 ; 2.0168349362542373E8 ; 4.330848596609879E9 ; 8.578278393236928E10 ; 43379.999999999985
501 ; 8561447.193219803 ; 2.0167754648030436E8 ; 4.339410043803099E9 ; 8.59844674259947E10 ; 43466.75999999999
502 ; 8561447.193219803 ; 2.016715525828044E8 ; 4.347971490996319E9 ; 8.6186144972475E10 ; 43553.51999999999
503 ; 8561447.193219803 ; 2.0166551207517338E8 ; 4.356532938189539E9 ; 8.638781652505782E10 ; 43640.27999999999
504 ; 8561447.193219803 ; 2.0165942510078496E8 ; 4.365094385382759E9 ; 8.6589482037133E10 ; 43727.03999999999
505 ; 8561447.193219803 ; 2.0165329180414012E8 ; 4.373655832575979E9 ; 8.679114146223378E10 ; 43813.799999999996
506 ; 8561447.193219803 ; 2.0164711233087003E8 ; 4.382217279769199E9 ; 8.699279475403792E10 ; 43900.56
507 ; 8561447.193219803 ; 2.0164088682773942E8 ; 4.3907787269624195E9 ; 8.719444186636879E10 ; 43987.32
508 ; 8561447.193219803 ; 2.016346154426498E8 ; 4.39934017415564E9 ; 8.739608275319653E10 ; 44074.08
509 ; 8561447.193219803 ; 2.0162829832464302E8 ; 4.40790162134886E9 ; 8.759771736863918E10 ; 44160.840000000004
510 ; 8561447.193219803 ; 2.0162193562390476E8 ; 4.41646306854208E9 ; 8.779934566696382E10 ; 44247.600000000006
511 ; 8561447.193219803 ; 2.0161552749176845E8 ; 4.4250245157353E9 ; 8.800096760258772E10 ; 44334.36000000001
512 ; 8561447.193219803 ; 2.0160907408071908E8 ; 4.43358596292852E9 ; 8.82025831300795E10 ; 44421.12000000001
513 ; 8561447.193219803 ; 2.0160257554439732E8 ; 4.44214741012174E9 ; 8.840419220416022E10 ; 44507.88000000001
514 ; 8561447.193219803 ; 2.0159603203760377E8 ; 4.4507088573149605E9 ; 8.860579477970462E10 ; 44594.640000000014
515 ; 8561447.193219803 ; 2.0158944371630332E8 ; 4.459270304508181E9 ; 8.880739081174222E10 ; 44681.400000000016
516 ; 8561447.193219803 ; 2.0158281073762974E8 ; 4.467831751701401E9 ; 8.900898025545853E10 ; 44768.16000000002
517 ; 8561447.193219803 ; 2.0157613325989053E8 ; 4.476393198894621E9 ; 8.921056306619615E10 ; 44854.92000000002
518 ; 8561447.193219803 ; 2.0156941144257176E8 ; 4.484954646087841E9 ; 8.941213919945604E10 ; 44941.68000000002
519 ; 8561447.193219803 ; 2.015626454463433E8 ; 4.493516093281061E9 ; 8.96137086108986E10 ; 45028.440000000024
520 ; 8561447.193219803 ; 2.0155583543306404E8 ; 4.502077540474281E9 ; 8.981527125634496E10 ; 45115.200000000026
521 ; 8561447.193219803 ; 2.0154898156578764E8 ; 4.510638987667501E9 ; 9.001682709177802E10 ; 45201.96000000003
522 ; 8561447.193219803 ; 2.015420840087681E8 ; 4.519200434860722E9 ; 9.02183760733438E10 ; 45288.72000000003
523 ; 8561447.193219803 ; 2.015351429274659E8 ; 4.527761882053942E9 ; 9.041991815735257E10 ; 45375.48000000003
524 ; 8561447.193219803 ; 2.0152815848855406E8 ; 4.536323329247162E9 ; 9.062145330028003E10 ; 45462.240000000034
525 ; 8561447.193219803 ; 2.0152113085992476E8 ; 4.544884776440382E9 ; 9.082298145876859E10 ; 45549.00000000004
526 ; 8561447.193219803 ; 2.0151406021069592E8 ; 4.553446223633602E9 ; 9.102450258962851E10 ; 45635.76000000004
527 ; 8561447.193219803 ; 2.0150694671121818E8 ; 4.562007670826822E9 ; 9.12260166498392E10 ; 45722.52000000004
528 ; 8561447.193219803 ; 2.014997905330822E8 ; 4.570569118020042E9 ; 9.142752359655042E10 ; 45809.28000000004
529 ; 8561447.193219803 ; 2.0149259184912598E8 ; 4.579130565213263E9 ; 9.16290233870835E10 ; 45896.040000000045
530 ; 8561447.193219803 ; 2.014853508334428E8 ; 4.587692012406483E9 ; 9.183051597893262E10 ; 45982.80000000005
531 ; 8561447.193219803 ; 2.0147806766138917E8 ; 4.596253459599703E9 ; 9.203200132976607E10 ; 46069.56000000005
532 ; 8561447.193219803 ; 2.0147074250959322E8 ; 4.604814906792923E9 ; 9.223347939742746E10 ; 46156.32000000005
533 ; 8561447.193219803 ; 2.0146337555596343E8 ; 4.613376353986143E9 ; 9.243495013993706E10 ; 46243.08000000005
534 ; 8561447.193219803 ; 2.014559669796975E8 ; 4.621937801179363E9 ; 9.263641351549303E10 ; 46329.840000000055
535 ; 8561447.193219803 ; 2.0144851696129185E8 ; 4.630499248372583E9 ; 9.283786948247272E10 ; 46416.60000000006
536 ; 8561447.193219803 ; 2.0144102568255118E8 ; 4.639060695565804E9 ; 9.3039317999434E10 ; 46503.36000000006
537 ; 8561447.193219803 ; 2.0143349332659847E8 ; 4.647622142759024E9 ; 9.324075902511656E10 ; 46590.12000000006
538 ; 8561447.193219803 ; 2.014259200778856E8 ; 4.656183589952244E9 ; 9.344219251844316E10 ; 46676.88000000006
539 ; 8561447.193219803 ; 2.014183061222039E8 ; 4.664745037145464E9 ; 9.364361843852104E10 ; 46763.640000000065
540 ; 8561447.193219803 ; 2.0141065164669544E8 ; 4.673306484338684E9 ; 9.384503674464325E10 ; 46850.40000000007
541 ; 8561447.193219803 ; 2.0140295683986473E8 ; 4.681867931531904E9 ; 9.404644739628995E10 ; 46937.16000000007
542 ; 8561447.193219803 ; 2.0139522189159065E8 ; 4.690429378725124E9 ; 9.42478503531298E10 ; 47023.92000000007
543 ; 8561447.193219803 ; 2.0138744699313894E8 ; 4.6989908259183445E9 ; 9.44492455750214E10 ; 47110.68000000007
544 ; 8561447.193219803 ; 2.013796323371751E8 ; 4.707552273111565E9 ; 9.465063302201453E10 ; 47197.440000000075
545 ; 8561447.193219803 ; 2.01371778117778E8 ; 4.716113720304785E9 ; 9.48520126543517E10 ; 47284.20000000008
546 ; 8561447.193219803 ; 2.013638845304536E8 ; 4.724675167498005E9 ; 9.505338443246948E10 ; 47370.96000000008
547 ; 8561447.193219803 ; 2.0135595177214935E8 ; 4.733236614691225E9 ; 9.525474831699994E10 ; 47457.72000000008
548 ; 8561447.193219803 ; 2.0134798004126936E8 ; 4.741798061884445E9 ; 9.54561042687721E10 ; 47544.48000000008
549 ; 8561447.193219803 ; 2.0133996953768978E8 ; 4.750359509077665E9 ; 9.565745224881337E10 ; 47631.240000000085
550 ; 8561447.193219803 ; 2.013319204627748E8 ; 4.758920956270885E9 ; 9.585879221835106E10 ; 47718.00000000009
551 ; 8561447.193219803 ; 2.0132383301939347E8 ; 4.767482403464106E9 ; 9.606012413881383E10 ; 47804.76000000009
552 ; 8561447.193219803 ; 2.0131570741193697E8 ; 4.776043850657326E9 ; 9.626144797183322E10 ; 47891.52000000009
553 ; 8561447.193219803 ; 2.0130754384633642E8 ; 4.784605297850546E9 ; 9.646276367924516E10 ; 47978.28000000009
554 ; 8561447.193219803 ; 2.0129934253008166E8 ; 4.793166745043766E9 ; 9.66640712230915E10 ; 48065.040000000095
555 ; 8561447.193219803 ; 2.0129110367224035E8 ; 4.801728192236986E9 ; 9.686537056562158E10 ; 48151.8000000001
556 ; 8561447.193219803 ; 2.012828274834781E8 ; 4.810289639430206E9 ; 9.706666166929382E10 ; 48238.5600000001
557 ; 8561447.193219803 ; 1.9835862256009084E8 ; 4.818851086623426E9 ; 9.72679444967773E10 ; 48325.3200000001
558 ; 8561447.193219803 ; 1.5347278144639665E8 ; 4.827412533816647E9 ; 9.746630311933739E10 ; 48412.0800000001
559 ; 8561447.193219803 ; 1.5311472160298136E8 ; 4.835973981009867E9 ; 9.761977590078378E10 ; 48498.840000000106
560 ; 8561447.193219803 ; 1.5275742861130393E8 ; 4.844535428203087E9 ; 9.777289062238676E10 ; 48585.60000000011
561 ; 8561447.193219803 ; 1.5240090084482524E8 ; 4.853096875396307E9 ; 9.792564805099806E10 ; 48672.36000000011
562 ; 8561447.193219803 ; 1.5204513668298066E8 ; 4.861658322589527E9 ; 9.807804895184288E10 ; 48759.12000000011
563 ; 8561447.193219803 ; 1.5169013451119596E8 ; 4.870219769782747E9 ; 9.823009408852586E10 ; 48845.880000000114
564 ; 8561447.193219803 ; 1.5133589272090444E8 ; 4.878781216975967E9 ; 9.838178422303706E10 ; 48932.640000000116
565 ; 8561447.193219803 ; 1.5098240970956498E8 ; 4.887342664169188E9 ; 9.853312011575797E10 ; 49019.40000000012
566 ; 8561447.193219803 ; 1.5062968388068137E8 ; 4.895904111362408E9 ; 9.868410252546753E10 ; 49106.16000000012
567 ; 8561447.193219803 ; 1.502777136438225E8 ; 4.904465558555628E9 ; 9.88347322093482E10 ; 49192.92000000012
568 ; 8561447.193219803 ; 1.4992649741464382E8 ; 4.913027005748848E9 ; 9.898500992299203E10 ; 49279.680000000124
569 ; 8561447.193219803 ; 1.495760336149101E8 ; 4.921588452942068E9 ; 9.913493642040668E10 ; 49366.440000000126
570 ; 8561447.193219803 ; 1.492263206725192E8 ; 4.930149900135288E9 ; 9.928451245402159E10 ; 49453.20000000013
571 ; 8561447.193219803 ; 1.4887735702152735E8 ; 4.938711347328508E9 ; 9.94337387746941E10 ; 49539.96000000013
572 ; 8561447.193219803 ; 1.4852914110217577E8 ; 4.9472727945217285E9 ; 9.958261613171564E10 ; 49626.72000000013
573 ; 8561447.193219803 ; 1.4818167136091846E8 ; 4.955834241714949E9 ; 9.973114527281781E10 ; 49713.480000000134
574 ; 8561447.193219803 ; 1.4783494625045183E8 ; 4.964395688908169E9 ; 9.987932694417873E10 ; 49800.240000000136
575 ; 8561447.193219803 ; 1.4748896422974542E8 ; 4.972957136101389E9 ; 1.0002716189042918E11 ; 49887.00000000014
576 ; 8561447.193219803 ; 1.4714372376407477E8 ; 4.981518583294609E9 ; 1.0017465085465894E11 ; 49973.76000000014
577 ; 8561447.193219803 ; 1.4679922332505515E8 ; 4.990080030487829E9 ; 1.00321794578423E11 ; 50060.52000000014
578 ; 8561447.193219803 ; 1.46455461390678E8 ; 4.998641477681049E9 ; 1.0046859380174806E11 ; 50147.280000000144
579 ; 8561447.193219803 ; 1.4611243644534808E8 ; 5.0072029248742695E9 ; 1.0061504926313873E11 ; 50234.04000000015
580 ; 8561447.193219803 ; 1.4577014697992346E8 ; 5.01576437206749E9 ; 1.0076116169958408E11 ; 50320.80000000015
581 ; 8561447.193219803 ; 1.4542859149175683E8 ; 5.02432581926071E9 ; 1.00906931846564E11 ; 50407.56000000015
582 ; 8561447.193219803 ; 1.4508776848473898E8 ; 5.03288726645393E9 ; 1.0105236043805576E11 ; 50494.32000000015
583 ; 8561447.193219803 ; 1.4474767646934462E8 ; 5.04144871364715E9 ; 1.011974482065405E11 ; 50581.080000000155
584 ; 8561447.193219803 ; 1.4440831396268013E8 ; 5.05001016084037E9 ; 1.0134219588300984E11 ; 50667.84000000016
585 ; 8561447.193219803 ; 1.4406967948853368E8 ; 5.05857160803359E9 ; 1.0148660419697252E11 ; 50754.60000000016
586 ; 8561447.193219803 ; 1.4373177157742777E8 ; 5.06713305522681E9 ; 1.0163067387646106E11 ; 50841.36000000016
587 ; 8561447.193219803 ; 1.433945887666745E8 ; 5.075694502420031E9 ; 1.0177440564803848E11 ; 50928.12000000016
588 ; 8561447.193219803 ; 1.430581296004328E8 ; 5.084255949613251E9 ; 1.0191780023680516E11 ; 51014.880000000165
589 ; 8561447.193219803 ; 1.4272239262976936E8 ; 5.092817396806471E9 ; 1.020608583664056E11 ; 51101.64000000017
590 ; 8561447.193219803 ; 1.4238737641272143E8 ; 5.101378843999691E9 ; 1.0220358075903537E11 ; 51188.40000000017
591 ; 8561447.193219803 ; 1.420530795143632E8 ; 5.109940291192911E9 ; 1.0234596813544809E11 ; 51275.16000000017
592 ; 8561447.193219803 ; 1.4171950050687525E8 ; 5.118501738386131E9 ; 1.0248802121496245E11 ; 51361.92000000017
593 ; 8561447.193219803 ; 1.413866379696169E8 ; 5.127063185579351E9 ; 1.0262974071546933E11 ; 51448.680000000175
594 ; 8561447.193219803 ; 1.4105449048920232E8 ; 5.135624632772572E9 ; 1.0277112735343895E11 ; 51535.44000000018
595 ; 8561447.193219803 ; 1.407230566595801E8 ; 5.144186079965792E9 ; 1.0291218184392815E11 ; 51622.20000000018
596 ; 8561447.193219803 ; 1.4039233508211643E8 ; 5.152747527159012E9 ; 1.0305290490058772E11 ; 51708.96000000018
597 ; 8561447.193219803 ; 1.4006232436568204E8 ; 5.161308974352232E9 ; 1.0319329723566985E11 ; 51795.72000000018
598 ; 8561447.193219803 ; 1.3973302312674388E8 ; 5.169870421545452E9 ; 1.0333335956003552E11 ; 51882.480000000185
599 ; 8561447.193219803 ; 1.3940442998946014E8 ; 5.178431868738672E9 ; 1.0347309258316226E11 ; 51969.24000000019
600 ; 8561447.193219803 ; 1.390765435857802E8 ; 5.186993315931892E9 ; 1.0361249701315172E11 ; 52056.00000000019
601 ; 8561447.193219803 ; 1.3874936255554953E8 ; 5.195554763125113E9 ; 1.037515735567375E11 ; 52142.76000000019
602 ; 8561447.193219803 ; 1.3842288554661873E8 ; 5.204116210318333E9 ; 1.0389032291929305E11 ; 52229.52000000019
603 ; 8561447.193219803 ; 1.3809711121495843E8 ; 5.212677657511553E9 ; 1.0402874580483966E11 ; 52316.280000000195
604 ; 8561447.193219803 ; 1.3777203822477907E8 ; 5.221239104704773E9 ; 1.0416684291605463E11 ; 52403.0400000002
605 ; 8561447.193219803 ; 1.374476652486565E8 ; 5.229800551897993E9 ; 1.043046149542794E11 ; 52489.8000000002
606 ; 8561447.193219803 ; 1.3712399096766368E8 ; 5.238361999091213E9 ; 1.0444206261952806E11 ; 52576.5600000002
607 ; 8561447.193219803 ; 1.3680101407150784E8 ; 5.246923446284433E9 ; 1.0457918661049573E11 ; 52663.3200000002
608 ; 8561447.193219803 ; 1.3647873325867513E8 ; 5.2554848934776535E9 ; 1.0471598762456723E11 ; 52750.080000000205
609 ; 8561447.193219803 ; 1.3615714723658133E8 ; 5.264046340670874E9 ; 1.0485246635782591E11 ; 52836.84000000021
610 ; 8561447.193219803 ; 1.3583625472173E8 ; 5.272607787864094E9 ; 1.049886235050625E11 ; 52923.60000000021
611 ; 8561447.193219803 ; 1.3551605443987808E8 ; 5.281169235057314E9 ; 1.0512445975978423E11 ; 53010.36000000021
612 ; 8561447.193219803 ; 1.3519654512620944E8 ; 5.289730682250534E9 ; 1.052599758142241E11 ; 53097.12000000021
613 ; 8561447.193219803 ; 1.348777255255165E8 ; 5.298292129443754E9 ; 1.0539517235935031E11 ; 53183.880000000216
614 ; 8561447.193219803 ; 1.345595943923909E8 ; 5.306853576636974E9 ; 1.0553005008487582E11 ; 53270.64000000022
615 ; 8561447.193219803 ; 1.3424215049142292E8 ; 5.315415023830194E9 ; 1.0566460967926822E11 ; 53357.40000000022
616 ; 8561447.193219803 ; 1.3392539259741087E8 ; 5.323976471023415E9 ; 1.0579885182975964E11 ; 53444.16000000022
617 ; 8561447.193219803 ; 1.3360931949558027E8 ; 5.332537918216635E9 ; 1.0593277722235706E11 ; 53530.920000000224
618 ; 8561447.193219803 ; 1.3329392998181386E8 ; 5.341099365409855E9 ; 1.0606638654185263E11 ; 53617.680000000226
619 ; 8561447.193219803 ; 1.3297922286289282E8 ; 5.349660812603075E9 ; 1.0619968047183444E11 ; 53704.44000000023
620 ; 8561447.193219803 ; 1.326651969567496E8 ; 5.358222259796295E9 ; 1.0633265969469734E11 ; 53791.20000000023
621 ; 8561447.193219803 ; 1.3235185109273322E8 ; 5.366783706989515E9 ; 1.064653248916541E11 ; 53877.96000000023
622 ; 8561447.193219803 ; 1.3203918411188771E8 ; 5.375345154182735E9 ; 1.0659767674274683E11 ; 53964.720000000234
623 ; 8561447.193219803 ; 1.317271948672442E8 ; 5.383906601375956E9 ; 1.0672971592685872E11 ; 54051.480000000236
624 ; 8561447.193219803 ; 1.3141588222412747E8 ; 5.392468048569176E9 ; 1.0686144312172597E11 ; 54138.24000000024
625 ; 8561447.193219803 ; 1.3110524506047782E8 ; 5.401029495762396E9 ; 1.0699285900395009E11 ; 54225.00000000024
626 ; 8561447.193219803 ; 1.3079528226718915E8 ; 5.409590942955616E9 ; 1.0712396424901056E11 ; 54311.76000000024
627 ; 8561447.193219803 ; 1.3048599274846373E8 ; 5.418152390148836E9 ; 1.0725475953127776E11 ; 54398.520000000244
628 ; 8561447.193219803 ; 1.3017737542218503E8 ; 5.426713837342056E9 ; 1.0738524552402621E11 ; 54485.280000000246
629 ; 8561447.193219803 ; 1.2986942922030948E8 ; 5.435275284535276E9 ; 1.075154228994484E11 ; 54572.04000000025
630 ; 8561447.193219803 ; 1.2956215308927816E8 ; 5.443836731728497E9 ; 1.076452923286687E11 ; 54658.80000000025
631 ; 8561447.193219803 ; 1.2925554599044926E8 ; 5.452398178921717E9 ; 1.0777485448175798E11 ; 54745.56000000025
632 ; 8561447.193219803 ; 1.2894960690055321E8 ; 5.460959626114937E9 ; 1.0790411002774843E11 ; 54832.320000000254
633 ; 8561447.193219803 ; 1.286443348121707E8 ; 5.469521073308157E9 ; 1.0803305963464899E11 ; 54919.08000000026
634 ; 8561447.193219803 ; 1.2833972873423614E8 ; 5.478082520501377E9 ; 1.0816170396946115E11 ; 55005.84000000026
635 ; 8561447.193219803 ; 1.2803578769256657E8 ; 5.486643967694597E9 ; 1.0829004369819539E11 ; 55092.60000000026
636 ; 8561447.193219803 ; 1.2773251073041889E8 ; 5.495205414887817E9 ; 1.0841807948588795E11 ; 55179.36000000026
637 ; 8561447.193219803 ; 1.2742989690907595E8 ; 5.5037668620810375E9 ; 1.0854581199661838E11 ; 55266.120000000265
638 ; 8561447.193219803 ; 1.2712794530846362E8 ; 5.512328309274258E9 ; 1.0867324189352745E11 ; 55352.88000000027
639 ; 8561447.193219803 ; 1.268266550278008E8 ; 5.520889756467478E9 ; 1.088003698388359E11 ; 55439.64000000027
640 ; 8561447.193219803 ; 1.265260251862837E8 ; 5.529451203660698E9 ; 1.0892719649386371E11 ; 55526.40000000027
641 ; 8561447.193219803 ; 1.2622605492380701E8 ; 5.538012650853918E9 ; 1.0905372251904999E11 ; 55613.16000000027
642 ; 8561447.193219803 ; 1.2592674340172367E8 ; 5.546574098047138E9 ; 1.091799485739738E11 ; 55699.920000000275
643 ; 8561447.193219803 ; 1.2562808980364564E8 ; 5.555135545240358E9 ; 1.0930587531737552E11 ; 55786.68000000028
644 ; 8561447.193219803 ; 1.2533009333628833E8 ; 5.5636969924335785E9 ; 1.0943150340717917E11 ; 55873.44000000028
645 ; 8561447.193219803 ; 1.2503275323036069E8 ; 5.572258439626799E9 ; 1.0955683350051546E11 ; 55960.20000000028
646 ; 8561447.193219803 ; 1.2473606874150412E8 ; 5.580819886820019E9 ; 1.0968186625374582E11 ; 56046.96000000028
647 ; 8561447.193219803 ; 1.2444003915128303E8 ; 5.589381334013239E9 ; 1.0980660232248732E11 ; 56133.720000000285
648 ; 8561447.193219803 ; 1.2414466376823E8 ; 5.597942781206459E9 ; 1.099310423616386E11 ; 56220.48000000029
649 ; 8561447.193219803 ; 1.2384994192894891E8 ; 5.606504228399679E9 ; 1.1005518702540683E11 ; 56307.24000000029
650 ; 8561447.193219803 ; 1.2355587299927889E8 ; 5.615065675592899E9 ; 1.1017903696733578E11 ; 56394.00000000029
651 ; 8561447.193219803 ; 1.232624563755242E8 ; 5.623627122786119E9 ; 1.1030259284033507E11 ; 56480.76000000029
652 ; 8561447.193219803 ; 1.2296969148575205E8 ; 5.63218856997934E9 ; 1.1042585529671059E11 ; 56567.520000000295
653 ; 8561447.193219803 ; 1.2267757779116388E8 ; 5.64075001717256E9 ; 1.1054882498819633E11 ; 56654.2800000003
654 ; 8561447.193219803 ; 1.223861147875439E8 ; 5.64931146436578E9 ; 1.106715025659875E11 ; 56741.0400000003
655 ; 8561447.193219803 ; 1.2209530200678954E8 ; 5.657872911559E9 ; 1.1079388868077504E11 ; 56827.8000000003
656 ; 8561447.193219803 ; 1.2180513901852854E8 ; 5.66643435875222E9 ; 1.1091598398278183E11 ; 56914.5600000003
657 ; 8561447.193219803 ; 1.2151562543182836E8 ; 5.67499580594544E9 ; 1.1103778912180035E11 ; 57001.320000000305
658 ; 8561447.193219803 ; 1.212267608970027E8 ; 5.68355725313866E9 ; 1.1115930474723218E11 ; 57088.08000000031
659 ; 8561447.193219803 ; 1.209385451075214E8 ; 5.692118700331881E9 ; 1.1128053150812918E11 ; 57174.84000000031
660 ; 8561447.193219803 ; 1.2065097780202948E8 ; 5.700680147525101E9 ; 1.1140147005323671E11 ; 57261.60000000031
661 ; 8561447.193219803 ; 1.2036405876648179E8 ; 5.709241594718321E9 ; 1.1152212103103874E11 ; 57348.36000000031
662 ; 8561447.193219803 ; 1.2007778783640023E8 ; 5.717803041911541E9 ; 1.1164248508980522E11 ; 57435.120000000315
663 ; 8561447.193219803 ; 1.1979216489926012E8 ; 5.726364489104761E9 ; 1.1176256287764162E11 ; 57521.88000000032
664 ; 8561447.193219803 ; 1.1950718989701352E8 ; 5.734925936297981E9 ; 1.1188235504254088E11 ; 57608.64000000032
665 ; 8561447.193219803 ; 1.1922286282875709E8 ; 5.743487383491201E9 ; 1.120018622324379E11 ; 57695.40000000032
666 ; 8561447.193219803 ; 1.1893918375355251E8 ; 5.752048830684422E9 ; 1.1212108509526665E11 ; 57782.16000000032
667 ; 8561447.193219803 ; 1.186561527934078E8 ; 5.760610277877642E9 ; 1.122400242790202E11 ; 57868.920000000326
668 ; 8561447.193219803 ; 1.1837377013642853E8 ; 5.769171725070862E9 ; 1.1235868043181361E11 ; 57955.68000000033
669 ; 8561447.193219803 ; 1.1809203604014751E8 ; 5.777733172264082E9 ; 1.1247705420195004E11 ; 58042.44000000033
670 ; 8561447.193219803 ; 1.1781095083504231E8 ; 5.786294619457302E9 ; 1.1259514623799019E11 ; 58129.20000000033
671 ; 8561447.193219803 ; 1.175305149282503E8 ; 5.794856066650522E9 ; 1.1271295718882523E11 ; 58215.960000000334
672 ; 8561447.193219803 ; 1.1725072880749035E8 ; 5.803417513843742E9 ; 1.1283048770375348E11 ; 58302.720000000336
673 ; 8561447.193219803 ; 1.1697159304520124E8 ; 5.8119789610369625E9 ; 1.1294773843256097E11 ; 58389.48000000034
674 ; 8561447.193219803 ; 1.1669310830290617E8 ; 5.820540408230183E9 ; 1.1306471002560617E11 ; 58476.24000000034
675 ; 8561447.193219803 ; 1.1641527533581302E8 ; 5.829101855423403E9 ; 1.1318140313390907E11 ; 58563.00000000034
676 ; 8561447.193219803 ; 1.1613809499765971E8 ; 5.837663302616623E9 ; 1.1329781840924489E11 ; 58649.760000000344
677 ; 8561447.193219803 ; 1.1586156824581315E8 ; 5.846224749809843E9 ; 1.1341395650424255E11 ; 58736.520000000346
678 ; 8561447.193219803 ; 1.155856961466305E8 ; 5.854786197003063E9 ; 1.1352981807248837E11 ; 58823.28000000035
679 ; 8561447.193219803 ; 1.1531047988108963E8 ; 5.863347644196283E9 ; 1.1364540376863501E11 ; 58910.04000000035
680 ; 8561447.193219803 ; 1.1503592075069532E8 ; 5.8719090913895035E9 ; 1.137607142485161E11 ; 58996.80000000035
681 ; 8561447.193219803 ; 1.1476202018366542E8 ; 5.880470538582724E9 ; 1.138757501692668E11 ; 59083.560000000354
682 ; 8561447.193219803 ; 1.1448877974140051E8 ; 5.889031985775944E9 ; 1.1399051218945047E11 ; 59170.320000000356
683 ; 8561447.193219803 ; 1.1421620112523669E8 ; 5.897593432969164E9 ; 1.1410500096919186E11 ; 59257.08000000036
684 ; 8561447.193219803 ; 1.1394428618347952E8 ; 5.906154880162384E9 ; 1.1421921717031711E11 ; 59343.84000000036
685 ; 8561447.193219803 ; 1.1367303691871303E8 ; 5.914716327355604E9 ; 1.143331614565006E11 ; 59430.60000000036
686 ; 8561447.193219803 ; 1.1340245549537343E8 ; 5.923277774548824E9 ; 1.1444683449341931E11 ; 59517.360000000364
687 ; 8561447.193219803 ; 1.1313254424757206E8 ; 5.931839221742044E9 ; 1.1456023694891469E11 ; 59604.12000000037
688 ; 8561447.193219803 ; 1.1286330568714634E8 ; 5.940400668935265E9 ; 1.1467336949316226E11 ; 59690.88000000037
689 ; 8561447.193219803 ; 1.1259474251190992E8 ; 5.948962116128485E9 ; 1.1478623279884941E11 ; 59777.64000000037
690 ; 8561447.193219803 ; 1.1232685761406519E8 ; 5.957523563321705E9 ; 1.1489882754136133E11 ; 59864.40000000037
691 ; 8561447.193219803 ; 1.1205965408873162E8 ; 5.966085010514925E9 ; 1.1501115439897539E11 ; 59951.160000000375
692 ; 8561447.193219803 ; 1.1179313524253145E8 ; 5.974646457708145E9 ; 1.1512321405306412E11 ; 60037.92000000038
693 ; 8561447.193219803 ; 1.1152730460216302E8 ; 5.983207904901365E9 ; 1.1523500718830666E11 ; 60124.68000000038
694 ; 8561447.193219803 ; 1.1126216592287542E8 ; 5.991769352094585E9 ; 1.1534653449290881E11 ; 60211.44000000038
695 ; 8561447.193219803 ; 1.1099772319674306E8 ; 6.000330799287806E9 ; 1.154577966588317E11 ; 60298.20000000038
696 ; 8561447.193219803 ; 1.1073398066061974E8 ; 6.008892246481026E9 ; 1.1556879438202844E11 ; 60384.960000000385
697 ; 8561447.193219803 ; 1.1047094280363105E8 ; 6.017453693674246E9 ; 1.1567952836268906E11 ; 60471.72000000039
698 ; 8561447.193219803 ; 1.1020861437404206E8 ; 6.026015140867466E9 ; 1.1578999930549269E11 ; 60558.48000000039
699 ; 8561447.193219803 ; 1.0994700038531137E8 ; 6.034576588060686E9 ; 1.1590020791986673E11 ; 60645.24000000039
700 ; 8561447.193219803 ; 1.0968610612111816E8 ; 6.043138035253906E9 ; 1.1601015492025204E11 ; 60732.00000000039
701 ; 8561447.193219803 ; 1.094259371391195E8 ; 6.051699482447126E9 ; 1.1611984102637317E11 ; 60818.760000000395
702 ; 8561447.193219803 ; 1.0916649927316712E8 ; 6.060260929640347E9 ; 1.1622926696351228E11 ; 60905.5200000004
703 ; 8561447.193219803 ; 1.0890779863368393E8 ; 6.068822376833567E9 ; 1.1633843346278545E11 ; 60992.2800000004
704 ; 8561447.193219803 ; 1.0864984160587227E8 ; 6.077383824026787E9 ; 1.1644734126141913E11 ; 61079.0400000004
705 ; 8561447.193219803 ; 1.0839263484539819E8 ; 6.085945271220007E9 ; 1.16555991103025E11 ; 61165.8000000004
706 ; 8561447.193219803 ; 1.0813618527117409E8 ; 6.094506718413227E9 ; 1.1666438373787039E11 ; 61252.560000000405
707 ; 8561447.193219803 ; 1.0788050005484276E8 ; 6.103068165606447E9 ; 1.1677251992314157E11 ; 61339.32000000041
708 ; 8561447.193219803 ; 1.0762558660655424E8 ; 6.111629612799667E9 ; 1.1688040042319641E11 ; 61426.08000000041
709 ; 8561447.193219803 ; 1.0737145255662593E8 ; 6.1201910599928875E9 ; 1.1698802600980296E11 ; 61512.84000000041
710 ; 8561447.193219803 ; 1.0711810573268579E8 ; 6.128752507186108E9 ; 1.1709539746235959E11 ; 61599.60000000041
711 ; 8561447.193219803 ; 1.0686555413192385E8 ; 6.137313954379328E9 ; 1.1720251556809227E11 ; 61686.360000000415
712 ; 8561447.193219803 ; 1.0661380588812073E8 ; 6.145875401572548E9 ; 1.173093811222242E11 ; 61773.12000000042
713 ; 8561447.193219803 ; 1.063628692331841E8 ; 6.154436848765768E9 ; 1.1741599492811232E11 ; 61859.88000000042
714 ; 8561447.193219803 ; 1.061127524530118E8 ; 6.162998295958988E9 ; 1.175223577973455E11 ; 61946.64000000042
715 ; 8561447.193219803 ; 1.0586346383760974E8 ; 6.171559743152208E9 ; 1.1762847054979852E11 ; 62033.40000000042
716 ; 8561447.193219803 ; 1.0561501162552975E8 ; 6.180121190345428E9 ; 1.1773433401363614E11 ; 62120.160000000425
717 ; 8561447.193219803 ; 1.0536740394285285E8 ; 6.188682637538649E9 ; 1.1783994902526167E11 ; 62206.92000000043
718 ; 8561447.193219803 ; 1.0512064873712577E8 ; 6.197244084731869E9 ; 1.1794531642920453E11 ; 62293.68000000043
719 ; 8561447.193219803 ; 1.0487475370686069E8 ; 6.205805531925089E9 ; 1.1805043707794165E11 ; 62380.44000000043
720 ; 8561447.193219803 ; 1.0462972622741902E8 ; 6.214366979118309E9 ; 1.1815531183164851E11 ; 62467.200000000434
721 ; 8561447.193219803 ; 1.0478079820242152E8 ; 6.222928426311529E9 ; 1.1825994155787593E11 ; 62553.960000000436
722 ; 8561447.193219803 ; 1.0524083973435181E8 ; 6.231489873504749E9 ; 1.1836472235607835E11 ; 62640.72000000044
723 ; 8561447.193219803 ; 1.0600985803649876E8 ; 6.240051320697969E9 ; 1.184699631958127E11 ; 62727.48000000044
724 ; 8561447.193219803 ; 1.0708785968717673E8 ; 6.24861276789119E9 ; 1.185759730538492E11 ; 62814.24000000044
725 ; 8561447.193219803 ; 1.0847485055686465E8 ; 6.25717421508441E9 ; 1.1868306091353638E11 ; 62901.000000000444
726 ; 8561447.193219803 ; 1.1017083574046946E8 ; 6.26573566227763E9 ; 1.1879153576409325E11 ; 62987.760000000446
727 ; 8561447.193219803 ; 1.1217581949644098E8 ; 6.27429710947085E9 ; 1.1890170659983371E11 ; 63074.52000000045
728 ; 8561447.193219803 ; 1.1448980519437513E8 ; 6.28285855666407E9 ; 1.1901388241933015E11 ; 63161.28000000045
729 ; 8561447.193219803 ; 1.1711279527257302E8 ; 6.29142000385729E9 ; 1.1912837222452454E11 ; 63248.04000000045
730 ; 8561447.193219803 ; 1.2004479120678738E8 ; 6.29998145105051E9 ; 1.192454850197971E11 ; 63334.800000000454
731 ; 8561447.193219803 ; 1.2328579349108386E8 ; 6.308542898243731E9 ; 1.1936552981100389E11 ; 63421.560000000456
732 ; 8561447.193219803 ; 1.2683580163139671E8 ; 6.317104345436951E9 ; 1.1948881560449498E11 ; 63508.32000000046
733 ; 8561447.193219803 ; 1.3069481415197334E8 ; 6.325665792630171E9 ; 1.1961565140612637E11 ; 63595.08000000046
734 ; 8561447.193219803 ; 1.3486282861451262E8 ; 6.334227239823391E9 ; 1.1974634622027835E11 ; 63681.84000000046
735 ; 8561447.193219803 ; 1.393398416494186E8 ; 6.342788687016611E9 ; 1.1988120904889287E11 ; 63768.600000000464
736 ; 8561447.193219803 ; 1.4412584899824145E8 ; 6.351350134209831E9 ; 1.2002054889054228E11 ; 63855.360000000466
737 ; 8561447.193219803 ; 1.4922084556607428E8 ; 6.359911581403051E9 ; 1.2016467473954053E11 ; 63942.12000000047
738 ; 8561447.193219803 ; 1.546248254824381E8 ; 6.3684730285962715E9 ; 1.203138955851066E11 ; 64028.88000000047
739 ; 8561447.193219803 ; 1.603377821690186E8 ; 6.377034475789492E9 ; 1.2046852041058904E11 ; 64115.64000000047
740 ; 8561447.193219803 ; 1.6635970841252682E8 ; 6.385595922982712E9 ; 1.2062885819275806E11 ; 64202.400000000474
741 ; 8561447.193219803 ; 1.726905964409398E8 ; 6.394157370175932E9 ; 1.2079521790117058E11 ; 64289.16000000048
742 ; 8561447.193219803 ; 1.7933043800142515E8 ; 6.402718817369152E9 ; 1.2096790849761151E11 ; 64375.92000000048
743 ; 8561447.193219803 ; 1.862792244383635E8 ; 6.411280264562372E9 ; 1.2114723893561293E11 ; 64462.68000000048
744 ; 8561447.193219803 ; 1.9353694677003658E8 ; 6.419841711755592E9 ; 1.213335181600513E11 ; 64549.44000000048
745 ; 8561447.193219803 ; 1.9979163666092023E8 ; 6.4284031589488125E9 ; 1.2152705510682133E11 ; 64636.200000000485
746 ; 8561447.193219803 ; 1.9979683252907386E8 ; 6.436964606142033E9 ; 1.2172684674348225E11 ; 64722.96000000049
747 ; 8561447.193219803 ; 1.9980229413709995E8 ; 6.445526053335253E9 ; 1.2192664357601132E11 ; 64809.72000000049
748 ; 8561447.193219803 ; 1.9980801189992663E8 ; 6.454087500528473E9 ; 1.2212644587014842E11 ; 64896.48000000049
749 ; 8561447.193219803 ; 1.9981397623360792E8 ; 6.462648947721693E9 ; 1.2232625388204836E11 ; 64983.24000000049
750 ; 8561447.193219803 ; 1.9982017760519913E8 ; 6.471210394914913E9 ; 1.2252606785828197E11 ; 65070.000000000495
751 ; 8561447.193219803 ; 1.9982660657688674E8 ; 6.479771842108133E9 ; 1.2272588803588716E11 ; 65156.7600000005
752 ; 8561447.193219803 ; 1.9983325384444514E8 ; 6.488333289301353E9 ; 1.2292571464246405E11 ; 65243.5200000005
753 ; 8561447.193219803 ; 1.998401102702011E8 ; 6.496894736494574E9 ; 1.231255478963085E11 ; 65330.2800000005
754 ; 8561447.193219803 ; 1.9984716691077542E8 ; 6.505456183687794E9 ; 1.233253880065787E11 ; 65417.0400000005
755 ; 8561447.193219803 ; 1.9985441503993276E8 ; 6.514017630881014E9 ; 1.2352523517348949E11 ; 65503.800000000505
756 ; 8561447.193219803 ; 1.9986184616691446E8 ; 6.522579078074234E9 ; 1.2372508958852942E11 ; 65590.5600000005
757 ; 8561447.193219803 ; 1.9986945205065486E8 ; 6.531140525267454E9 ; 1.2392495143469633E11 ; 65677.3200000005
758 ; 8561447.193219803 ; 1.9987722471029016E8 ; 6.539701972460674E9 ; 1.24124820886747E11 ; 65764.0800000005
759 ; 8561447.193219803 ; 1.9988515643236893E8 ; 6.548263419653894E9 ; 1.2432469811145729E11 ; 65850.84000000049
760 ; 8561447.193219803 ; 1.9989323977516052E8 ; 6.556824866847115E9 ; 1.2452458326788966E11 ; 65937.60000000049
761 ; 8561447.193219803 ; 1.9990146757043993E8 ; 6.565386314040335E9 ; 1.2472447650766483E11 ; 66024.36000000048
762 ; 8561447.193219803 ; 1.999098329231044E8 ; 6.573947761233555E9 ; 1.2492437797523526E11 ; 66111.12000000048
763 ; 8561447.193219803 ; 1.9991832920894927E8 ; 6.582509208426775E9 ; 1.2512428780815837E11 ; 66197.88000000047
764 ; 8561447.193219803 ; 1.9992695007090363E8 ; 6.591070655619995E9 ; 1.2532420613736732E11 ; 66284.64000000047
765 ; 8561447.193219803 ; 1.9993568941399643E8 ; 6.599632102813215E9 ; 1.2552413308743823E11 ; 66371.40000000046
766 ; 8561447.193219803 ; 1.9994454139929494E8 ; 6.608193550006435E9 ; 1.2572406877685223E11 ; 66458.16000000045
767 ; 8561447.193219803 ; 1.9995350043703017E8 ; 6.616754997199656E9 ; 1.2592401331825153E11 ; 66544.92000000045
768 ; 8561447.193219803 ; 1.999625611790972E8 ; 6.625316444392876E9 ; 1.2612396681868855E11 ; 66631.68000000044
769 ; 8561447.193219803 ; 1.9997171851109406E8 ; 6.633877891586096E9 ; 1.2632392937986765E11 ; 66718.44000000044
770 ; 8561447.193219803 ; 1.999809675440398E8 ; 6.642439338779316E9 ; 1.2652390109837874E11 ; 66805.20000000043
771 ; 8561447.193219803 ; 1.999903036058926E8 ; 6.651000785972536E9 ; 1.2672388206592278E11 ; 66891.96000000043
772 ; 8561447.193219803 ; 1.9999972223296958E8 ; 6.659562233165756E9 ; 1.2692387236952867E11 ; 66978.72000000042
773 ; 8561447.193219803 ; 2.000092191613535E8 ; 6.668123680358976E9 ; 1.2712387209176164E11 ; 67065.48000000042
774 ; 8561447.193219803 ; 2.0001879031835723E8 ; 6.6766851275521965E9 ; 1.2732388131092299E11 ; 67152.24000000041
775 ; 8561447.193219803 ; 2.0002843181410408E8 ; 6.685246574745417E9 ; 1.2752390010124135E11 ; 67239.00000000041
776 ; 8561447.193219803 ; 2.000381399332703E8 ; 6.693808021938637E9 ; 1.2772392853305545E11 ; 67325.7600000004
777 ; 8561447.193219803 ; 2.0004791112702686E8 ; 6.702369469131857E9 ; 1.2792396667298872E11 ; 67412.5200000004
778 ; 8561447.193219803 ; 2.0005774200520906E8 ; 6.710930916325077E9 ; 1.2812401458411575E11 ; 67499.28000000039
779 ; 8561447.193219803 ; 2.0006762932873562E8 ; 6.719492363518297E9 ; 1.2832407232612096E11 ; 67586.04000000039
780 ; 8561447.193219803 ; 2.0007757000229222E8 ; 6.728053810711517E9 ; 1.2852413995544969E11 ; 67672.80000000038
781 ; 8561447.193219803 ; 2.0008756106729028E8 ; 6.736615257904737E9 ; 1.2872421752545198E11 ; 67759.56000000038
782 ; 8561447.193219803 ; 2.0009759969510663E8 ; 6.745176705097958E9 ; 1.2892430508651927E11 ; 67846.32000000037
783 ; 8561447.193219803 ; 2.001076831806066E8 ; 6.753738152291178E9 ; 1.2912440268621439E11 ; 67933.08000000037
784 ; 8561447.193219803 ; 2.0011780893595037E8 ; 6.762299599484398E9 ; 1.2932451036939499E11 ; 68019.84000000036
785 ; 8561447.193219803 ; 2.0012797448467928E8 ; 6.770861046677618E9 ; 1.2952462817833093E11 ; 68106.60000000036
786 ; 8561447.193219803 ; 2.0013817745607793E8 ; 6.779422493870838E9 ; 1.2972475615281561E11 ; 68193.36000000035
787 ; 8561447.193219803 ; 2.0014841557980558E8 ; 6.787983941064058E9 ; 1.299248943302717E11 ; 68280.12000000034
788 ; 8561447.193219803 ; 2.001586866807895E8 ; 6.796545388257278E9 ; 1.301250427458515E11 ; 68366.88000000034
789 ; 8561447.193219803 ; 2.001689886743722E8 ; 6.805106835450499E9 ; 1.3032520143253229E11 ; 68453.64000000033
790 ; 8561447.193219803 ; 2.0017931956170365E8 ; 6.813668282643719E9 ; 1.3052537042120667E11 ; 68540.40000000033
791 ; 8561447.193219803 ; 2.0018967742536923E8 ; 6.822229729836939E9 ; 1.3072554974076837E11 ; 68627.16000000032
792 ; 8561447.193219803 ; 2.002000604252437E8 ; 6.830791177030159E9 ; 1.3092573941819374E11 ; 68713.92000000032
793 ; 8561447.193219803 ; 2.0021046679456195E8 ; 6.839352624223379E9 ; 1.3112593947861899E11 ; 68800.68000000031
794 ; 8561447.193219803 ; 2.0022089483619642E8 ; 6.847914071416599E9 ; 1.3132614994541354E11 ; 68887.44000000031
795 ; 8561447.193219803 ; 2.002313429191319E8 ; 6.856475518609819E9 ; 1.3152637084024974E11 ; 68974.2000000003
796 ; 8561447.193219803 ; 2.002418094751281E8 ; 6.86503696580304E9 ; 1.3172660218316887E11 ; 69060.9600000003
797 ; 8561447.193219803 ; 2.0025229299556106E8 ; 6.87359841299626E9 ; 1.31926843992644E11 ; 69147.72000000029
798 ; 8561447.193219803 ; 2.0026279202843398E8 ; 6.88215986018948E9 ; 1.3212709628563956E11 ; 69234.48000000029
799 ; 8561447.193219803 ; 2.002733051755491E8 ; 6.8907213073827E9 ; 1.3232735907766798E11 ; 69321.24000000028
800 ; 8561447.193219803 ; 2.0028383108983216E8 ; 6.89928275457592E9 ; 1.3252763238284354E11 ; 69408.00000000028
801 ; 8561447.193219803 ; 2.0029436847280148E8 ; 6.90784420176914E9 ; 1.3272791621393336E11 ; 69494.76000000027
802 ; 8561447.193219803 ; 2.003049160721736E8 ; 6.91640564896236E9 ; 1.3292821058240617E11 ; 69581.52000000027
803 ; 8561447.193219803 ; 2.003154726795986E8 ; 6.9249670961555805E9 ; 1.3312851549847835E11 ; 69668.28000000026
804 ; 8561447.193219803 ; 2.0032603712851745E8 ; 6.933528543348801E9 ; 1.3332883097115794E11 ; 69755.04000000026
805 ; 8561447.193219803 ; 2.0033660829213524E8 ; 6.942089990542021E9 ; 1.3352915700828647E11 ; 69841.80000000025
806 ; 8561447.193219803 ; 2.003471850815036E8 ; 6.950651437735241E9 ; 1.337294936165786E11 ; 69928.56000000025
807 ; 8561447.193219803 ; 2.0035776644370607E8 ; 6.959212884928461E9 ; 1.339298408016601E11 ; 70015.32000000024
808 ; 8561447.193219803 ; 2.0036835136014116E8 ; 6.967774332121681E9 ; 1.341301985681038E11 ; 70102.08000000023
809 ; 8561447.193219803 ; 2.0037893884489712E8 ; 6.976335779314901E9 ; 1.3433056691946394E11 ; 70188.84000000023
810 ; 8561447.193219803 ; 2.0038952794321382E8 ; 6.9848972265081215E9 ; 1.3453094585830884E11 ; 70275.60000000022
811 ; 8561447.193219803 ; 2.004001177300262E8 ; 6.993458673701342E9 ; 1.3473133538625204E11 ; 70362.36000000022
812 ; 8561447.193219803 ; 2.0041070730858508E8 ; 7.002020120894562E9 ; 1.3493173550398207E11 ; 70449.12000000021
813 ; 8561447.193219803 ; 2.0042129580915135E8 ; 7.010581568087782E9 ; 1.3513214621129065E11 ; 70535.88000000021
814 ; 8561447.193219803 ; 2.0043188238775834E8 ; 7.019143015281002E9 ; 1.3533256750709981E11 ; 70622.6400000002
815 ; 8561447.193219803 ; 2.0044246622503975E8 ; 7.027704462474222E9 ; 1.3553299938948756E11 ; 70709.4000000002
816 ; 8561447.193219803 ; 2.0045304652511835E8 ; 7.036265909667442E9 ; 1.357334418557126E11 ; 70796.16000000019
817 ; 8561447.193219803 ; 2.0046362251455313E8 ; 7.044827356860662E9 ; 1.3593389490223772E11 ; 70882.92000000019
818 ; 8561447.193219803 ; 2.0047419344134057E8 ; 7.053388804053883E9 ; 1.3613435852475227E11 ; 70969.68000000018
819 ; 8561447.193219803 ; 2.0048475857396773E8 ; 7.061950251247103E9 ; 1.3633483271819362E11 ; 71056.44000000018
820 ; 8561447.193219803 ; 2.004953172005139E8 ; 7.070511698440323E9 ; 1.365353174767676E11 ; 71143.20000000017
821 ; 8561447.193219803 ; 2.0050586862779835E8 ; 7.079073145633543E9 ; 1.3673581279396811E11 ; 71229.96000000017
822 ; 8561447.193219803 ; 2.0051641218057132E8 ; 7.087634592826763E9 ; 1.369363186625959E11 ; 71316.72000000016
823 ; 8561447.193219803 ; 2.0052694720074612E8 ; 7.096196040019983E9 ; 1.3713683507477647E11 ; 71403.48000000016
824 ; 8561447.193219803 ; 2.005374730466699E8 ; 7.104757487213203E9 ; 1.3733736202197722E11 ; 71490.24000000015
825 ; 8561447.193219803 ; 2.0054798909243116E8 ; 7.113318934406424E9 ; 1.375378994950239E11 ; 71577.00000000015
826 ; 8561447.193219803 ; 2.0055849472720143E8 ; 7.121880381599644E9 ; 1.3773844748411633E11 ; 71663.76000000014
827 ; 8561447.193219803 ; 2.0056898935461035E8 ; 7.130441828792864E9 ; 1.3793900597884354E11 ; 71750.52000000014
828 ; 8561447.193219803 ; 2.0057947239215094E8 ; 7.139003275986084E9 ; 1.3813957496819815E11 ; 71837.28000000013
829 ; 8561447.193219803 ; 2.005899432706145E8 ; 7.147564723179304E9 ; 1.383401544405903E11 ; 71924.04000000012
830 ; 8561447.193219803 ; 2.006004014335532E8 ; 7.156126170372524E9 ; 1.385407443838609E11 ; 72010.80000000012
831 ; 8561447.193219803 ; 2.0061084633676845E8 ; 7.164687617565744E9 ; 1.3874134478529446E11 ; 72097.56000000011
832 ; 8561447.193219803 ; 2.0062127744782457E8 ; 7.173249064758965E9 ; 1.3894195563163123E11 ; 72184.32000000011
833 ; 8561447.193219803 ; 2.006316942455854E8 ; 7.181810511952185E9 ; 1.3914257690907904E11 ; 72271.0800000001
834 ; 8561447.193219803 ; 2.0064209621977344E8 ; 7.190371959145405E9 ; 1.3934320860332462E11 ; 72357.8400000001
835 ; 8561447.193219803 ; 2.006524828705498E8 ; 7.198933406338625E9 ; 1.395438506995444E11 ; 72444.6000000001
836 ; 8561447.193219803 ; 2.006628537081141E8 ; 7.207494853531845E9 ; 1.3974450318241495E11 ; 72531.36000000009
837 ; 8561447.193219803 ; 2.0067320825232333E8 ; 7.216056300725065E9 ; 1.3994516603612305E11 ; 72618.12000000008
838 ; 8561447.193219803 ; 2.0068354603232855E8 ; 7.224617747918285E9 ; 1.4014583924437537E11 ; 72704.88000000008
839 ; 8561447.193219803 ; 2.0069386658622843E8 ; 7.2331791951115055E9 ; 1.4034652279040768E11 ; 72791.64000000007
840 ; 8561447.193219803 ; 2.0070416946073896E8 ; 7.241740642304726E9 ; 1.4054721665699393E11 ; 72878.40000000007
841 ; 8561447.193219803 ; 2.0071445421087837E8 ; 7.250302089497946E9 ; 1.4074792082645465E11 ; 72965.16000000006
842 ; 8561447.193219803 ; 2.0072472039966667E8 ; 7.258863536691166E9 ; 1.4094863528066553E11 ; 73051.92000000006
843 ; 8561447.193219803 ; 2.0073496759783855E8 ; 7.267424983884386E9 ; 1.411493600010652E11 ; 73138.68000000005
844 ; 8561447.193219803 ; 2.0074519538356972E8 ; 7.275986431077606E9 ; 1.4135009496866302E11 ; 73225.44000000005
845 ; 8561447.193219803 ; 2.007554033422154E8 ; 7.284547878270826E9 ; 1.415508401640466E11 ; 73312.20000000004
846 ; 8561447.193219803 ; 2.0076559106606057E8 ; 7.2931093254640465E9 ; 1.4175159556738882E11 ; 73398.96000000004
847 ; 8561447.193219803 ; 2.0077575815408152E8 ; 7.301670772657267E9 ; 1.419523611584549E11 ; 73485.72000000003
848 ; 8561447.193219803 ; 2.0078590421171778E8 ; 7.310232219850487E9 ; 1.4215313691660898E11 ; 73572.48000000003
849 ; 8561447.193219803 ; 2.0079602885065442E8 ; 7.318793667043707E9 ; 1.423539228208207E11 ; 73659.24000000002
850 ; 8561447.193219803 ; 2.0080613168861377E8 ; 7.327355114236927E9 ; 1.4255471884967136E11 ; 73746.00000000001
851 ; 8561447.193219803 ; 2.008162123491561E8 ; 7.335916561430147E9 ; 1.4275552498135995E11 ; 73832.76000000001
852 ; 8561447.193219803 ; 2.0082627046148956E8 ; 7.344478008623367E9 ; 1.429563411937091E11 ; 73919.52
853 ; 8561447.193219803 ; 2.0083630566028756E8 ; 7.353039455816587E9 ; 1.431571674641706E11 ; 74006.28
854 ; 8561447.193219803 ; 2.008463175855147E8 ; 7.361600903009808E9 ; 1.4335800376983087E11 ; 74093.04
855 ; 8561447.193219803 ; 2.008563058822599E8 ; 7.370162350203028E9 ; 1.4355885008741638E11 ; 74179.79999999999
856 ; 8561447.193219803 ; 2.008662702005766E8 ; 7.378723797396248E9 ; 1.4375970639329865E11 ; 74266.55999999998
857 ; 8561447.193219803 ; 2.0087621019532987E8 ; 7.387285244589468E9 ; 1.439605726634992E11 ; 74353.31999999998
858 ; 8561447.193219803 ; 2.008861255260499E8 ; 7.395846691782688E9 ; 1.4416144887369455E11 ; 74440.07999999997
859 ; 8561447.193219803 ; 2.0089601585679188E8 ; 7.404408138975908E9 ; 1.443623349992206E11 ; 74526.83999999997
860 ; 8561447.193219803 ; 2.0090588085600126E8 ; 7.412969586169128E9 ; 1.445632310150774E11 ; 74613.59999999996
861 ; 8561447.193219803 ; 2.0091572019638532E8 ; 7.421531033362349E9 ; 1.4476413689593338E11 ; 74700.35999999996
862 ; 8561447.193219803 ; 2.0092553355478933E8 ; 7.430092480555569E9 ; 1.4496505261612976E11 ; 74787.11999999995
863 ; 8561447.193219803 ; 2.0093532061207852E8 ; 7.438653927748789E9 ; 1.4516597814968454E11 ; 74873.87999999995
864 ; 8561447.193219803 ; 2.009450810530243E8 ; 7.447215374942009E9 ; 1.4536691347029663E11 ; 74960.63999999994
865 ; 8561447.193219803 ; 2.0095481456619555E8 ; 7.455776822135229E9 ; 1.4556785855134967E11 ; 75047.39999999994
866 ; 8561447.193219803 ; 2.0096452084385422E8 ; 7.464338269328449E9 ; 1.4576881336591586E11 ; 75134.15999999993
867 ; 8561447.193219803 ; 2.009741995818551E8 ; 7.472899716521669E9 ; 1.459697778867597E11 ; 75220.91999999993
868 ; 8561447.193219803 ; 2.0098385047954956E8 ; 7.48146116371489E9 ; 1.4617075208634155E11 ; 75307.67999999992
869 ; 8561447.193219803 ; 2.0099347323969358E8 ; 7.49002261090811E9 ; 1.463717359368211E11 ; 75394.43999999992
870 ; 8561447.193219803 ; 2.010030675683589E8 ; 7.49858405810133E9 ; 1.465727294100608E11 ; 75481.19999999991
871 ; 8561447.193219803 ; 2.0101263317484805E8 ; 7.50714550529455E9 ; 1.4677373247762915E11 ; 75567.9599999999
872 ; 8561447.193219803 ; 2.010221697716127E8 ; 7.51570695248777E9 ; 1.46974745110804E11 ; 75654.7199999999
873 ; 8561447.193219803 ; 2.0103167707417524E8 ; 7.52426839968099E9 ; 1.471757672805756E11 ; 75741.4799999999
874 ; 8561447.193219803 ; 2.0104115480105343E8 ; 7.53282984687421E9 ; 1.4737679895764978E11 ; 75828.23999999989
875 ; 8561447.193219803 ; 2.0105060267368793E8 ; 7.5413912940674305E9 ; 1.4757784011245084E11 ; 75914.99999999988
876 ; 8561447.193219803 ; 2.0106002041637278E8 ; 7.549952741260651E9 ; 1.477788907151245E11 ; 76001.75999999988
877 ; 8561447.193219803 ; 2.0106940775618857E8 ; 7.558514188453871E9 ; 1.479799507355409E11 ; 76088.51999999987
878 ; 8561447.193219803 ; 2.0107876442293814E8 ; 7.567075635647091E9 ; 1.481810201432971E11 ; 76175.27999999987
879 ; 8561447.193219803 ; 2.0108809014908475E8 ; 7.575637082840311E9 ; 1.4838209890772003E11 ; 76262.03999999986
880 ; 8561447.193219803 ; 2.0109738466969275E8 ; 7.584198530033531E9 ; 1.485831869978691E11 ; 76348.79999999986
881 ; 8561447.193219803 ; 2.0110664772237045E8 ; 7.592759977226751E9 ; 1.487842843825388E11 ; 76435.55999999985
882 ; 8561447.193219803 ; 2.0111587904721504E8 ; 7.601321424419971E9 ; 1.4898539103026117E11 ; 76522.31999999985
883 ; 8561447.193219803 ; 2.011250783867599E8 ; 7.609882871613192E9 ; 1.4918650690930838E11 ; 76609.07999999984
884 ; 8561447.193219803 ; 2.0113424548592368E8 ; 7.618444318806412E9 ; 1.4938763198769513E11 ; 76695.83999999984
885 ; 8561447.193219803 ; 2.011433800919613E8 ; 7.627005765999632E9 ; 1.4958876623318106E11 ; 76782.59999999983
886 ; 8561447.193219803 ; 2.0115248195441702E8 ; 7.635567213192852E9 ; 1.49789909613273E11 ; 76869.35999999983
887 ; 8561447.193219803 ; 2.01161550825079E8 ; 7.644128660386072E9 ; 1.4999106209522742E11 ; 76956.11999999982
888 ; 8561447.193219803 ; 2.0117058645793575E8 ; 7.652690107579292E9 ; 1.501922236460525E11 ; 77042.87999999982
889 ; 8561447.193219803 ; 2.0117958860913405E8 ; 7.661251554772512E9 ; 1.5039339423251044E11 ; 77129.63999999981
890 ; 8561447.193219803 ; 2.0118855703693864E8 ; 7.669813001965733E9 ; 1.5059457382111957E11 ; 77216.3999999998
891 ; 8561447.193219803 ; 2.0119749150169328E8 ; 7.678374449158953E9 ; 1.507957623781565E11 ; 77303.1599999998
892 ; 8561447.193219803 ; 2.0120639176578316E8 ; 7.686935896352173E9 ; 1.5099695986965817E11 ; 77389.9199999998
893 ; 8561447.193219803 ; 2.0121525759359896E8 ; 7.695497343545393E9 ; 1.5119816626142395E11 ; 77476.67999999979
894 ; 8561447.193219803 ; 2.0122408875150186E8 ; 7.704058790738613E9 ; 1.5139938151901755E11 ; 77563.43999999978
895 ; 8561447.193219803 ; 2.0123288500779033E8 ; 7.712620237931833E9 ; 1.5160060560776904E11 ; 77650.19999999978
896 ; 8561447.193219803 ; 2.0124164613266763E8 ; 7.721181685125053E9 ; 1.5180183849277682E11 ; 77736.95999999977
897 ; 8561447.193219803 ; 2.0125037189821082E8 ; 7.729743132318274E9 ; 1.520030801389095E11 ; 77823.71999999977
898 ; 8561447.193219803 ; 2.0125906207834083E8 ; 7.738304579511494E9 ; 1.522043305108077E11 ; 77910.47999999976
899 ; 8561447.193219803 ; 2.0126771644879353E8 ; 7.746866026704714E9 ; 1.5240558957288605E11 ; 77997.23999999976
900 ; 8561447.193219803 ; 2.0127633478709194E8 ; 7.755427473897934E9 ; 1.5260685728933484E11 ; 78083.99999999975
901 ; 8561447.193219803 ; 2.012849168725195E8 ; 7.763988921091154E9 ; 1.5280813362412192E11 ; 78170.75999999975
902 ; 8561447.193219803 ; 2.012934624860941E8 ; 7.772550368284374E9 ; 1.5300941854099445E11 ; 78257.51999999974
903 ; 8561447.193219803 ; 2.0130197141054326E8 ; 7.781111815477594E9 ; 1.5321071200348053E11 ; 78344.27999999974
904 ; 8561447.193219803 ; 2.0131044343028012E8 ; 7.7896732626708145E9 ; 1.5341201397489108E11 ; 78431.03999999973
905 ; 8561447.193219803 ; 2.013188783313803E8 ; 7.798234709864035E9 ; 1.5361332441832135E11 ; 78517.79999999973
906 ; 8561447.193219803 ; 2.0132727590155956E8 ; 7.806796157057255E9 ; 1.5381464329665274E11 ; 78604.55999999972
907 ; 8561447.193219803 ; 2.013356359301523E8 ; 7.815357604250475E9 ; 1.540159705725543E11 ; 78691.31999999972
908 ; 8561447.193219803 ; 2.0134395820809078E8 ; 7.823919051443695E9 ; 1.5421730620848444E11 ; 78778.07999999971
909 ; 8561447.193219803 ; 2.0135224252788523E8 ; 7.832480498636915E9 ; 1.5441865016669254E11 ; 78864.8399999997
910 ; 8561447.193219803 ; 2.0136048868360448E8 ; 7.841041945830135E9 ; 1.5462000240922043E11 ; 78951.5999999997
911 ; 8561447.193219803 ; 2.013686964708574E8 ; 7.8496033930233555E9 ; 1.5482136289790402E11 ; 79038.3599999997
912 ; 8561447.193219803 ; 2.0137686568677494E8 ; 7.858164840216576E9 ; 1.5502273159437488E11 ; 79125.11999999969
913 ; 8561447.193219803 ; 2.0138499612999284E8 ; 7.866726287409796E9 ; 1.5522410846006165E11 ; 79211.87999999968
914 ; 8561447.193219803 ; 2.0139308760063502E8 ; 7.875287734603016E9 ; 1.5542549345619165E11 ; 79298.63999999968
915 ; 8561447.193219803 ; 2.014011399002974E8 ; 7.883849181796236E9 ; 1.556268865437923E11 ; 79385.39999999967
916 ; 8561447.193219803 ; 2.0140915283203244E8 ; 7.892410628989456E9 ; 1.558282876836926E11 ; 79472.15999999967
917 ; 8561447.193219803 ; 2.014171262003342E8 ; 7.900972076182676E9 ; 1.5602969683652463E11 ; 79558.91999999966
918 ; 8561447.193219803 ; 2.0142505981112388E8 ; 7.909533523375896E9 ; 1.5623111396272498E11 ; 79645.67999999966
919 ; 8561447.193219803 ; 2.0143295347173592E8 ; 7.918094970569117E9 ; 1.564325390225361E11 ; 79732.43999999965
920 ; 8561447.193219803 ; 2.0144080699090454E8 ; 7.926656417762337E9 ; 1.5663397197600784E11 ; 79819.19999999965
921 ; 8561447.193219803 ; 1.6745044396871623E8 ; 7.935217864955557E9 ; 1.5683541278299875E11 ; 79905.95999999964
922 ; 8561447.193219803 ; 1.522691311241848E8 ; 7.943779312148777E9 ; 1.5700286322696747E11 ; 79992.71999999964
923 ; 8561447.193219803 ; 1.51930392381243E8 ; 7.952340759341997E9 ; 1.5715513235809164E11 ; 80079.47999999963
924 ; 8561447.193219803 ; 1.5159240871244735E8 ; 7.960902206535217E9 ; 1.573070627504729E11 ; 80166.23999999963
925 ; 8561447.193219803 ; 1.5125517810472587E8 ; 7.969463653728437E9 ; 1.5745865515918533E11 ; 80252.99999999962
926 ; 8561447.193219803 ; 1.5091869855053636E8 ; 7.978025100921658E9 ; 1.5760991033729007E11 ; 80339.75999999962
927 ; 8561447.193219803 ; 1.5058296804784632E8 ; 7.986586548114878E9 ; 1.577608290358406E11 ; 80426.51999999961
928 ; 8561447.193219803 ; 1.5024798460011324E8 ; 7.995147995308098E9 ; 1.5791141200388846E11 ; 80513.2799999996
929 ; 8561447.193219803 ; 1.4991374621626532E8 ; 8.003709442501318E9 ; 1.580616599884886E11 ; 80600.0399999996
930 ; 8561447.193219803 ; 1.4958025091068274E8 ; 8.012270889694538E9 ; 1.5821157373470486E11 ; 80686.7999999996
931 ; 8561447.193219803 ; 1.4924749670317867E8 ; 8.020832336887758E9 ; 1.5836115398561554E11 ; 80773.55999999959
932 ; 8561447.193219803 ; 1.489154816189816E8 ; 8.029393784080978E9 ; 1.5851040148231873E11 ; 80860.31999999958
933 ; 8561447.193219803 ; 1.48584203688717E8 ; 8.037955231274199E9 ; 1.586593169639377E11 ; 80947.07999999958
934 ; 8561447.193219803 ; 1.482536609483901E8 ; 8.046516678467419E9 ; 1.5880790116762643E11 ; 81033.83999999957
935 ; 8561447.193219803 ; 1.4792385143936825E8 ; 8.055078125660639E9 ; 1.5895615482857483E11 ; 81120.59999999957
936 ; 8561447.193219803 ; 1.4759477320836452E8 ; 8.063639572853859E9 ; 1.591040786800142E11 ; 81207.35999999956
937 ; 8561447.193219803 ; 1.472664243074205E8 ; 8.072201020047079E9 ; 1.5925167345322256E11 ; 81294.11999999956
938 ; 8561447.193219803 ; 1.4693880279389042E8 ; 8.080762467240299E9 ; 1.5939893987753E11 ; 81380.87999999955
939 ; 8561447.193219803 ; 1.4661190673042464E8 ; 8.089323914433519E9 ; 1.5954587868032388E11 ; 81467.63999999955
940 ; 8561447.193219803 ; 1.462857341849541E8 ; 8.0978853616267395E9 ; 1.5969249058705432E11 ; 81554.39999999954
941 ; 8561447.193219803 ; 1.4596028323067474E8 ; 8.10644680881996E9 ; 1.598387763212393E11 ; 81641.15999999954
942 ; 8561447.193219803 ; 1.45635551946032E8 ; 8.11500825601318E9 ; 1.5998473660446997E11 ; 81727.91999999953
943 ; 8561447.193219803 ; 1.4531153841470596E8 ; 8.1235697032064E9 ; 1.6013037215641602E11 ; 81814.67999999953
944 ; 8561447.193219803 ; 1.449882407255965E8 ; 8.13213115039962E9 ; 1.6027568369483072E11 ; 81901.43999999952
945 ; 8561447.193219803 ; 1.4466565697280842E8 ; 8.14069259759284E9 ; 1.604206719355563E11 ; 81988.19999999952
946 ; 8561447.193219803 ; 1.443437852556375E8 ; 8.14925404478606E9 ; 1.605653375925291E11 ; 82074.95999999951
947 ; 8561447.193219803 ; 1.4402262367855594E8 ; 8.15781549197928E9 ; 1.6070968137778476E11 ; 82161.7199999995
948 ; 8561447.193219803 ; 1.4370217035119858E8 ; 8.166376939172501E9 ; 1.6085370400146332E11 ; 82248.4799999995
949 ; 8561447.193219803 ; 1.4338242338834915E8 ; 8.174938386365721E9 ; 1.609974061718145E11 ; 82335.2399999995
950 ; 8561447.193219803 ; 1.4306338090992665E8 ; 8.183499833558941E9 ; 1.6114078859520285E11 ; 82421.99999999949
951 ; 8561447.193219803 ; 1.42745041040972E8 ; 8.192061280752161E9 ; 1.6128385197611276E11 ; 82508.75999999949
952 ; 8561447.193219803 ; 1.4242740191163486E8 ; 8.200622727945381E9 ; 1.6142659701715375E11 ; 82595.51999999948
953 ; 8561447.193219803 ; 1.4211046165716058E8 ; 8.209184175138601E9 ; 1.6156902441906537E11 ; 82682.27999999947
954 ; 8561447.193219803 ; 1.417942184178775E8 ; 8.217745622331821E9 ; 1.6171113488072253E11 ; 82769.03999999947
955 ; 8561447.193219803 ; 1.4147867033918405E8 ; 8.226307069525042E9 ; 1.618529290991404E11 ; 82855.79999999946
956 ; 8561447.193219803 ; 1.4116381557153648E8 ; 8.234868516718262E9 ; 1.6199440776947958E11 ; 82942.55999999946
957 ; 8561447.193219803 ; 1.4084965227043626E8 ; 8.243429963911482E9 ; 1.6213557158505112E11 ; 83029.31999999945
958 ; 8561447.193219803 ; 1.4053617859641835E8 ; 8.251991411104702E9 ; 1.6227642123732156E11 ; 83116.07999999945
959 ; 8561447.193219803 ; 1.4022339271503854E8 ; 8.260552858297922E9 ; 1.6241695741591797E11 ; 83202.83999999944
960 ; 8561447.193219803 ; 1.3991129279686204E8 ; 8.269114305491142E9 ; 1.62557180808633E11 ; 83289.59999999944
961 ; 8561447.193219803 ; 1.3959987701745155E8 ; 8.277675752684362E9 ; 1.6269709210142987E11 ; 83376.35999999943
962 ; 8561447.193219803 ; 1.3928914355735558E8 ; 8.286237199877583E9 ; 1.6283669197844733E11 ; 83463.11999999943
963 ; 8561447.193219803 ; 1.3897909060209718E8 ; 8.294798647070803E9 ; 1.6297598112200467E11 ; 83549.87999999942
964 ; 8561447.193219803 ; 1.386697163421623E8 ; 8.303360094264023E9 ; 1.6311496021260678E11 ; 83636.63999999942
965 ; 8561447.193219803 ; 1.3836101897298878E8 ; 8.311921541457243E9 ; 1.6325362992894894E11 ; 83723.39999999941
966 ; 8561447.193219803 ; 1.3805299669495535E8 ; 8.320482988650463E9 ; 1.6339199094792194E11 ; 83810.1599999994
967 ; 8561447.193219803 ; 1.3774564771337017E8 ; 8.329044435843683E9 ; 1.6353004394461688E11 ; 83896.9199999994
968 ; 8561447.193219803 ; 1.3743897023846045E8 ; 8.337605883036903E9 ; 1.6366778959233026E11 ; 83983.6799999994
969 ; 8561447.193219803 ; 1.3713296248536158E8 ; 8.3461673302301235E9 ; 1.6380522856256873E11 ; 84070.43999999939
970 ; 8561447.193219803 ; 1.368276226741063E8 ; 8.354728777423344E9 ; 1.6394236152505408E11 ; 84157.19999999939
971 ; 8561447.193219803 ; 1.3652294902961433E8 ; 8.363290224616564E9 ; 1.6407918914772818E11 ; 84243.95999999938
972 ; 8561447.193219803 ; 1.3621893978168193E8 ; 8.371851671809784E9 ; 1.6421571209675778E11 ; 84330.71999999938
973 ; 8561447.193219803 ; 1.359155931649714E8 ; 8.380413119003004E9 ; 1.6435193103653946E11 ; 84417.47999999937
974 ; 8561447.193219803 ; 1.3561290741900113E8 ; 8.388974566196224E9 ; 1.6448784662970444E11 ; 84504.23999999936
975 ; 8561447.193219803 ; 1.353108807881351E8 ; 8.397536013389444E9 ; 1.6462345953712344E11 ; 84590.99999999936
976 ; 8561447.193219803 ; 1.3500951152157325E8 ; 8.4060974605826645E9 ; 1.647587704179116E11 ; 84677.75999999935
977 ; 8561447.193219803 ; 1.3470879787334108E8 ; 8.414658907775885E9 ; 1.6489377992943317E11 ; 84764.51999999935
978 ; 8561447.193219803 ; 1.344087381022801E8 ; 8.423220354969105E9 ; 1.6502848872730652E11 ; 84851.27999999934
979 ; 8561447.193219803 ; 1.3410933047203796E8 ; 8.431781802162325E9 ; 1.651628974654088E11 ; 84938.03999999934
980 ; 8561447.193219803 ; 1.3381057325105868E8 ; 8.440343249355545E9 ; 1.6529700679588086E11 ; 85024.79999999933
981 ; 8561447.193219803 ; 1.3351246471257304E8 ; 8.448904696548765E9 ; 1.6543081736913193E11 ; 85111.55999999933
982 ; 8561447.193219803 ; 1.3321500313458909E8 ; 8.457466143741985E9 ; 1.655643298338445E11 ; 85198.31999999932
983 ; 8561447.193219803 ; 1.3291818679988271E8 ; 8.466027590935205E9 ; 1.656975448369791E11 ; 85285.07999999932
984 ; 8561447.193219803 ; 1.3262201399598813E8 ; 8.474589038128426E9 ; 1.65830463023779E11 ; 85371.83999999931
985 ; 8561447.193219803 ; 1.3232648301518862E8 ; 8.483150485321646E9 ; 1.65963085037775E11 ; 85458.59999999931
986 ; 8561447.193219803 ; 1.3203159215450732E8 ; 8.491711932514866E9 ; 1.660954115207902E11 ; 85545.3599999993
987 ; 8561447.193219803 ; 1.3173733971569805E8 ; 8.500273379708086E9 ; 1.662274431129447E11 ; 85632.1199999993
988 ; 8561447.193219803 ; 1.3144372400523603E8 ; 8.508834826901306E9 ; 1.663591804526604E11 ; 85718.87999999929
989 ; 8561447.193219803 ; 1.3115074333430904E8 ; 8.517396274094526E9 ; 1.6649062417666565E11 ; 85805.63999999929
990 ; 8561447.193219803 ; 1.308583960188084E8 ; 8.525957721287746E9 ; 1.6662177491999997E11 ; 85892.39999999928
991 ; 8561447.193219803 ; 1.3056668037931989E8 ; 8.534519168480967E9 ; 1.6675263331601877E11 ; 85979.15999999928
992 ; 8561447.193219803 ; 1.3027559474111515E8 ; 8.543080615674187E9 ; 1.668831999963981E11 ; 86065.91999999927
993 ; 8561447.193219803 ; 1.2998513743414259E8 ; 8.551642062867407E9 ; 1.6701347559113922E11 ; 86152.67999999927
994 ; 8561447.193219803 ; 1.2969530679301892E8 ; 8.560203510060627E9 ; 1.6714346072857336E11 ; 86239.43999999926
995 ; 8561447.193219803 ; 1.2940610115702021E8 ; 8.568764957253847E9 ; 1.672731560353664E11 ; 86326.19999999925
996 ; 8561447.193219803 ; 1.2911751887007345E8 ; 8.577326404447067E9 ; 1.674025621365234E11 ; 86412.95999999925
997 ; 8561447.193219803 ; 1.2882955828074788E8 ; 8.585887851640287E9 ; 1.675316796553935E11 ; 86499.71999999924
998 ; 8561447.193219803 ; 1.2854221774224643E8 ; 8.594449298833508E9 ; 1.6766050921367426E11 ; 86586.47999999924
999 ; 8561447.193219803 ; 1.2825549561239737E8 ; 8.603010746026728E9 ; 1.677890514314165E11 ; 86673.23999999923
1000 ; 8561447.193219803 ; 1.279693902536457E8 ; 8.611572193219948E9 ; 1.679173069270289E11 ; 86759.99999999923
1001 ; 8561447.193219803 ; 1.2768390003304496E8 ; 8.620133640413168E9 ; 1.6804527631728253E11 ; 86846.75999999922
1002 ; 8561447.193219803 ; 1.2739902332224868E8 ; 8.628695087606388E9 ; 1.6817296021731558E11 ; 86933.51999999922
1003 ; 8561447.193219803 ; 1.271147584975023E8 ; 8.637256534799608E9 ; 1.6830035924063782E11 ; 87020.27999999921
1004 ; 8561447.193219803 ; 1.2683110393963476E8 ; 8.645817981992828E9 ; 1.684274739991353E11 ; 87107.03999999921
1005 ; 8561447.193219803 ; 1.2654805803405046E8 ; 8.654379429186049E9 ; 1.6855430510307495E11 ; 87193.7999999992
1006 ; 8561447.193219803 ; 1.2626561917072093E8 ; 8.662940876379269E9 ; 1.68680853161109E11 ; 87280.5599999992
1007 ; 8561447.193219803 ; 1.2598378574417678E8 ; 8.671502323572489E9 ; 1.6880711878027972E11 ; 87367.31999999919
1008 ; 8561447.193219803 ; 1.2570255615349966E8 ; 8.680063770765709E9 ; 1.689331025660239E11 ; 87454.07999999919
1009 ; 8561447.193219803 ; 1.254219288023143E8 ; 8.68862521795893E9 ; 1.690588051221774E11 ; 87540.83999999918
1010 ; 8561447.193219803 ; 1.2514190209878014E8 ; 8.69718666515215E9 ; 1.691842270509797E11 ; 87627.59999999918
1011 ; 8561447.193219803 ; 1.2486247445558386E8 ; 8.70574811234537E9 ; 1.693093689530785E11 ; 87714.35999999917
1012 ; 8561447.193219803 ; 1.2458364428993113E8 ; 8.71430955953859E9 ; 1.694342314275341E11 ; 87801.11999999917
1013 ; 8561447.193219803 ; 1.2430541002353878E8 ; 8.72287100673181E9 ; 1.69558815071824E11 ; 87887.87999999916
1014 ; 8561447.193219803 ; 1.24027770082627E8 ; 8.73143245392503E9 ; 1.6968312048184753E11 ; 87974.63999999916
1015 ; 8561447.193219803 ; 1.237507228979115E8 ; 8.73999390111825E9 ; 1.6980714825193018E11 ; 88061.39999999915
1016 ; 8561447.193219803 ; 1.2347426690459564E8 ; 8.74855534831147E9 ; 1.699308989748281E11 ; 88148.15999999914
1017 ; 8561447.193219803 ; 1.231984005423628E8 ; 8.75711679550469E9 ; 1.700543732417327E11 ; 88234.91999999914
1018 ; 8561447.193219803 ; 1.229231222553685E8 ; 8.76567824269791E9 ; 1.7017757164227505E11 ; 88321.67999999913
1019 ; 8561447.193219803 ; 1.2264843049223292E8 ; 8.77423968989113E9 ; 1.7030049476453043E11 ; 88408.43999999913
1020 ; 8561447.193219803 ; 1.2237432370603299E8 ; 8.78280113708435E9 ; 1.7042314319502264E11 ; 88495.19999999912
1021 ; 8561447.193219803 ; 1.2210080035429488E8 ; 8.79136258427757E9 ; 1.7054551751872867E11 ; 88581.95999999912
1022 ; 8561447.193219803 ; 1.218278588989864E8 ; 8.79992403147079E9 ; 1.7066761831908298E11 ; 88668.71999999911
1023 ; 8561447.193219803 ; 1.2155549780650939E8 ; 8.808485478664011E9 ; 1.7078944617798196E11 ; 88755.47999999911
1024 ; 8561447.193219803 ; 1.2128371554769213E8 ; 8.817046925857231E9 ; 1.7091100167578848E11 ; 88842.2399999991
1025 ; 8561447.193219803 ; 1.2101251059778193E8 ; 8.825608373050451E9 ; 1.7103228539133618E11 ; 88928.9999999991
1026 ; 8561447.193219803 ; 1.2074188143643744E8 ; 8.834169820243671E9 ; 1.7115329790193396E11 ; 89015.75999999909
1027 ; 8561447.193219803 ; 1.2047182654772136E8 ; 8.842731267436892E9 ; 1.712740397833704E11 ; 89102.51999999909
1028 ; 8561447.193219803 ; 1.2020234442009287E8 ; 8.851292714630112E9 ; 1.7139451160991812E11 ; 89189.27999999908
1029 ; 8561447.193219803 ; 1.1993343354640025E8 ; 8.859854161823332E9 ; 1.7151471395433823E11 ; 89276.03999999908
1030 ; 8561447.193219803 ; 1.1966509242387345E8 ; 8.868415609016552E9 ; 1.716346473878846E11 ; 89362.79999999907
1031 ; 8561447.193219803 ; 1.1939731955411676E8 ; 8.876977056209772E9 ; 1.7175431248030847E11 ; 89449.55999999907
1032 ; 8561447.193219803 ; 1.1913011344310136E8 ; 8.885538503402992E9 ; 1.7187370979986258E11 ; 89536.31999999906
1033 ; 8561447.193219803 ; 1.188634726011581E8 ; 8.894099950596212E9 ; 1.719928399133057E11 ; 89623.07999999906
1034 ; 8561447.193219803 ; 1.1859739554297003E8 ; 8.902661397789433E9 ; 1.7211170338590686E11 ; 89709.83999999905
1035 ; 8561447.193219803 ; 1.1833188078756528E8 ; 8.911222844982653E9 ; 1.7223030078144983E11 ; 89796.59999999905
1036 ; 8561447.193219803 ; 1.1806692685830966E8 ; 8.919784292175873E9 ; 1.723486326622374E11 ; 89883.35999999904
1037 ; 8561447.193219803 ; 1.1780253228289942E8 ; 8.928345739369093E9 ; 1.724666995890957E11 ; 89970.11999999903
1038 ; 8561447.193219803 ; 1.175386955933541E8 ; 8.936907186562313E9 ; 1.725845021213786E11 ; 90056.87999999903
1039 ; 8561447.193219803 ; 1.1727541532600918E8 ; 8.945468633755533E9 ; 1.7270204081697195E11 ; 90143.63999999902
1040 ; 8561447.193219803 ; 1.1701269002150904E8 ; 8.954030080948753E9 ; 1.7281931623229797E11 ; 90230.39999999902
1041 ; 8561447.193219803 ; 1.1675051822479959E8 ; 8.962591528141973E9 ; 1.729363289223195E11 ; 90317.15999999901
1042 ; 8561447.193219803 ; 1.1648889848512131E8 ; 8.971152975335194E9 ; 1.7305307944054428E11 ; 90403.91999999901
1043 ; 8561447.193219803 ; 1.1622782935600196E8 ; 8.979714422528414E9 ; 1.731695683390294E11 ; 90490.679999999
1044 ; 8561447.193219803 ; 1.1596730939524952E8 ; 8.988275869721634E9 ; 1.7328579616838538E11 ; 90577.439999999
1045 ; 8561447.193219803 ; 1.1570733716494502E8 ; 8.996837316914854E9 ; 1.7340176347778064E11 ; 90664.199999999
1046 ; 8561447.193219803 ; 1.1544791123143554E8 ; 9.005398764108074E9 ; 1.735174708149456E11 ; 90750.95999999899
1047 ; 8561447.193219803 ; 1.1518903016532707E8 ; 9.013960211301294E9 ; 1.7363291872617703E11 ; 90837.71999999898
1048 ; 8561447.193219803 ; 1.1493069254147744E8 ; 9.022521658494514E9 ; 1.7374810775634235E11 ; 90924.47999999898
1049 ; 8561447.193219803 ; 1.1467289693898928E8 ; 9.031083105687735E9 ; 1.7386303844888382E11 ; 91011.23999999897
1050 ; 8561447.193219803 ; 1.14415641941203E8 ; 9.039644552880955E9 ; 1.739777113458228E11 ; 91097.99999999897
1051 ; 8561447.193219803 ; 1.1415892613568981E8 ; 9.048206000074175E9 ; 1.74092126987764E11 ; 91184.75999999896
1052 ; 8561447.193219803 ; 1.1390274811424461E8 ; 9.056767447267395E9 ; 1.742062859138997E11 ; 91271.51999999896
1053 ; 8561447.193219803 ; 1.1364781863313773E8 ; 9.065328894460615E9 ; 1.7432018866201395E11 ; 91358.27999999895
1054 ; 8561447.193219803 ; 1.1339342658664654E8 ; 9.073890341653835E9 ; 1.744338364806471E11 ; 91445.03999999895
1055 ; 8561447.193219803 ; 1.1313957057919534E8 ; 9.082451788847055E9 ; 1.7454722990723373E11 ; 91531.79999999894
1056 ; 8561447.193219803 ; 1.128862492194043E8 ; 9.091013236040276E9 ; 1.7466036947781293E11 ; 91618.55999999894
1057 ; 8561447.193219803 ; 1.1263346112008251E8 ; 9.099574683233496E9 ; 1.7477325572703232E11 ; 91705.31999999893
1058 ; 8561447.193219803 ; 1.1238120489822116E8 ; 9.108136130426716E9 ; 1.748858891881524E11 ; 91792.07999999892
1059 ; 8561447.193219803 ; 1.1212947917498647E8 ; 9.116697577619936E9 ; 1.7499827039305063E11 ; 91878.83999999892
1060 ; 8561447.193219803 ; 1.1187828257571283E8 ; 9.125259024813156E9 ; 1.7511039987222562E11 ; 91965.59999999891
1061 ; 8561447.193219803 ; 1.1162761372989608E8 ; 9.133820472006376E9 ; 1.7522227815480133E11 ; 92052.35999999891
1062 ; 8561447.193219803 ; 1.1137747127118635E8 ; 9.142381919199596E9 ; 1.7533390576853122E11 ; 92139.1199999989
1063 ; 8561447.193219803 ; 1.1112785383738144E8 ; 9.150943366392817E9 ; 1.754452832398024E11 ; 92225.8799999989
1064 ; 8561447.193219803 ; 1.1087876007041983E8 ; 9.159504813586037E9 ; 1.7555641109363977E11 ; 92312.6399999989
1065 ; 8561447.193219803 ; 1.1063018861637393E8 ; 9.168066260779257E9 ; 1.756672898537102E11 ; 92399.39999999889
1066 ; 8561447.193219803 ; 1.103821381254431E8 ; 9.176627707972477E9 ; 1.7577792004232657E11 ; 92486.15999999888
1067 ; 8561447.193219803 ; 1.1013460725194702E8 ; 9.185189155165697E9 ; 1.7588830218045203E11 ; 92572.91999999888
1068 ; 8561447.193219803 ; 1.0988759465431875E8 ; 9.193750602358917E9 ; 1.7599843678770398E11 ; 92659.67999999887
1069 ; 8561447.193219803 ; 1.0964109899509795E8 ; 9.202312049552137E9 ; 1.761083243823583E11 ; 92746.43999999887
1070 ; 8561447.193219803 ; 1.0939511894092415E8 ; 9.210873496745358E9 ; 1.762179654813534E11 ; 92833.19999999886
1071 ; 8561447.193219803 ; 1.0914965316252989E8 ; 9.219434943938578E9 ; 1.763273606002943E11 ; 92919.95999999886
1072 ; 8561447.193219803 ; 1.0890470033473398E8 ; 9.227996391131798E9 ; 1.7643651025345685E11 ; 93006.71999999885
1073 ; 8561447.193219803 ; 1.0866025913643476E8 ; 9.236557838325018E9 ; 1.765454149537916E11 ; 93093.47999999885
1074 ; 8561447.193219803 ; 1.0841632825060333E8 ; 9.245119285518238E9 ; 1.7665407521292804E11 ; 93180.23999999884
1075 ; 8561447.193219803 ; 1.0817290636427684E8 ; 9.253680732711458E9 ; 1.7676249154117865E11 ; 93266.99999999884
1076 ; 8561447.193219803 ; 1.0792999216855167E8 ; 9.262242179904678E9 ; 1.7687066444754294E11 ; 93353.75999999883
1077 ; 8561447.193219803 ; 1.0768758435857679E8 ; 9.270803627097898E9 ; 1.769785944397115E11 ; 93440.51999999883
1078 ; 8561447.193219803 ; 1.0744568163354701E8 ; 9.279365074291119E9 ; 1.7708628202407007E11 ; 93527.27999999882
1079 ; 8561447.193219803 ; 1.0720428269669631E8 ; 9.287926521484339E9 ; 1.771937277057036E11 ; 93614.03999999881
1080 ; 8561447.193219803 ; 1.0696338625529116E8 ; 9.296487968677559E9 ; 1.773009319884003E11 ; 93700.79999999881
1081 ; 8561447.193219803 ; 1.0711821594872895E8 ; 9.305049415870779E9 ; 1.7740789537465558E11 ; 93787.5599999988
1082 ; 8561447.193219803 ; 1.0758163409716398E8 ; 9.313610863064E9 ; 1.775150135906043E11 ; 93874.3199999988
1083 ; 8561447.193219803 ; 1.0835364069137451E8 ; 9.32217231025722E9 ; 1.7762259522470148E11 ; 93961.0799999988
1084 ; 8561447.193219803 ; 1.094342357232236E8 ; 9.33073375745044E9 ; 1.7773094886539285E11 ; 94047.83999999879
1085 ; 8561447.193219803 ; 1.1082341918565926E8 ; 9.33929520464366E9 ; 1.778403831011161E11 ; 94134.59999999878
1086 ; 8561447.193219803 ; 1.1252119107271409E8 ; 9.34785665183688E9 ; 1.7795120652030176E11 ; 94221.35999999878
1087 ; 8561447.193219803 ; 1.145275513795059E8 ; 9.3564180990301E9 ; 1.7806372771137448E11 ; 94308.11999999877
1088 ; 8561447.193219803 ; 1.168425001022372E8 ; 9.36497954622332E9 ; 1.78178255262754E11 ; 94394.87999999877
1089 ; 8561447.193219803 ; 1.1946603723819551E8 ; 9.37354099341654E9 ; 1.7829509776285623E11 ; 94481.63999999876
1090 ; 8561447.193219803 ; 1.223981627857534E8 ; 9.38210244060976E9 ; 1.7841456380009442E11 ; 94568.39999999876
1091 ; 8561447.193219803 ; 1.2563887674436837E8 ; 9.39066388780298E9 ; 1.785369619628802E11 ; 94655.15999999875
1092 ; 8561447.193219803 ; 1.291881791145829E8 ; 9.3992253349962E9 ; 1.7866260083962454E11 ; 94741.91999999875
1093 ; 8561447.193219803 ; 1.3304606989802441E8 ; 9.40778678218942E9 ; 1.7879178901873914E11 ; 94828.67999999874
1094 ; 8561447.193219803 ; 1.372125490974055E8 ; 9.41634822938264E9 ; 1.7892483508863715E11 ; 94915.43999999874
1095 ; 8561447.193219803 ; 1.4168761671652347E8 ; 9.424909676575861E9 ; 1.7906204763773456E11 ; 95002.19999999873
1096 ; 8561447.193219803 ; 1.4647127276026067E8 ; 9.433471123769081E9 ; 1.7920373525445108E11 ; 95088.95999999873
1097 ; 8561447.193219803 ; 1.5156351723458442E8 ; 9.442032570962301E9 ; 1.7935020652721133E11 ; 95175.71999999872
1098 ; 8561447.193219803 ; 1.5696435014654672E8 ; 9.450594018155521E9 ; 1.7950177004444592E11 ; 95262.47999999872
1099 ; 8561447.193219803 ; 1.6267377150428453E8 ; 9.459155465348742E9 ; 1.7965873439459247E11 ; 95349.23999999871
1100 ; 8561447.193219803 ; 1.6869178131701955E8 ; 9.467716912541962E9 ; 1.7982140816609674E11 ; 95435.9999999987
1101 ; 8561447.193219803 ; 1.7501837959505805E8 ; 9.476278359735182E9 ; 1.7999009994741376E11 ; 95522.7599999987
1102 ; 8561447.193219803 ; 1.816535663497911E8 ; 9.484839806928402E9 ; 1.8016511832700882E11 ; 95609.5199999987
1103 ; 8561447.193219803 ; 1.885973415936942E8 ; 9.493401254121622E9 ; 1.803467718933586E11 ; 95696.27999999869
1104 ; 8561447.193219803 ; 1.9584970534032726E8 ; 9.501962701314842E9 ; 1.805353692349523E11 ; 95783.03999999868
1105 ; 8561447.193219803 ; 2.020986985025182E8 ; 9.510524148508062E9 ; 1.8073121894029263E11 ; 95869.79999999868
1106 ; 8561447.193219803 ; 2.0209786892925832E8 ; 9.519085595701283E9 ; 1.8093331763879517E11 ; 95956.55999999867
1107 ; 8561447.193219803 ; 2.020969859306056E8 ; 9.527647042894503E9 ; 1.8113541550772443E11 ; 96043.31999999867
1108 ; 8561447.193219803 ; 2.0209604952445692E8 ; 9.536208490087723E9 ; 1.8133751249365503E11 ; 96130.07999999866
1109 ; 8561447.193219803 ; 2.0209505972979304E8 ; 9.544769937280943E9 ; 1.8153960854317947E11 ; 96216.83999999866
1110 ; 8561447.193219803 ; 2.0209401656667864E8 ; 9.553331384474163E9 ; 1.8174170360290927E11 ; 96303.59999999865
1111 ; 8561447.193219803 ; 2.0209292005626196E8 ; 9.561892831667383E9 ; 1.8194379761947595E11 ; 96390.35999999865
1112 ; 8561447.193219803 ; 2.020917702207749E8 ; 9.570454278860603E9 ; 1.8214589053953223E11 ; 96477.11999999864
1113 ; 8561447.193219803 ; 2.020905670835327E8 ; 9.579015726053823E9 ; 1.82347982309753E11 ; 96563.87999999864
1114 ; 8561447.193219803 ; 2.020893106689338E8 ; 9.587577173247044E9 ; 1.8255007287683652E11 ; 96650.63999999863
1115 ; 8561447.193219803 ; 2.020880010024599E8 ; 9.596138620440264E9 ; 1.8275216218750546E11 ; 96737.39999999863
1116 ; 8561447.193219803 ; 2.020866381106755E8 ; 9.604700067633484E9 ; 1.8295425018850793E11 ; 96824.15999999862
1117 ; 8561447.193219803 ; 2.0208522202122793E8 ; 9.613261514826704E9 ; 1.8315633682661862E11 ; 96910.91999999862
1118 ; 8561447.193219803 ; 2.0208375276284704E8 ; 9.621822962019924E9 ; 1.8335842204863986E11 ; 96997.67999999861
1119 ; 8561447.193219803 ; 2.0208223036534518E8 ; 9.630384409213144E9 ; 1.835605058014027E11 ; 97084.4399999986
1120 ; 8561447.193219803 ; 2.020806548596169E8 ; 9.638945856406364E9 ; 1.8376258803176807E11 ; 97171.1999999986
1121 ; 8561447.193219803 ; 2.0207902627763882E8 ; 9.647507303599585E9 ; 1.839646686866277E11 ; 97257.9599999986
1122 ; 8561447.193219803 ; 2.0207734465246937E8 ; 9.656068750792805E9 ; 1.8416674771290533E11 ; 97344.71999999859
1123 ; 8561447.193219803 ; 2.0207561001824862E8 ; 9.664630197986025E9 ; 1.843688250575578E11 ; 97431.47999999858
1124 ; 8561447.193219803 ; 2.0207382241019815E8 ; 9.673191645179245E9 ; 1.8457090066757605E11 ; 97518.23999999858
1125 ; 8561447.193219803 ; 2.0207198186462072E8 ; 9.681753092372465E9 ; 1.8477297448998624E11 ; 97604.99999999857
1126 ; 8561447.193219803 ; 2.0207008841890013E8 ; 9.690314539565685E9 ; 1.8497504647185086E11 ; 97691.75999999857
1127 ; 8561447.193219803 ; 2.02068142111501E8 ; 9.698875986758905E9 ; 1.8517711656026978E11 ; 97778.51999999856
1128 ; 8561447.193219803 ; 2.0206614298196855E8 ; 9.707437433952126E9 ; 1.853791847023813E11 ; 97865.27999999856
1129 ; 8561447.193219803 ; 2.0206409107092834E8 ; 9.715998881145346E9 ; 1.8558125084536325E11 ; 97952.03999999855
1130 ; 8561447.193219803 ; 2.0206198642008606E8 ; 9.724560328338566E9 ; 1.8578331493643417E11 ; 98038.79999999855
1131 ; 8561447.193219803 ; 2.0205982907222736E8 ; 9.733121775531786E9 ; 1.8598537692285425E11 ; 98125.55999999854
1132 ; 8561447.193219803 ; 2.0205761907121754E8 ; 9.741683222725006E9 ; 1.8618743675192648E11 ; 98212.31999999854
1133 ; 8561447.193219803 ; 2.0205535646200126E8 ; 9.750244669918226E9 ; 1.863894943709977E11 ; 98299.07999999853
1134 ; 8561447.193219803 ; 2.0205304129060254E8 ; 9.758806117111446E9 ; 1.8659154972745972E11 ; 98385.83999999853
1135 ; 8561447.193219803 ; 2.020506736041242E8 ; 9.767367564304667E9 ; 1.867936027687503E11 ; 98472.59999999852
1136 ; 8561447.193219803 ; 2.0204825345074785E8 ; 9.775929011497887E9 ; 1.8699565344235443E11 ; 98559.35999999852
1137 ; 8561447.193219803 ; 2.0204578087973362E8 ; 9.784490458691107E9 ; 1.8719770169580518E11 ; 98646.11999999851
1138 ; 8561447.193219803 ; 2.020432559414198E8 ; 9.793051905884327E9 ; 1.873997474766849E11 ; 98732.8799999985
1139 ; 8561447.193219803 ; 2.0204067868722266E8 ; 9.801613353077547E9 ; 1.876017907326263E11 ; 98819.6399999985
1140 ; 9438947.193219801 ; 2.0203804916963628E8 ; 9.810174800270767E9 ; 1.8780383141131354E11 ; 98906.3999999985
1141 ; 9438947.193219801 ; 2.0203536744223213E8 ; 9.819613747463987E9 ; 1.880058694604832E11 ; 98993.15999999849
1142 ; 9438947.193219801 ; 2.0203263355965897E8 ; 9.829052694657207E9 ; 1.882079048279254E11 ; 99079.91999999848
1143 ; 9438947.193219801 ; 2.0202984757764262E8 ; 9.838491641850428E9 ; 1.8840993746148508E11 ; 99166.67999999848
1144 ; 9438947.193219801 ; 2.0202700955298552E8 ; 9.847930589043648E9 ; 1.886119673090627E11 ; 99253.43999999847
1145 ; 9438947.193219801 ; 2.020241195435667E8 ; 9.857369536236868E9 ; 1.888139943186157E11 ; 99340.19999999847
1146 ; 9438947.193219801 ; 2.0202117760834146E8 ; 9.866808483430088E9 ; 1.8901601843815927E11 ; 99426.95999999846
1147 ; 9438947.193219801 ; 2.0201818380734107E8 ; 9.876247430623308E9 ; 1.892180396157676E11 ; 99513.71999999846
1148 ; 9438947.193219801 ; 2.0201513820167264E8 ; 9.885686377816528E9 ; 1.8942005779957495E11 ; 99600.47999999845
1149 ; 9438947.193219801 ; 2.0201204085351875E8 ; 9.895125325009748E9 ; 1.896220729377766E11 ; 99687.23999999845
1150 ; 9438947.193219801 ; 2.020088918261374E8 ; 9.904564272202969E9 ; 1.8982408497863013E11 ; 99773.99999999844
1151 ; 9438947.193219801 ; 2.0200569118386155E8 ; 9.914003219396189E9 ; 1.9002609387045627E11 ; 99860.75999999844
1152 ; 9438947.193219801 ; 2.0200243899209914E8 ; 9.923442166589409E9 ; 1.9022809956164014E11 ; 99947.51999999843
1153 ; 9438947.193219801 ; 2.0199913531733263E8 ; 9.932881113782629E9 ; 1.9043010200063223E11 ; 100034.27999999843
1154 ; 9438947.193219801 ; 2.01995780227119E8 ; 9.94232006097585E9 ; 1.9063210113594955E11 ; 100121.03999999842
1155 ; 9438947.193219801 ; 2.0199237379008937E8 ; 9.95175900816907E9 ; 1.9083409691617667E11 ; 100207.79999999842
1156 ; 9438947.193219801 ; 2.019889160759489E8 ; 9.96119795536229E9 ; 1.9103608928996677E11 ; 100294.55999999841
1157 ; 9438947.193219801 ; 2.0198540715547654E8 ; 9.97063690255551E9 ; 1.9123807820604272E11 ; 100381.3199999984
1158 ; 9438947.193219801 ; 2.019818471005249E8 ; 9.98007584974873E9 ; 1.914400636131982E11 ; 100468.0799999984
1159 ; 9438947.193219801 ; 2.0197823598401994E8 ; 9.98951479694195E9 ; 1.9164204546029874E11 ; 100554.8399999984
1160 ; 9438947.193219801 ; 2.0197457387996098E8 ; 9.99895374413517E9 ; 1.9184402369628275E11 ; 100641.59999999839
1161 ; 9438947.193219801 ; 2.0197086086342034E8 ; 1.000839269132839E10 ; 1.9204599827016272E11 ; 100728.35999999839
1162 ; 9438947.193219801 ; 2.019670970105433E8 ; 1.001783163852161E10 ; 1.9224796913102615E11 ; 100815.11999999838
1163 ; 9438947.193219801 ; 2.0196328239854795E8 ; 1.002727058571483E10 ; 1.9244993622803668E11 ; 100901.87999999837
1164 ; 9438947.193219801 ; 2.0195941710572505E8 ; 1.003670953290805E10 ; 1.9265189951043524E11 ; 100988.63999999837
1165 ; 9438947.193219801 ; 2.0195550121143776E8 ; 1.004614848010127E10 ; 1.9285385892754095E11 ; 101075.39999999836
1166 ; 9438947.193219801 ; 2.0195153479612184E8 ; 1.005558742729449E10 ; 1.9305581442875238E11 ; 101162.15999999836
1167 ; 9438947.193219801 ; 2.019475179412852E8 ; 1.006502637448771E10 ; 1.932577659635485E11 ; 101248.91999999835
1168 ; 9438947.193219801 ; 2.01943450729508E8 ; 1.0074465321680931E10 ; 1.9345971348148978E11 ; 101335.67999999835
1169 ; 9438947.193219801 ; 2.0193933324444264E8 ; 1.0083904268874151E10 ; 1.936616569322193E11 ; 101422.43999999834
1170 ; 9448807.193219801 ; 2.019351655708135E8 ; 1.0093343216067371E10 ; 1.9386359626546375E11 ; 101509.19999999834
1171 ; 9448807.193219801 ; 2.0193094779441708E8 ; 1.0102792023260592E10 ; 1.9406553143103455E11 ; 101595.95999999833
1172 ; 9448807.193219801 ; 2.0192668000212184E8 ; 1.0112240830453812E10 ; 1.9426746237882895E11 ; 101682.71999999833
1173 ; 9448807.193219801 ; 2.0192236228186828E8 ; 1.0121689637647032E10 ; 1.944693890588311E11 ; 101769.47999999832
1174 ; 9448807.193219801 ; 2.0191799472266895E8 ; 1.0131138444840252E10 ; 1.9467131142111295E11 ; 101856.23999999832
1175 ; 9448807.193219801 ; 2.019135774146084E8 ; 1.0140587252033472E10 ; 1.948732294158356E11 ; 101942.99999999831
1176 ; 9448807.193219801 ; 2.0190911044884327E8 ; 1.0150036059226692E10 ; 1.950751429932502E11 ; 102029.7599999983
1177 ; 9448807.193219801 ; 2.019045939176024E8 ; 1.0159484866419912E10 ; 1.9527705210369907E11 ; 102116.5199999983
1178 ; 9448807.193219801 ; 2.0190002791418684E8 ; 1.0168933673613132E10 ; 1.9547895669761667E11 ; 102203.2799999983
1179 ; 9448807.193219801 ; 2.0189541253297E8 ; 1.0178382480806353E10 ; 1.9568085672553085E11 ; 102290.03999999829
1180 ; 9448807.193219801 ; 2.0189074786939788E8 ; 1.0187831287999573E10 ; 1.958827521380638E11 ; 102376.79999999829
1181 ; 9448807.193219801 ; 2.01886034019989E8 ; 1.0197280095192793E10 ; 1.960846428859332E11 ; 102463.55999999828
1182 ; 9448807.193219801 ; 2.0188127108233488E8 ; 1.0206728902386013E10 ; 1.962865289199532E11 ; 102550.31999999828
1183 ; 9448807.193219801 ; 2.0187645915509993E8 ; 1.0216177709579233E10 ; 1.9648841019103552E11 ; 102637.07999999827
1184 ; 9448807.193219801 ; 2.01871598338022E8 ; 1.0225626516772453E10 ; 1.966902866501906E11 ; 102723.83999999826
1185 ; 9448807.193219801 ; 2.0186668873191243E8 ; 1.0235075323965673E10 ; 1.9689215824852863E11 ; 102810.59999999826
1186 ; 9448807.193219801 ; 2.0186173043865654E8 ; 1.0244524131158894E10 ; 1.9709402493726053E11 ; 102897.35999999825
1187 ; 9448807.193219801 ; 2.018567235612137E8 ; 1.0253972938352114E10 ; 1.972958866676992E11 ; 102984.11999999825
1188 ; 9448807.193219801 ; 2.0185166820361802E8 ; 1.0263421745545334E10 ; 1.974977433912604E11 ; 103070.87999999824
1189 ; 9448807.193219801 ; 2.0184656447097844E8 ; 1.0272870552738554E10 ; 1.9769959505946402E11 ; 103157.63999999824
1190 ; 9448807.193219801 ; 2.0184141246947938E8 ; 1.0282319359931774E10 ; 1.97901441623935E11 ; 103244.39999999823
1191 ; 9448807.193219801 ; 2.0183621230638114E8 ; 1.0291768167124994E10 ; 1.9810328303640448E11 ; 103331.15999999823
1192 ; 9448807.193219801 ; 2.0183096409002036E8 ; 1.0301216974318214E10 ; 1.9830511924871085E11 ; 103417.91999999822
1193 ; 9448807.193219801 ; 2.018256679298107E8 ; 1.0310665781511435E10 ; 1.9850695021280087E11 ; 103504.67999999822
1194 ; 9448807.193219801 ; 2.018203239362433E8 ; 1.0320114588704655E10 ; 1.9870877588073068E11 ; 103591.43999999821
1195 ; 9448807.193219801 ; 2.0181493222088742E8 ; 1.0329563395897875E10 ; 1.9891059620466693E11 ; 103678.1999999982
1196 ; 9448807.193219801 ; 2.0180949289639127E8 ; 1.0339012203091095E10 ; 1.9911241113688782E11 ; 103764.9599999982
1197 ; 9448807.193219801 ; 2.0180400607648256E8 ; 1.0348461010284315E10 ; 1.993142206297842E11 ; 103851.7199999982
1198 ; 9448807.193219801 ; 2.0179847187596935E8 ; 1.0357909817477535E10 ; 1.995160246358607E11 ; 103938.47999999819
1199 ; 9448807.193219801 ; 2.0179289041074085E8 ; 1.0367358624670755E10 ; 1.9971782310773666E11 ; 104025.23999999819
1200 ; 8961307.193219801 ; 2.0178726179776835E8 ; 1.0376807431863976E10 ; 1.999196159981474E11 ; 104111.99999999818
1201 ; 8961307.193219801 ; 2.017815861551061E8 ; 1.0385768739057196E10 ; 2.0012140325994516E11 ; 104198.75999999818
1202 ; 8961307.193219801 ; 2.017758636018922E8 ; 1.0394730046250416E10 ; 2.0032318484610028E11 ; 104285.51999999817
1203 ; 8961307.193219801 ; 2.0177009425834987E8 ; 1.0403691353443636E10 ; 2.0052496070970218E11 ; 104372.27999999817
1204 ; 8961307.193219801 ; 2.017642782457883E8 ; 1.0412652660636856E10 ; 2.0072673080396054E11 ; 104459.03999999816
1205 ; 8961307.193219801 ; 2.0175841568660405E8 ; 1.0421613967830076E10 ; 2.0092849508220633E11 ; 104545.79999999815
1206 ; 8961307.193219801 ; 2.01752506704282E8 ; 1.0430575275023296E10 ; 2.0113025349789294E11 ; 104632.55999999815
1207 ; 8961307.193219801 ; 2.0174655142339686E8 ; 1.0439536582216516E10 ; 2.0133200600459723E11 ; 104719.31999999814
1208 ; 8961307.193219801 ; 2.0174054996961445E8 ; 1.0448497889409737E10 ; 2.0153375255602063E11 ; 104806.07999999814
1209 ; 8961307.193219801 ; 2.0173450246969312E8 ; 1.0457459196602957E10 ; 2.0173549310599023E11 ; 104892.83999999813
1210 ; 8961307.193219801 ; 2.0172840905148524E8 ; 1.0466420503796177E10 ; 2.0193722760845993E11 ; 104979.59999999813
1211 ; 8961307.193219801 ; 2.017222698439388E8 ; 1.0475381810989397E10 ; 2.021389560175114E11 ; 105066.35999999812
1212 ; 8961307.193219801 ; 2.017160849770991E8 ; 1.0484343118182617E10 ; 2.0234067828735535E11 ; 105153.11999999812
1213 ; 8961307.193219801 ; 2.0170985458211035E8 ; 1.0493304425375837E10 ; 2.0254239437233246E11 ; 105239.87999999811
1214 ; 8961307.193219801 ; 2.017035787912176E8 ; 1.0502265732569057E10 ; 2.0274410422691458E11 ; 105326.63999999811
1215 ; 8961307.193219801 ; 2.016972577377687E8 ; 1.0511227039762278E10 ; 2.029458078057058E11 ; 105413.3999999981
1216 ; 8961307.193219801 ; 2.0169089155621612E8 ; 1.0520188346955498E10 ; 2.0314750506344357E11 ; 105500.1599999981
1217 ; 8961307.193219801 ; 2.0168448038211918E8 ; 1.0529149654148718E10 ; 2.033491959549998E11 ; 105586.91999999809
1218 ; 8961307.193219801 ; 2.0167802435214615E8 ; 1.0538110961341938E10 ; 2.035508804353819E11 ; 105673.67999999809
1219 ; 8961307.193219801 ; 2.0167152360407653E8 ; 1.0547072268535158E10 ; 2.0375255845973404E11 ; 105760.43999999808
1220 ; 8961307.193219801 ; 2.0166497827680352E8 ; 1.0556033575728378E10 ; 2.039542299833381E11 ; 105847.19999999808
1221 ; 8961307.193219801 ; 2.0165838851033646E8 ; 1.0564994882921598E10 ; 2.041558949616149E11 ; 105933.95999999807
1222 ; 8961307.193219801 ; 2.016517544458033E8 ; 1.0573956190114819E10 ; 2.0435755335012524E11 ; 106020.71999999807
1223 ; 8961307.193219801 ; 2.016450762254536E8 ; 1.0582917497308039E10 ; 2.0455920510457104E11 ; 106107.47999999806
1224 ; 8961307.193219801 ; 2.01638353992661E8 ; 1.0591878804501259E10 ; 2.047608501807965E11 ; 106194.23999999806
1225 ; 8961307.193219801 ; 2.0163158789192647E8 ; 1.0600840111694479E10 ; 2.0496248853478918E11 ; 106280.99999999805
1226 ; 8961307.193219801 ; 2.0162477806888118E8 ; 1.06098014188877E10 ; 2.0516412012268112E11 ; 106367.75999999804
1227 ; 8961307.193219801 ; 2.016179246702899E8 ; 1.061876272608092E10 ; 2.0536574490075E11 ; 106454.51999999804
1228 ; 8961307.193219801 ; 2.0161102784405413E8 ; 1.062772403327414E10 ; 2.055673628254203E11 ; 106541.27999999803
1229 ; 8961307.193219801 ; 2.0160408773921567E8 ; 1.063668534046736E10 ; 2.0576897385326434E11 ; 106628.03999999803
1230 ; 8961307.193219801 ; 2.0159710450596026E8 ; 1.064564664766058E10 ; 2.0597057794100357E11 ; 106714.79999999802
1231 ; 8961307.193219801 ; 2.0159007829562128E8 ; 1.06546079548538E10 ; 2.0617217504550952E11 ; 106801.55999999802
1232 ; 8961307.193219801 ; 2.0158300926068375E8 ; 1.066356926204702E10 ; 2.0637376512380515E11 ; 106888.31999999801
1233 ; 8961307.193219801 ; 2.0157589755478835E8 ; 1.067253056924024E10 ; 2.0657534813306583E11 ; 106975.07999999801
1234 ; 8961307.193219801 ; 2.0156874333273566E8 ; 1.068149187643346E10 ; 2.067769240306206E11 ; 107061.839999998
1235 ; 8961307.193219801 ; 2.0156154675049055E8 ; 1.069045318362668E10 ; 2.0697849277395334E11 ; 107148.599999998
1236 ; 8961307.193219801 ; 2.0155430796518683E8 ; 1.06994144908199E10 ; 2.0718005432070383E11 ; 107235.35999999799
1237 ; 8961307.193219801 ; 2.01547027135132E8 ; 1.070837579801312E10 ; 2.07381608628669E11 ; 107322.11999999799
1238 ; 8961307.193219801 ; 2.015397044198121E8 ; 1.071733710520634E10 ; 2.0758315565580414E11 ; 107408.87999999798
1239 ; 8961307.193219801 ; 2.01532339979897E8 ; 1.072629841239956E10 ; 2.0778469536022394E11 ; 107495.63999999798
1240 ; 8961307.193219801 ; 2.0152493397724563E8 ; 1.0735259719592781E10 ; 2.0798622770020383E11 ; 107582.39999999797
1241 ; 8961307.193219801 ; 2.0151748657491162E8 ; 1.0744221026786001E10 ; 2.0818775263418106E11 ; 107669.15999999797
1242 ; 8961307.193219801 ; 2.01509997937149E8 ; 1.0753182333979221E10 ; 2.0838927012075598E11 ; 107755.91999999796
1243 ; 8961307.193219801 ; 2.0150246822941816E8 ; 1.0762143641172441E10 ; 2.085907801186931E11 ; 107842.67999999796
1244 ; 8961307.193219801 ; 2.0149489761839223E8 ; 1.0771104948365662E10 ; 2.0879228258692255E11 ; 107929.43999999795
1245 ; 8961307.193219801 ; 2.014872862719633E8 ; 1.0780066255558882E10 ; 2.0899377748454092E11 ; 108016.19999999795
1246 ; 8961307.193219801 ; 2.0147963435924938E8 ; 1.0789027562752102E10 ; 2.091952647708129E11 ; 108102.95999999794
1247 ; 8961307.193219801 ; 2.0147194205060107E8 ; 1.0797988869945322E10 ; 2.0939674440517215E11 ; 108189.71999999793
1248 ; 8961307.193219801 ; 2.01464209517609E8 ; 1.0806950177138542E10 ; 2.0959821634722275E11 ; 108276.47999999793
1249 ; 8961307.193219801 ; 2.014564369331112E8 ; 1.0815911484331762E10 ; 2.0979968055674036E11 ; 108363.23999999792
1250 ; 8961307.193219801 ; 2.0144862447120094E8 ; 1.0824872791524982E10 ; 2.1000113699367346E11 ; 108449.99999999792
1251 ; 8961307.193219801 ; 2.0144077230723473E8 ; 1.0833834098718203E10 ; 2.1020258561814465E11 ; 108536.75999999791
1252 ; 8961307.193219801 ; 2.014328806178407E8 ; 1.0842795405911423E10 ; 2.1040402639045187E11 ; 108623.51999999791
1253 ; 8961307.193219801 ; 2.0142494958092734E8 ; 1.0851756713104643E10 ; 2.106054592710697E11 ; 108710.2799999979
1254 ; 8961307.193219801 ; 2.0141697937569237E8 ; 1.0860718020297863E10 ; 2.1080688422065063E11 ; 108797.0399999979
1255 ; 8961307.193219801 ; 2.0140897018263218E8 ; 1.0869679327491083E10 ; 2.1100830120002634E11 ; 108883.7999999979
1256 ; 8961307.193219801 ; 2.0140092218355143E8 ; 1.0878640634684303E10 ; 2.1120971017020895E11 ; 108970.55999999789
1257 ; 8961307.193219801 ; 2.0139283556157318E8 ; 1.0887601941877523E10 ; 2.1141111109239252E11 ; 109057.31999999788
1258 ; 8961307.193219801 ; 2.0138471050114927E8 ; 1.0896563249070744E10 ; 2.116125039279541E11 ; 109144.07999999788
1259 ; 8961307.193219801 ; 2.01376547188071E8 ; 1.0905524556263964E10 ; 2.1181388863845526E11 ; 109230.83999999787
1260 ; 8571307.193219803 ; 2.0136834580948055E8 ; 1.0914485863457184E10 ; 2.1201526518564334E11 ; 109317.59999999787
1261 ; 8571307.193219803 ; 2.013601065538823E8 ; 1.0923057170650404E10 ; 2.1221663353145282E11 ; 109404.35999999786
1262 ; 8571307.193219803 ; 2.013518296111552E8 ; 1.0931628477843624E10 ; 2.124179936380067E11 ; 109491.11999999786
1263 ; 8571307.193219803 ; 2.0134351517256495E8 ; 1.0940199785036844E10 ; 2.1261934546761786E11 ; 109577.87999999785
1264 ; 8571307.193219803 ; 2.013351634307771E8 ; 1.0948771092230064E10 ; 2.1282068898279044E11 ; 109664.63999999785
1265 ; 8571307.193219803 ; 2.013267745798705E8 ; 1.0957342399423285E10 ; 2.1302202414622122E11 ; 109751.39999999784
1266 ; 8571307.193219803 ; 2.0131834881535107E8 ; 1.0965913706616505E10 ; 2.132233509208011E11 ; 109838.15999999784
1267 ; 8571307.193219803 ; 2.0130988633416632E8 ; 1.0974485013809725E10 ; 2.1342466926961642E11 ; 109924.91999999783
1268 ; 8571307.193219803 ; 2.0130138733472034E8 ; 1.0983056321002945E10 ; 2.136259791559506E11 ; 110011.67999999782
1269 ; 8571307.193219803 ; 2.0129285201688924E8 ; 1.0991627628196165E10 ; 2.138272805432853E11 ; 110098.43999999782
1270 ; 8571307.193219803 ; 2.012842805820373E8 ; 1.1000198935389385E10 ; 2.140285733953022E11 ; 110185.19999999781
1271 ; 8571307.193219803 ; 2.0127567323303348E8 ; 1.1008770242582605E10 ; 2.1422985767588422E11 ; 110271.95999999781
1272 ; 8571307.193219803 ; 2.01267030174269E8 ; 1.1017341549775826E10 ; 2.1443113334911725E11 ; 110358.7199999978
1273 ; 8571307.193219803 ; 2.0125835161167496E8 ; 1.1025912856969046E10 ; 2.146324003792915E11 ; 110445.4799999978
1274 ; 8571307.193219803 ; 2.0124963775274122E8 ; 1.1034484164162266E10 ; 2.1483365873090317E11 ; 110532.2399999978
1275 ; 8571307.193219803 ; 2.0124088880653542E8 ; 1.1043055471355486E10 ; 2.150349083686559E11 ; 110618.99999999779
1276 ; 8571307.193219803 ; 2.0123210498372322E8 ; 1.1051626778548706E10 ; 2.1523614925746246E11 ; 110705.75999999778
1277 ; 8571307.193219803 ; 1.9830739488060048E8 ; 1.1060198085741926E10 ; 2.154373813624462E11 ; 110792.51999999778
1278 ; 8571307.193219803 ; 1.5342105104148534E8 ; 1.1068769392935146E10 ; 2.156356887573268E11 ; 110879.27999999777
1279 ; 8571307.193219803 ; 1.530624909269636E8 ; 1.1077340700128366E10 ; 2.157891098083683E11 ; 110966.03999999777
1280 ; 8571307.193219803 ; 1.5270470011849424E8 ; 1.1085912007321587E10 ; 2.1594217229929526E11 ; 111052.79999999776
1281 ; 8571307.193219803 ; 1.5234767698953807E8 ; 1.1094483314514807E10 ; 2.1609487699941376E11 ; 111139.55999999776
1282 ; 8571307.193219803 ; 1.5199141991953057E8 ; 1.1103054621708027E10 ; 2.162472246764033E11 ; 111226.31999999775
1283 ; 8571307.193219803 ; 1.5163592729389745E8 ; 1.1111625928901247E10 ; 2.163992160963228E11 ; 111313.07999999775
1284 ; 8571307.193219803 ; 1.51281197504072E8 ; 1.1120197236094467E10 ; 2.165508520236167E11 ; 111399.83999999774
1285 ; 8571307.193219803 ; 1.509272289475131E8 ; 1.1128768543287687E10 ; 2.1670213322112076E11 ; 111486.59999999774
1286 ; 8571307.193219803 ; 1.5057402002772456E8 ; 1.1137339850480907E10 ; 2.1685306045006827E11 ; 111573.35999999773
1287 ; 8571307.193219803 ; 1.5022156915427527E8 ; 1.1145911157674128E10 ; 2.1700363447009598E11 ; 111660.11999999773
1288 ; 8571307.193219803 ; 1.4986987474282068E8 ; 1.1154482464867348E10 ; 2.1715385603925024E11 ; 111746.87999999772
1289 ; 8571307.193219803 ; 1.4951893521512553E8 ; 1.1163053772060568E10 ; 2.1730372591399307E11 ; 111833.63999999771
1290 ; 8571307.193219803 ; 1.4916874899908775E8 ; 1.1171625079253788E10 ; 2.174532448492082E11 ; 111920.39999999771
1291 ; 8571307.193219803 ; 1.488193145287635E8 ; 1.1180196386447008E10 ; 2.1760241359820728E11 ; 112007.1599999977
1292 ; 8571307.193219803 ; 1.4847063024439403E8 ; 1.1188767693640228E10 ; 2.1775123291273605E11 ; 112093.9199999977
1293 ; 8571307.193219803 ; 1.4812269459243333E8 ; 1.1197339000833448E10 ; 2.1789970354298044E11 ; 112180.6799999977
1294 ; 8571307.193219803 ; 1.4777550602557778E8 ; 1.1205910308026669E10 ; 2.1804782623757288E11 ; 112267.43999999769
1295 ; 8571307.193219803 ; 1.47429063002797E8 ; 1.1214481615219889E10 ; 2.1819560174359845E11 ; 112354.19999999768
1296 ; 8571307.193219803 ; 1.4708336398936647E8 ; 1.1223052922413109E10 ; 2.1834303080660126E11 ; 112440.95999999768
1297 ; 8571307.193219803 ; 1.4673840745690146E8 ; 1.1231624229606329E10 ; 2.1849011417059064E11 ; 112527.71999999767
1298 ; 8571307.193219803 ; 1.4639419188339344E8 ; 1.124019553679955E10 ; 2.1863685257804755E11 ; 112614.47999999767
1299 ; 8571307.193219803 ; 1.4605071575324717E8 ; 1.124876684399277E10 ; 2.1878324676993094E11 ; 112701.23999999766
1300 ; 8571307.193219803 ; 1.4570797755732068E8 ; 1.125733815118599E10 ; 2.1892929748568417E11 ; 112787.99999999766
1301 ; 8571307.193219803 ; 1.453659757929667E8 ; 1.126590945837921E10 ; 2.190750054632415E11 ; 112874.75999999765
1302 ; 8571307.193219803 ; 1.4502470896407598E8 ; 1.127448076557243E10 ; 2.1922037143903445E11 ; 112961.51999999765
1303 ; 8571307.193219803 ; 1.446841755811233E8 ; 1.128305207276565E10 ; 2.1936539614799854E11 ; 113048.27999999764
1304 ; 8571307.193219803 ; 1.4434437416121495E8 ; 1.129162337995887E10 ; 2.1951008032357965E11 ; 113135.03999999764
1305 ; 8571307.193219803 ; 1.4400530322813913E8 ; 1.130019468715209E10 ; 2.1965442469774088E11 ; 113221.79999999763
1306 ; 8571307.193219803 ; 1.436669613124184E8 ; 1.130876599434531E10 ; 2.1979843000096902E11 ; 113308.55999999763
1307 ; 8571307.193219803 ; 1.433293469513648E8 ; 1.131733730153853E10 ; 2.1994209696228143E11 ; 113395.31999999762
1308 ; 8571307.193219803 ; 1.4299245868913728E8 ; 1.132590860873175E10 ; 2.200854263092328E11 ; 113482.07999999762
1309 ; 8571307.193219803 ; 1.426562950768025E8 ; 1.133447991592497E10 ; 2.2022841876792194E11 ; 113568.83999999761
1310 ; 8571307.193219803 ; 1.4232085467239773E8 ; 1.134305122311819E10 ; 2.2037107506299875E11 ; 113655.5999999976
1311 ; 8571307.193219803 ; 1.419861360409972E8 ; 1.135162253031141E10 ; 2.2051339591767114E11 ; 113742.3599999976
1312 ; 8571307.193219803 ; 1.4165213775478145E8 ; 1.1360193837504631E10 ; 2.2065538205371213E11 ; 113829.1199999976
1313 ; 8571307.193219803 ; 1.4131885839310977E8 ; 1.1368765144697851E10 ; 2.2079703419146692E11 ; 113915.87999999759
1314 ; 8571307.193219803 ; 1.409862965425964E8 ; 1.1377336451891071E10 ; 2.2093835304986002E11 ; 114002.63999999758
1315 ; 8571307.193219803 ; 1.406544507971899E8 ; 1.1385907759084291E10 ; 2.2107933934640262E11 ; 114089.39999999758
1316 ; 8571307.193219803 ; 1.403233197582564E8 ; 1.1394479066277512E10 ; 2.212199937971998E11 ; 114176.15999999757
1317 ; 8571307.193219803 ; 1.3999290203466672E8 ; 1.1403050373470732E10 ; 2.2136031711695807E11 ; 114262.91999999757
1318 ; 8571307.193219803 ; 1.396631962428878E8 ; 1.1411621680663952E10 ; 2.2150031001899274E11 ; 114349.67999999756
1319 ; 8571307.193219803 ; 1.3933420100707775E8 ; 1.1420192987857172E10 ; 2.2163997321523563E11 ; 114436.43999999756
1320 ; 8571307.193219803 ; 1.3900591495918605E8 ; 1.1428764295050392E10 ; 2.217793074162427E11 ; 114523.19999999755
1321 ; 8571307.193219803 ; 1.386783367390581E8 ; 1.1437335602243612E10 ; 2.219183133312019E11 ; 114609.95999999755
1322 ; 8571307.193219803 ; 1.383514649945445E8 ; 1.1445906909436832E10 ; 2.2205699166794095E11 ; 114696.71999999754
1323 ; 8571307.193219803 ; 1.3802529838161597E8 ; 1.1454478216630053E10 ; 2.221953431329355E11 ; 114783.47999999754
1324 ; 8571307.193219803 ; 1.376998355644828E8 ; 1.1463049523823273E10 ; 2.223333684313171E11 ; 114870.23999999753
1325 ; 8571307.193219803 ; 1.37375075215721E8 ; 1.1471620831016493E10 ; 2.224710682668816E11 ; 114956.99999999753
1326 ; 8571307.193219803 ; 1.3705101601640344E8 ; 1.1480192138209713E10 ; 2.2260844334209732E11 ; 115043.75999999752
1327 ; 8571307.193219803 ; 1.3672765665623736E8 ; 1.1488763445402933E10 ; 2.2274549435811374E11 ; 115130.51999999752
1328 ; 8571307.193219803 ; 1.3640499583370888E8 ; 1.1497334752596153E10 ; 2.2288222201477E11 ; 115217.27999999751
1329 ; 8571307.193219803 ; 1.3608303225623387E8 ; 1.1505906059789373E10 ; 2.230186270106037E11 ; 115304.0399999975
1330 ; 8571307.193219803 ; 1.357617646403158E8 ; 1.1514477366982594E10 ; 2.2315471004285992E11 ; 115390.7999999975
1331 ; 8571307.193219803 ; 1.3544119171171165E8 ; 1.1523048674175814E10 ; 2.2329047180750024E11 ; 115477.5599999975
1332 ; 8571307.193219803 ; 1.3512131220560527E8 ; 1.1531619981369034E10 ; 2.2342591299921194E11 ; 115564.31999999749
1333 ; 8571307.193219803 ; 1.3480212486678913E8 ; 1.1540191288562254E10 ; 2.2356103431141754E11 ; 115651.07999999748
1334 ; 8571307.193219803 ; 1.344836284498548E8 ; 1.1548762595755474E10 ; 2.2369583643628433E11 ; 115737.83999999748
1335 ; 8571307.193219803 ; 1.3416582171939258E8 ; 1.1557333902948694E10 ; 2.238303200647342E11 ; 115824.59999999747
1336 ; 8571307.193219803 ; 1.3384870345020084E8 ; 1.1565905210141914E10 ; 2.2396448588645358E11 ; 115911.35999999747
1337 ; 8571307.193219803 ; 1.3353227242750503E8 ; 1.1574476517335135E10 ; 2.2409833458990378E11 ; 115998.11999999746
1338 ; 8571307.193219803 ; 1.3321652744718792E8 ; 1.1583047824528355E10 ; 2.2423186686233127E11 ; 116084.87999999746
1339 ; 8571307.193219803 ; 1.3290146731603068E8 ; 1.1591619131721575E10 ; 2.2436508338977844E11 ; 116171.63999999745
1340 ; 8571307.193219803 ; 1.3258709085196577E8 ; 1.1600190438914795E10 ; 2.2449798485709448E11 ; 116258.39999999745
1341 ; 8571307.193219803 ; 1.322733968843422E8 ; 1.1608761746108015E10 ; 2.2463057194794644E11 ; 116345.15999999744
1342 ; 8571307.193219803 ; 1.3196038425420399E8 ; 1.1617333053301235E10 ; 2.2476284534483078E11 ; 116431.91999999744
1343 ; 8571307.193219803 ; 1.316480518145823E8 ; 1.1625904360494455E10 ; 2.24894805729085E11 ; 116518.67999999743
1344 ; 8571307.193219803 ; 1.3133639843080191E8 ; 1.1634475667687675E10 ; 2.2502645378089957E11 ; 116605.43999999743
1345 ; 8571307.193219803 ; 1.3102542298080309E8 ; 1.1643046974880896E10 ; 2.2515779017933038E11 ; 116692.19999999742
1346 ; 8571307.193219803 ; 1.3071512435547975E8 ; 1.1651618282074116E10 ; 2.252888156023112E11 ; 116778.95999999742
1347 ; 8571307.193219803 ; 1.3040550145903417E8 ; 1.1660189589267336E10 ; 2.2541953072666666E11 ; 116865.71999999741
1348 ; 8571307.193219803 ; 1.3009655320934981E8 ; 1.1668760896460556E10 ; 2.255499362281257E11 ; 116952.4799999974
1349 ; 8571307.193219803 ; 1.2978827853838311E8 ; 1.1677332203653776E10 ; 2.2568003278133505E11 ; 117039.2399999974
1350 ; 8561447.193219803 ; 1.2948067639257514E8 ; 1.1685903510846996E10 ; 2.2580982105987344E11 ; 117125.9999999974
1351 ; 8561447.193219803 ; 1.291737457332841E8 ; 1.1694464958040216E10 ; 2.2593930173626602E11 ; 117212.75999999739
1352 ; 8561447.193219803 ; 1.288674855372404E8 ; 1.1703026405233437E10 ; 2.260684754819993E11 ; 117299.51999999738
1353 ; 8561447.193219803 ; 1.2856189479702476E8 ; 1.1711587852426657E10 ; 2.2619734296753653E11 ; 117386.27999999738
1354 ; 8561447.193219803 ; 1.2825697252157156E8 ; 1.1720149299619877E10 ; 2.2632590486233356E11 ; 117473.03999999737
1355 ; 8561447.193219803 ; 1.2795271773669785E8 ; 1.1728710746813097E10 ; 2.2645416183485513E11 ; 117559.79999999737
1356 ; 8561447.193219803 ; 1.2764912948566055E8 ; 1.1737272194006317E10 ; 2.2658211455259183E11 ; 117646.55999999736
1357 ; 8561447.193219803 ; 1.2734620682974248E8 ; 1.1745833641199537E10 ; 2.2670976368207748E11 ; 117733.31999999736
1358 ; 8561447.193219803 ; 1.2704394884886953E8 ; 1.1754395088392757E10 ; 2.2683710988890723E11 ; 117820.07999999735
1359 ; 8561447.193219803 ; 1.2674235464226061E8 ; 1.1762956535585978E10 ; 2.269641538377561E11 ; 117906.83999999735
1360 ; 8561447.193219803 ; 1.264414233291119E8 ; 1.1771517982779198E10 ; 2.2709089619239838E11 ; 117993.59999999734
1361 ; 8561447.193219803 ; 1.2614115404931812E8 ; 1.1780079429972418E10 ; 2.2721733761572748E11 ; 118080.35999999734
1362 ; 8561447.193219803 ; 1.2584154596423216E8 ; 1.1788640877165638E10 ; 2.273434787697768E11 ; 118167.11999999733
1363 ; 8561447.193219803 ; 1.2554259825746606E8 ; 1.1797202324358858E10 ; 2.2746932031574103E11 ; 118253.87999999733
1364 ; 8561447.193219803 ; 1.2524431013573515E8 ; 1.1805763771552078E10 ; 2.275948629139985E11 ; 118340.63999999732
1365 ; 8561447.193219803 ; 1.2494668082974842E8 ; 1.1814325218745298E10 ; 2.2772010722413425E11 ; 118427.39999999732
1366 ; 8561447.193219803 ; 1.2464970959514727E8 ; 1.1822886665938519E10 ; 2.27845053904964E11 ; 118514.15999999731
1367 ; 8561447.193219803 ; 1.2435339571349609E8 ; 1.1831448113131739E10 ; 2.2796970361455914E11 ; 118600.9199999973
1368 ; 8561447.193219803 ; 1.2405773849332751E8 ; 1.1840009560324959E10 ; 2.2809405701027264E11 ; 118687.6799999973
1369 ; 8561447.193219803 ; 1.2376273727124533E8 ; 1.1848571007518179E10 ; 2.2821811474876596E11 ; 118774.4399999973
1370 ; 8561447.193219803 ; 1.2346839141308875E8 ; 1.18571324547114E10 ; 2.283418774860372E11 ; 118861.19999999729
1371 ; 8561447.193219803 ; 1.23174700315162E8 ; 1.186569390190462E10 ; 2.284653458774503E11 ; 118947.95999999729
1372 ; 8561447.193219803 ; 1.228816634055323E8 ; 1.187425534909784E10 ; 2.2858852057776544E11 ; 119034.71999999728
1373 ; 8561447.193219803 ; 1.2258928014540106E8 ; 1.188281679629106E10 ; 2.2871140224117096E11 ; 119121.47999999727
1374 ; 8561447.193219803 ; 1.2229755003055254E8 ; 1.189137824348428E10 ; 2.2883399152131638E11 ; 119208.23999999727
1375 ; 8561447.193219803 ; 1.2200647259288414E8 ; 1.18999396906775E10 ; 2.2895628907134692E11 ; 119294.99999999726
1376 ; 8561447.193219803 ; 1.217160474020236E8 ; 1.190850113787072E10 ; 2.2907829554393982E11 ; 119381.75999999726
1377 ; 8561447.193219803 ; 1.2142627406703839E8 ; 1.191706258506394E10 ; 2.2920001159134186E11 ; 119468.51999999725
1378 ; 8561447.193219803 ; 1.211371522382422E8 ; 1.192562403225716E10 ; 2.293214378654089E11 ; 119555.27999999725
1379 ; 8561447.193219803 ; 1.2084868160910487E8 ; 1.193418547945038E10 ; 2.2944257501764716E11 ; 119642.03999999724
1380 ; 8561447.193219803 ; 1.2056086191827142E8 ; 1.19427469266436E10 ; 2.2956342369925626E11 ; 119728.79999999724
1381 ; 8561447.193219803 ; 1.2027369295169672E8 ; 1.195130837383682E10 ; 2.2968398456117453E11 ; 119815.55999999723
1382 ; 8561447.193219803 ; 1.1998717454490264E8 ; 1.195986982103004E10 ; 2.2980425825412622E11 ; 119902.31999999723
1383 ; 8561447.193219803 ; 1.1970130658536452E8 ; 1.196843126822326E10 ; 2.299242454286711E11 ; 119989.07999999722
1384 ; 8561447.193219803 ; 1.1941608901503442E8 ; 1.1976992715416481E10 ; 2.3004394673525647E11 ; 120075.83999999722
1385 ; 8561447.193219803 ; 1.19131521833009E8 ; 1.1985554162609701E10 ; 2.301633628242715E11 ; 120162.59999999721
1386 ; 8561447.193219803 ; 1.1884760509834991E8 ; 1.1994115609802921E10 ; 2.3028249434610452E11 ; 120249.3599999972
1387 ; 8561447.193219803 ; 1.185643389330652E8 ; 1.2002677056996141E10 ; 2.3040134195120288E11 ; 120336.1199999972
1388 ; 8561447.193219803 ; 1.1828172352526046E8 ; 1.2011238504189362E10 ; 2.3051990629013596E11 ; 120422.8799999972
1389 ; 8561447.193219803 ; 1.1799975913246845E8 ; 1.2019799951382582E10 ; 2.3063818801366122E11 ; 120509.63999999719
1390 ; 8561447.193219803 ; 1.1771844608516677E8 ; 1.2028361398575802E10 ; 2.307561877727937E11 ; 120596.39999999719
1391 ; 8561447.193219803 ; 1.1743778479049277E8 ; 1.2036922845769022E10 ; 2.3087390621887888E11 ; 120683.15999999718
1392 ; 8561447.193219803 ; 1.1715777573616536E8 ; 1.2045484292962242E10 ; 2.3099134400366937E11 ; 120769.91999999718
1393 ; 8561447.193219803 ; 1.1687841949462329E8 ; 1.2054045740155462E10 ; 2.3110850177940555E11 ; 120856.67999999717
1394 ; 8561447.193219803 ; 1.1659971672738975E8 ; 1.2062607187348682E10 ; 2.3122538019890018E11 ; 120943.43999999716
1395 ; 8561447.193219803 ; 1.1632166818967265E8 ; 1.2071168634541903E10 ; 2.3134197991562756E11 ; 121030.19999999716
1396 ; 8561447.193219803 ; 1.1604427473520988E8 ; 1.2079730081735123E10 ; 2.3145830158381723E11 ; 121116.95999999715
1397 ; 8561447.193219803 ; 1.1576753732136837E8 ; 1.2088291528928343E10 ; 2.3157434585855243E11 ; 121203.71999999715
1398 ; 8561447.193219803 ; 1.1549145701450528E8 ; 1.2096852976121563E10 ; 2.316901133958738E11 ; 121290.47999999714
1399 ; 8561447.193219803 ; 1.1521603499559847E8 ; 1.2105414423314783E10 ; 2.318056048528883E11 ; 121377.23999999714
1400 ; 8561447.193219803 ; 1.1494127256615272E8 ; 1.2113975870508003E10 ; 2.319208208878839E11 ; 121463.99999999713
1401 ; 8561447.193219803 ; 1.146671711543859E8 ; 1.2122537317701223E10 ; 2.3203576216045007E11 ; 121550.75999999713
1402 ; 8561447.193219803 ; 1.1439373232169855E8 ; 1.2131098764894444E10 ; 2.3215042933160446E11 ; 121637.51999999712
1403 ; 8561447.193219803 ; 1.141209577694268E8 ; 1.2139660212087664E10 ; 2.3226482306392615E11 ; 121724.27999999712
1404 ; 8561447.193219803 ; 1.138488493458762E8 ; 1.2148221659280884E10 ; 2.323789440216956E11 ; 121811.03999999711
1405 ; 8561447.193219803 ; 1.1357740905363081E8 ; 1.2156783106474104E10 ; 2.3249279287104147E11 ; 121897.7999999971
1406 ; 8561447.193219803 ; 1.1330663905712679E8 ; 1.2165344553667324E10 ; 2.326063702800951E11 ; 121984.5599999971
1407 ; 8561447.193219803 ; 1.1303654169047552E8 ; 1.2173906000860544E10 ; 2.3271967691915222E11 ; 122071.3199999971
1408 ; 8561447.193219803 ; 1.1276711946551439E8 ; 1.2182467448053764E10 ; 2.328327134608427E11 ; 122158.07999999709
1409 ; 8561447.193219803 ; 1.1249837508005707E8 ; 1.2191028895246984E10 ; 2.3294548058030823E11 ; 122244.83999999709
1410 ; 8571307.193219803 ; 1.1223031142630596E8 ; 1.2199590342440205E10 ; 2.3305797895538828E11 ; 122331.59999999708
1411 ; 8571307.193219803 ; 1.119629315993805E8 ; 1.2208161649633425E10 ; 2.3317020926681458E11 ; 122418.35999999708
1412 ; 8571307.193219803 ; 1.1169623890590294E8 ; 1.2216732956826645E10 ; 2.3328217219841394E11 ; 122505.11999999707
1413 ; 8571307.193219803 ; 1.1143023687257163E8 ; 1.2225304264019865E10 ; 2.3339386843731985E11 ; 122591.87999999707
1414 ; 8571307.193219803 ; 1.1116492925463565E8 ; 1.2233875571213085E10 ; 2.335052986741924E11 ; 122678.63999999706
1415 ; 8571307.193219803 ; 1.1090032004416943E8 ; 1.2242446878406305E10 ; 2.3361646360344705E11 ; 122765.39999999705
1416 ; 8571307.193219803 ; 1.1063641347802672E8 ; 1.2251018185599525E10 ; 2.337273639234912E11 ; 122852.15999999705
1417 ; 8571307.193219803 ; 1.1037321404533318E8 ; 1.2259589492792746E10 ; 2.3383800033696924E11 ; 122938.91999999704
1418 ; 8571307.193219803 ; 1.1011072649435383E8 ; 1.2268160799985966E10 ; 2.3394837355101456E11 ; 123025.67999999704
1419 ; 8571307.193219803 ; 1.0984895583854727E8 ; 1.2276732107179186E10 ; 2.340584842775089E11 ; 123112.43999999703
1420 ; 8571307.193219803 ; 1.0958790736159271E8 ; 1.2285303414372406E10 ; 2.3416833323334747E11 ; 123199.19999999703
1421 ; 8571307.193219803 ; 1.0932758662114722E8 ; 1.2293874721565626E10 ; 2.3427792114070908E11 ; 123285.95999999702
1422 ; 8571307.193219803 ; 1.0906799945106249E8 ; 1.2302446028758846E10 ; 2.3438724872733023E11 ; 123372.71999999702
1423 ; 8571307.193219803 ; 1.0880915196176146E8 ; 1.2311017335952066E10 ; 2.3449631672678128E11 ; 123459.47999999701
1424 ; 8571307.193219803 ; 1.0855105053844647E8 ; 1.2319588643145287E10 ; 2.3460512587874304E11 ; 123546.23999999701
1425 ; 8571307.193219803 ; 1.0829370183678356E8 ; 1.2328159950338507E10 ; 2.347136769292815E11 ; 123632.999999997
1426 ; 8571307.193219803 ; 1.0803711277568512E8 ; 1.2336731257531727E10 ; 2.348219706311183E11 ; 123719.759999997
1427 ; 8571307.193219803 ; 1.0778129052679397E8 ; 1.2345302564724947E10 ; 2.3493000774389398E11 ; 123806.51999999699
1428 ; 8571307.193219803 ; 1.0752624250026014E8 ; 1.2353873871918167E10 ; 2.3503778903442078E11 ; 123893.27999999699
1429 ; 8571307.193219803 ; 1.0727197632640101E8 ; 1.2362445179111387E10 ; 2.3514531527692105E11 ; 123980.03999999698
1430 ; 8571307.193219803 ; 1.0701849983284457E8 ; 1.2371016486304607E10 ; 2.3525258725324747E11 ; 124066.79999999698
1431 ; 8571307.193219803 ; 1.0676582101678082E8 ; 1.2379587793497828E10 ; 2.3535960575308032E11 ; 124153.55999999697
1432 ; 8571307.193219803 ; 1.065139480119904E8 ; 1.2388159100691048E10 ; 2.354663715740971E11 ; 124240.31999999697
1433 ; 8571307.193219803 ; 1.0626288905038098E8 ; 1.2396730407884268E10 ; 2.355728855221091E11 ; 124327.07999999696
1434 ; 8571307.193219803 ; 1.0601265241785038E8 ; 1.2405301715077488E10 ; 2.356791484111595E11 ; 124413.83999999696
1435 ; 8571307.193219803 ; 1.0576324640440454E8 ; 1.2413873022270708E10 ; 2.3578516106357733E11 ; 124500.59999999695
1436 ; 8571307.193219803 ; 1.0551467924859527E8 ; 1.2422444329463928E10 ; 2.3589092430998175E11 ; 124587.35999999694
1437 ; 8571307.193219803 ; 1.0526695907650359E8 ; 1.2431015636657148E10 ; 2.3599643898923035E11 ; 124674.11999999694
1438 ; 8571307.193219803 ; 1.0502009383567624E8 ; 1.2439586943850368E10 ; 2.3610170594830685E11 ; 124760.87999999693
1439 ; 8571307.193219803 ; 1.047740912246254E8 ; 1.2448158251043589E10 ; 2.3620672604214252E11 ; 124847.63999999693
