CSV File for the City 3 on Day 105
1 - Minute m 
2 - Power Consumed at minute m 
3 - Power Produced at minute m 
4 - Energy Consumed since the beginning of the day 
5 - Energy Produced since the beginning of the day 
6 - Energy Lost since the beginning of the day on lines starting from the city
 
0 ; 307423.1630489799 ; 1.0438344887913099E8 ; 0.0 ; 0.0 ; 0.0
1 ; 307454.5177198363 ; 1.0453503858517802E8 ; 307423.1630489799 ; 1.0438344887913099E8 ; 91.29
2 ; 307967.8621854526 ; 1.0499554908844551E8 ; 614877.6807688163 ; 2.08918487464309E8 ; 182.58
3 ; 308372.2414550184 ; 1.0576498321818346E8 ; 922845.5429542689 ; 3.139140365527545E8 ; 273.87
4 ; 307885.8065582341 ; 1.0684334350810844E8 ; 1231217.7844092874 ; 4.19679019770938E8 ; 365.16
5 ; 308313.9205199896 ; 1.0823063218297404E8 ; 1539103.5909675215 ; 5.265223632790464E8 ; 456.45000000000005
6 ; 309036.89106054686 ; 1.0992685114656326E8 ; 1847417.5114875112 ; 6.347529954620204E8 ; 547.74
7 ; 309081.77420470386 ; 1.1193200197125322E8 ; 2156454.402548058 ; 7.446798466085837E8 ; 639.03
8 ; 309759.3732845331 ; 1.1424608588928425E8 ; 2465536.176752762 ; 8.566118485798368E8 ; 730.3199999999999
9 ; 310212.4266719091 ; 1.1686910378584653E8 ; 2775295.550037295 ; 9.708579344691211E8 ; 821.6099999999999
10 ; 310233.66429913393 ; 1.1980105619407493E8 ; 3085507.9767092043 ; 1.0877270382549677E9 ; 912.8999999999999
11 ; 310975.6169775594 ; 1.230419432920194E8 ; 3395741.641008338 ; 1.2075280944490426E9 ; 1004.1899999999998
12 ; 311276.4257505235 ; 1.2659176490162995E8 ; 3706717.2579858974 ; 1.330570037741062E9 ; 1095.4799999999998
13 ; 311352.5700941991 ; 1.3045052048977172E8 ; 4017993.6837364207 ; 1.4571618026426919E9 ; 1186.7699999999998
14 ; 311436.106341432 ; 1.3461820917125463E8 ; 4329346.25383062 ; 1.5876123231324635E9 ; 1278.0599999999997
15 ; 310737.7309513538 ; 1.3909482971383822E8 ; 4640782.360172052 ; 1.722230532303718E9 ; 1369.3499999999997
16 ; 311906.1296061416 ; 1.4388038054514548E8 ; 4951520.091123406 ; 1.8613253620175562E9 ; 1460.6399999999996
17 ; 311816.7001853649 ; 1.4897485976139334E8 ; 5263426.220729548 ; 2.0052057425627017E9 ; 1551.9299999999996
18 ; 311734.8759849578 ; 1.5437826513782823E8 ; 5575242.920914913 ; 2.1541806023240952E9 ; 1643.2199999999996
19 ; 312453.22147660196 ; 1.6009059414073357E8 ; 5886977.79689987 ; 2.3085588674619236E9 ; 1734.5099999999995
20 ; 311777.0812797363 ; 1.6611184394085935E8 ; 6199431.018376472 ; 2.4686494616026573E9 ; 1825.7999999999995
21 ; 312014.2674103831 ; 1.7244201142811158E8 ; 6511208.099656208 ; 2.6347613055435166E9 ; 1917.0899999999995
22 ; 312902.5839819823 ; 1.7908109322732902E8 ; 6823222.367066592 ; 2.807203316971628E9 ; 2008.3799999999994
23 ; 312901.6918336082 ; 1.8602908571496773E8 ; 7136124.951048574 ; 2.9862844101989574E9 ; 2099.6699999999996
24 ; 312173.1236169029 ; 1.9328598503651118E8 ; 7449026.642882182 ; 3.172313495913925E9 ; 2190.9599999999996
25 ; 313008.2013676829 ; 1.9953982802260816E8 ; 7761199.766499085 ; 3.3655994809504366E9 ; 2282.2499999999995
26 ; 312497.4945097179 ; 1.9954415824428797E8 ; 8074207.967866768 ; 3.565139308973045E9 ; 2373.5399999999995
27 ; 313171.4332045956 ; 1.995487405563762E8 ; 8386705.4623764865 ; 3.764683467217333E9 ; 2464.8299999999995
28 ; 312928.69252401363 ; 1.9955357036280838E8 ; 8699876.895581082 ; 3.964232207773709E9 ; 2556.1199999999994
29 ; 312991.6219110085 ; 1.995586429282927E8 ; 9012805.588105096 ; 4.163785778136517E9 ; 2647.4099999999994
30 ; 313327.75287811056 ; 1.9956395339646167E8 ; 9325797.210016103 ; 4.36334442106481E9 ; 2738.6999999999994
31 ; 313021.60548941663 ; 1.9956949680763173E8 ; 9639124.962894214 ; 4.562908374461271E9 ; 2829.9899999999993
32 ; 313255.2010357017 ; 1.9957526811605644E8 ; 9952146.56838363 ; 4.762477871268903E9 ; 2921.2799999999993
33 ; 313669.1996039915 ; 1.9958126220657563E8 ; 1.0265401769419333E7 ; 4.962053139384959E9 ; 3012.5699999999993
34 ; 313670.21209897083 ; 1.9958747391057685E8 ; 1.0579070969023325E7 ; 5.161634401591535E9 ; 3103.859999999999
35 ; 314126.4504597543 ; 1.9959389802120042E8 ; 1.0892741181122296E7 ; 5.361221875502111E9 ; 3195.149999999999
36 ; 314231.4737167291 ; 1.9960052930773368E8 ; 1.120686763158205E7 ; 5.560815773523312E9 ; 3286.439999999999
37 ; 314461.8955507644 ; 1.9960736252915382E8 ; 1.1521099105298778E7 ; 5.760416302831045E9 ; 3377.729999999999
38 ; 315058.1735510003 ; 1.9961439244679096E8 ; 1.1835561000849543E7 ; 5.960023665360199E9 ; 3469.019999999999
39 ; 314824.28676452214 ; 1.9962161383609548E8 ; 1.2150619174400544E7 ; 6.15963805780699E9 ; 3560.309999999999
40 ; 314742.9650735915 ; 1.9962902149750406E8 ; 1.2465443461165067E7 ; 6.3592596716430855E9 ; 3651.599999999999
41 ; 314737.98242464074 ; 1.9963661026640803E8 ; 1.2780186426238658E7 ; 6.55888869314059E9 ; 3742.889999999999
42 ; 315163.44805671304 ; 1.9964437502223694E8 ; 1.3094924408663299E7 ; 6.758525303406998E9 ; 3834.179999999999
43 ; 315425.07014891313 ; 1.996523106966764E8 ; 1.3410087856720012E7 ; 6.9581696784292345E9 ; 3925.469999999999
44 ; 315606.68329353747 ; 1.9966041228104648E8 ; 1.3725512926868925E7 ; 7.157821989125911E9 ; 4016.759999999999
45 ; 315234.3782044221 ; 1.996686748328707E8 ; 1.4041119610162463E7 ; 7.357482401406958E9 ; 4108.049999999999
46 ; 315249.7145248005 ; 1.9967709348167124E8 ; 1.4356353988366885E7 ; 7.557151076239828E9 ; 4199.339999999999
47 ; 315265.99336602003 ; 1.996856634340276E8 ; 1.4671603702891685E7 ; 7.756828169721499E9 ; 4290.629999999999
48 ; 316225.8268151174 ; 1.996943799779391E8 ; 1.4986869696257705E7 ; 7.956513833155527E9 ; 4381.919999999999
49 ; 315818.3953462563 ; 1.997032384865329E8 ; 1.5303095523072822E7 ; 8.156208213133466E9 ; 4473.209999999999
50 ; 316147.95925499825 ; 1.9971223442115998E8 ; 1.5618913918419078E7 ; 8.355911451619999E9 ; 4564.499999999999
51 ; 316614.0161213311 ; 1.9972136333392155E8 ; 1.5935061877674077E7 ; 8.555623686041159E9 ; 4655.789999999999
52 ; 316042.84178405395 ; 1.997306208696687E8 ; 1.6251675893795408E7 ; 8.75534504937508E9 ; 4747.079999999999
53 ; 317208.76676610304 ; 1.9974000276751631E8 ; 1.6567718735579463E7 ; 8.95507567024475E9 ; 4838.369999999999
54 ; 316888.4109621156 ; 1.9974950486191264E8 ; 1.6884927502345566E7 ; 9.154815673012266E9 ; 4929.659999999999
55 ; 316193.28885280393 ; 1.9975912308330312E8 ; 1.720181591330768E7 ; 9.354565177874178E9 ; 5020.949999999999
56 ; 316995.004076543 ; 1.9976885345842654E8 ; 1.7518009202160485E7 ; 9.554324300957481E9 ; 5112.239999999999
57 ; 317288.5638537961 ; 1.9977869211027932E8 ; 1.783500420623703E7 ; 9.754093154415909E9 ; 5203.529999999999
58 ; 317343.20521965256 ; 1.9978863525778195E8 ; 1.8152292770090826E7 ; 9.953871846526188E9 ; 5294.819999999999
59 ; 317830.92590372596 ; 1.9979867921518004E8 ; 1.846963597531048E7 ; 1.015366048178397E10 ; 5386.109999999999
60 ; 317855.1136180399 ; 1.9980882039120942E8 ; 1.8787466901214205E7 ; 1.035345916099915E10 ; 5477.399999999999
61 ; 318004.39334786375 ; 1.9981905528805435E8 ; 1.9105322014832243E7 ; 1.0553267981390358E10 ; 5568.689999999999
62 ; 318438.81290576764 ; 1.998293805001243E8 ; 1.9423326408180106E7 ; 1.0753087036678411E10 ; 5659.979999999999
63 ; 318345.54051033646 ; 1.998397927126737E8 ; 1.9741765221085873E7 ; 1.0952916417178535E10 ; 5751.269999999999
64 ; 318716.29410330654 ; 1.998502887002871E8 ; 2.006011076159621E7 ; 1.1152756209891209E10 ; 5842.559999999999
65 ; 319239.8923267783 ; 1.9986086532525027E8 ; 2.0378827055699516E7 ; 1.1352606498591496E10 ; 5933.8499999999985
66 ; 319196.0839232201 ; 1.998715195358255E8 ; 2.0698066948026296E7 ; 1.1552467363916746E10 ; 6025.1399999999985
67 ; 319745.9315707614 ; 1.9988224836444888E8 ; 2.1017263031949516E7 ; 1.1752338883452572E10 ; 6116.4299999999985
68 ; 319693.09732048097 ; 1.9989304892586443E8 ; 2.1337008963520277E7 ; 1.195222113181702E10 ; 6207.719999999998
69 ; 319788.64192122605 ; 1.9990391841520947E8 ; 2.165670206084076E7 ; 1.2152114180742886E10 ; 6299.009999999998
70 ; 320116.02124445315 ; 1.9991485410606357E8 ; 2.1976490702761985E7 ; 1.2352018099158094E10 ; 6390.299999999998
71 ; 319402.17199785204 ; 1.9992585334847254E8 ; 2.2296606724006437E7 ; 1.2551932953264158E10 ; 6481.589999999998
72 ; 319924.4031924884 ; 1.9993691356695744E8 ; 2.261600889600429E7 ; 1.275185880661263E10 ; 6572.879999999998
73 ; 320233.9920376142 ; 1.999480322585178E8 ; 2.2935933299196776E7 ; 1.2951795720179588E10 ; 6664.169999999998
74 ; 319997.62629133434 ; 1.9995920699063668E8 ; 2.325616729123439E7 ; 1.3151743752438107E10 ; 6755.459999999998
75 ; 319976.38971220795 ; 1.9997043539929473E8 ; 2.3576164917525724E7 ; 1.3351702959428743E10 ; 6846.749999999998
76 ; 319975.8010189888 ; 1.9998171518699935E8 ; 2.389614130723793E7 ; 1.3551673394828037E10 ; 6938.039999999998
77 ; 320062.06437726755 ; 1.9999304412083432E8 ; 2.421611710825692E7 ; 1.3751655110015038E10 ; 7029.329999999998
78 ; 321155.78529461107 ; 2.0000442003053427E8 ; 2.4536179172634188E7 ; 1.3951648154135872E10 ; 7120.619999999998
79 ; 319799.9702681389 ; 2.0001584080658835E8 ; 2.48573349579288E7 ; 1.4151652574166407E10 ; 7211.909999999998
80 ; 319950.4274917873 ; 2.0002730439837587E8 ; 2.5177134928196937E7 ; 1.4351668414972996E10 ; 7303.199999999998
81 ; 319985.53631285287 ; 2.0003880881233722E8 ; 2.5497085355688725E7 ; 1.4551695719371372E10 ; 7394.489999999998
82 ; 320417.11353402014 ; 2.0005035211018214E8 ; 2.5817070892001577E7 ; 1.475173452818371E10 ; 7485.779999999998
83 ; 320448.66668525594 ; 2.0006193240713722E8 ; 2.6137488005535595E7 ; 1.4951784880293892E10 ; 7577.069999999998
84 ; 320342.0552953623 ; 2.000735478702342E8 ; 2.6457936672220852E7 ; 1.5151846812701029E10 ; 7668.359999999998
85 ; 320673.3655571524 ; 2.000851967166401E8 ; 2.6778278727516215E7 ; 1.5351920360571262E10 ; 7759.649999999998
86 ; 320243.10405788384 ; 2.0009687721203038E8 ; 2.7098952093073368E7 ; 1.5552005557287903E10 ; 7850.939999999998
87 ; 320516.4939351639 ; 2.001085876690049E8 ; 2.7419195197131254E7 ; 1.5752102434499933E10 ; 7942.229999999998
88 ; 320523.4666160771 ; 2.001203264455479E8 ; 2.7739711691066418E7 ; 1.5952211022168938E10 ; 8033.519999999998
89 ; 320437.0251706459 ; 2.001320919435317E8 ; 2.8060235157682493E7 ; 1.6152331348614485E10 ; 8124.809999999998
90 ; 320162.6266112879 ; 2.001438826072638E8 ; 2.838067218285314E7 ; 1.6352463440558016E10 ; 8216.099999999999
91 ; 320472.4756418417 ; 2.0015569692207766E8 ; 2.870083480946443E7 ; 1.655260732316528E10 ; 8307.39
92 ; 320575.9901938253 ; 2.0016753341296637E8 ; 2.902130728510627E7 ; 1.6752763020087357E10 ; 8398.68
93 ; 320322.62738546263 ; 2.001793906432589E8 ; 2.9341883275300097E7 ; 1.6952930553500322E10 ; 8489.970000000001
94 ; 319883.0301351563 ; 2.0019126721333835E8 ; 2.966220590268556E7 ; 1.7153109944143581E10 ; 8581.260000000002
95 ; 320638.1517151893 ; 2.0020316175940132E8 ; 2.9982088932820715E7 ; 1.735330121135692E10 ; 8672.550000000003
96 ; 320925.56745827873 ; 2.0021507295225793E8 ; 3.0302727084535904E7 ; 1.7553504373116318E10 ; 8763.840000000004
97 ; 320036.99551050743 ; 2.0022699949617136E8 ; 3.0623652651994184E7 ; 1.7753719446068577E10 ; 8855.130000000005
98 ; 320102.24706342537 ; 2.002389401277364E8 ; 3.094368964750469E7 ; 1.7953946445564747E10 ; 8946.420000000006
99 ; 320121.4502715991 ; 2.0025089361479554E8 ; 3.1263791894568115E7 ; 1.8154185385692482E10 ; 9037.710000000006
100 ; 320210.09585587925 ; 2.0026285875539255E8 ; 3.1583913344839714E7 ; 1.8354436279307278E10 ; 9129.000000000007
101 ; 320005.79853377864 ; 2.0027483437676144E8 ; 3.1904123440695595E7 ; 1.855469913806267E10 ; 9220.290000000008
102 ; 320385.8713905543 ; 2.00286819334351E8 ; 3.2224129239229374E7 ; 1.8754973972439434E10 ; 9311.580000000009
103 ; 320214.4298923043 ; 2.0029881251088306E8 ; 3.254451511061993E7 ; 1.8955260791773785E10 ; 9402.87000000001
104 ; 320065.945629478 ; 2.0031081281544378E8 ; 3.2864729540512234E7 ; 1.9155559604284668E10 ; 9494.16000000001
105 ; 320142.777887727 ; 2.0032281918260735E8 ; 3.318479548614171E7 ; 1.9355870417100113E10 ; 9585.450000000012
106 ; 320486.4627856022 ; 2.003348305715903E8 ; 3.350493826402944E7 ; 1.955619323628272E10 ; 9676.740000000013
107 ; 319853.85660842765 ; 2.0034684596543628E8 ; 3.3825424726815045E7 ; 1.975652806685431E10 ; 9768.030000000013
108 ; 319773.2262622058 ; 2.003588643702298E8 ; 3.414527858342347E7 ; 1.9956874912819744E10 ; 9859.320000000014
109 ; 319874.0939491457 ; 2.0037088481433833E8 ; 3.446505180968568E7 ; 2.0157233777189976E10 ; 9950.610000000015
110 ; 319748.9752552199 ; 2.003829063476815E8 ; 3.4784925903634824E7 ; 2.0357604662004314E10 ; 10041.900000000016
111 ; 319024.39625773503 ; 2.0039492804102665E8 ; 3.5104674878890045E7 ; 2.0557987568351997E10 ; 10133.190000000017
112 ; 319317.34591070627 ; 2.004069489853101E8 ; 3.542369927514778E7 ; 2.0758382496393024E10 ; 10224.480000000018
113 ; 319553.8523975832 ; 2.004189682909826E8 ; 3.574301662105849E7 ; 2.0958789445378334E10 ; 10315.770000000019
114 ; 318759.88986860425 ; 2.0043098508737877E8 ; 3.606257047345607E7 ; 2.1159208413669315E10 ; 10407.06000000002
115 ; 319270.88560054876 ; 2.004429985221094E8 ; 3.638133036332467E7 ; 2.1359639398756695E10 ; 10498.35000000002
116 ; 318792.903650583 ; 2.0045500776047564E8 ; 3.6700601248925224E7 ; 2.1560082397278805E10 ; 10589.640000000021
117 ; 319847.80070043943 ; 2.004670119849048E8 ; 3.7019394152575806E7 ; 2.176053740503928E10 ; 10680.930000000022
118 ; 319043.2907947139 ; 2.0047901039440632E8 ; 3.733924195327625E7 ; 2.1961004417024185E10 ; 10772.220000000023
119 ; 318834.35432624543 ; 2.004910022040477E8 ; 3.765828524407096E7 ; 2.216148342741859E10 ; 10863.510000000024
120 ; 319099.1148061191 ; 2.0050298664444953E8 ; 3.797711959839721E7 ; 2.236197442962264E10 ; 10954.800000000025
121 ; 319226.48272594507 ; 2.0051496296129867E8 ; 3.8296218713203326E7 ; 2.256247741626709E10 ; 11046.090000000026
122 ; 318798.10361410794 ; 2.0052693041487938E8 ; 3.8615445195929274E7 ; 2.276299237922839E10 ; 11137.380000000026
123 ; 318690.41346534435 ; 2.005388882796212E8 ; 3.893424329954338E7 ; 2.296351930964327E10 ; 11228.670000000027
124 ; 318483.48912878236 ; 2.0055083584366345E8 ; 3.9252933713008724E7 ; 2.316405819792289E10 ; 11319.960000000028
125 ; 318694.4306934269 ; 2.0056277240843534E8 ; 3.957141720213751E7 ; 2.3364609033766552E10 ; 11411.25000000003
126 ; 319220.21377384476 ; 2.005746972882514E8 ; 3.989011163283093E7 ; 2.3565171806174988E10 ; 11502.54000000003
127 ; 318456.3252785035 ; 2.005866098099215E8 ; 4.020933184660478E7 ; 2.3765746503463238E10 ; 11593.83000000003
128 ; 318079.29614807945 ; 2.0059850931237492E8 ; 4.0527788171883285E7 ; 2.396633311327316E10 ; 11685.120000000032
129 ; 317818.4963230252 ; 2.006103951462979E8 ; 4.084586746803136E7 ; 2.4166931622585533E10 ; 11776.410000000033
130 ; 317735.7133660614 ; 2.006222666737845E8 ; 4.116368596435439E7 ; 2.436754201773183E10 ; 11867.700000000033
131 ; 317693.1804200195 ; 2.0063412326799968E8 ; 4.148142167772045E7 ; 2.4568164284405617E10 ; 11958.990000000034
132 ; 317373.3747874315 ; 2.0064596431285462E8 ; 4.179911485814047E7 ; 2.476879840767362E10 ; 12050.280000000035
133 ; 317091.2954608039 ; 2.0065778920269373E8 ; 4.21164882329279E7 ; 2.4969444371986473E10 ; 12141.570000000036
134 ; 316835.46138168185 ; 2.0066959734199262E8 ; 4.243357952838871E7 ; 2.5170102161189167E10 ; 12232.860000000037
135 ; 316899.08245461714 ; 2.0068138814506713E8 ; 4.275041498977039E7 ; 2.537077175853116E10 ; 12324.150000000038
136 ; 317175.2084594643 ; 2.006931610357924E8 ; 4.3067314072225004E7 ; 2.5571453146676224E10 ; 12415.440000000039
137 ; 317123.6356902673 ; 2.0070491544733217E8 ; 4.338448928068447E7 ; 2.5772146307712017E10 ; 12506.73000000004
138 ; 317477.8659604809 ; 2.0071665082187757E8 ; 4.3701612916374736E7 ; 2.5972851223159348E10 ; 12598.02000000004
139 ; 316420.1762681536 ; 2.00728366610395E8 ; 4.4019090782335214E7 ; 2.6173567873981224E10 ; 12689.310000000041
140 ; 316410.9463521105 ; 2.007400622723832E8 ; 4.433551095860337E7 ; 2.6374296240591618E10 ; 12780.600000000042
141 ; 316359.5780623711 ; 2.007517372756386E8 ; 4.465192190495548E7 ; 2.6575036302864002E10 ; 12871.890000000043
142 ; 315984.64577681746 ; 2.0076339109602892E8 ; 4.496828148301785E7 ; 2.677578804013964E10 ; 12963.180000000044
143 ; 315940.15573504136 ; 2.00775023217275E8 ; 4.528426612879466E7 ; 2.697655143123567E10 ; 13054.470000000045
144 ; 316011.3694445733 ; 2.007866331307397E8 ; 4.56002062845297E7 ; 2.717732645445294E10 ; 13145.760000000046
145 ; 316248.16056097165 ; 2.007982203352247E8 ; 4.591621765397427E7 ; 2.7378113087583683E10 ; 13237.050000000047
146 ; 316662.8168036061 ; 2.00809784336774E8 ; 4.6232465814535245E7 ; 2.7578911307918907E10 ; 13328.340000000047
147 ; 316684.4197253091 ; 2.008213246484844E8 ; 4.654912863133885E7 ; 2.777972109225568E10 ; 13419.630000000048
148 ; 316935.2590701405 ; 2.0083284079032245E8 ; 4.6865813051064156E7 ; 2.7980542416904163E10 ; 13510.92000000005
149 ; 316858.8932338194 ; 2.0084433228894758E8 ; 4.71827483101343E7 ; 2.8181375257694485E10 ; 13602.21000000005
150 ; 316670.97796655237 ; 2.008557986775417E8 ; 4.749960720336812E7 ; 2.8382219589983433E10 ; 13693.500000000051
151 ; 316706.641793049 ; 2.0086723949564418E8 ; 4.7816278181334674E7 ; 2.8583075388660973E10 ; 13784.790000000052
152 ; 316486.11580357165 ; 2.0087865428899273E8 ; 4.8132984823127724E7 ; 2.8783942628156616E10 ; 13876.080000000053
153 ; 316566.7433410829 ; 2.008900426093697E8 ; 4.8449470938931294E7 ; 2.898482128244561E10 ; 13967.370000000054
154 ; 315595.0760051825 ; 2.0090140401445344E8 ; 4.8766037682272375E7 ; 2.918571132505498E10 ; 14058.660000000054
155 ; 316497.6344684324 ; 2.0091273806767488E8 ; 4.908163275827756E7 ; 2.9386612729069435E10 ; 14149.950000000055
156 ; 316333.4406366301 ; 2.009240443380789E8 ; 4.939813039274599E7 ; 2.958752546713711E10 ; 14241.240000000056
157 ; 316096.0454085536 ; 2.009353224001902E8 ; 4.9714463833382614E7 ; 2.978844951147519E10 ; 14332.530000000057
158 ; 316335.9949849365 ; 2.0094657183388403E8 ; 5.003055987879117E7 ; 2.9989384833875378E10 ; 14423.820000000058
159 ; 316312.2625827197 ; 2.0095779222426093E8 ; 5.034689587377611E7 ; 3.0190331405709263E10 ; 14515.110000000059
160 ; 316026.4113193347 ; 2.009689831615257E8 ; 5.066320813635883E7 ; 3.0391289197933525E10 ; 14606.40000000006
161 ; 315856.23199168034 ; 2.0098014424087065E8 ; 5.0979234547678165E7 ; 3.059225818109505E10 ; 14697.69000000006
162 ; 315647.84219420544 ; 2.009912750623625E8 ; 5.129509077966984E7 ; 3.0793238325335922E10 ; 14788.980000000061
163 ; 315407.79596287257 ; 2.0100237523083293E8 ; 5.161073862186405E7 ; 3.0994229600398285E10 ; 14880.270000000062
164 ; 315453.6978418276 ; 2.0101344435577318E8 ; 5.192614641782692E7 ; 3.1195231975629116E10 ; 14971.560000000063
165 ; 315756.49987454386 ; 2.0102448205123156E8 ; 5.224160011566875E7 ; 3.139624541998489E10 ; 15062.850000000064
166 ; 315431.5498591305 ; 2.0103548793571487E8 ; 5.25573566155433E7 ; 3.159726990203612E10 ; 15154.140000000065
167 ; 314499.49387355027 ; 2.010464616320925E8 ; 5.287278816540243E7 ; 3.1798305389971836E10 ; 15245.430000000066
168 ; 314921.99368663604 ; 2.010574027675043E8 ; 5.318728765927598E7 ; 3.1999351851603928E10 ; 15336.720000000067
169 ; 314528.30292392673 ; 2.0106831097327086E8 ; 5.350220965296262E7 ; 3.2200409254371433E10 ; 15428.010000000068
170 ; 314831.34816077014 ; 2.0107918588480702E8 ; 5.381673795588654E7 ; 3.2401477565344704E10 ; 15519.300000000068
171 ; 314406.14952130045 ; 2.0109002714153817E8 ; 5.413156930404732E7 ; 3.260255675122951E10 ; 15610.59000000007
172 ; 314708.075781428 ; 2.0110083438681918E8 ; 5.4445975453568615E7 ; 3.2803646778371048E10 ; 15701.88000000007
173 ; 314607.1866432489 ; 2.01111607267856E8 ; 5.476068352935004E7 ; 3.3004747612757866E10 ; 15793.170000000071
174 ; 314683.95359053434 ; 2.0112234543562967E8 ; 5.507529071599329E7 ; 3.3205859220025723E10 ; 15884.460000000072
175 ; 314237.04653677496 ; 2.0113304854482296E8 ; 5.538997466958383E7 ; 3.3406981565461353E10 ; 15975.750000000073
176 ; 314882.28044652386 ; 2.0114371625374928E8 ; 5.57042117161206E7 ; 3.3608114614006176E10 ; 16067.040000000074
177 ; 314247.3569771577 ; 2.0115434822428367E8 ; 5.601909399656712E7 ; 3.3809258330259926E10 ; 16158.330000000075
178 ; 314892.0404755034 ; 2.0116494412179625E8 ; 5.633334135354428E7 ; 3.401041267848421E10 ; 16249.620000000075
179 ; 314644.35273614444 ; 2.0117550361508775E8 ; 5.664823339401978E7 ; 3.4211577622606007E10 ; 16340.910000000076
180 ; 315438.0232343798 ; 2.0118602637632692E8 ; 5.696287774675593E7 ; 3.441275312622109E10 ; 16432.200000000077
181 ; 314730.64010652347 ; 2.0119651208099002E8 ; 5.727831576999031E7 ; 3.461393915259742E10 ; 16523.490000000078
182 ; 314488.76774742105 ; 2.0120696040780225E8 ; 5.759304641009683E7 ; 3.481513566467841E10 ; 16614.78000000008
183 ; 314788.2482504353 ; 2.01217371038681E8 ; 5.7907535177844256E7 ; 3.501634262508621E10 ; 16706.07000000008
184 ; 315222.7743656123 ; 2.0122774365868086E8 ; 5.822232342609469E7 ; 3.521755999612489E10 ; 16797.36000000008
185 ; 315426.87776433874 ; 2.0123807795594022E8 ; 5.85375462004603E7 ; 3.541878773978358E10 ; 16888.65000000008
186 ; 315815.5310422529 ; 2.0124837362162992E8 ; 5.885297307822464E7 ; 3.562002581773952E10 ; 16979.940000000082
187 ; 315752.4970064289 ; 2.012586303499031E8 ; 5.916878860926689E7 ; 3.5821274191361145E10 ; 17071.230000000083
188 ; 315858.8000170309 ; 2.0126884783784682E8 ; 5.948454110627332E7 ; 3.6022532821711044E10 ; 17162.520000000084
189 ; 315797.22558472416 ; 2.0127902578543502E8 ; 5.980039990629035E7 ; 3.622380166954889E10 ; 17253.810000000085
190 ; 315902.7834801678 ; 2.0128916389548323E8 ; 6.0116197131875075E7 ; 3.642508069533433E10 ; 17345.100000000086
191 ; 316161.47515746974 ; 2.0129926187360436E8 ; 6.043209991535524E7 ; 3.662636985922981E10 ; 17436.390000000087
192 ; 316052.50678015733 ; 2.0130931942816603E8 ; 6.074826139051271E7 ; 3.682766912110342E10 ; 17527.680000000088
193 ; 316357.2344148272 ; 2.0131933627024916E8 ; 6.106431389729287E7 ; 3.7028978440531586E10 ; 17618.97000000009
194 ; 316197.6243176513 ; 2.0132931211360782E8 ; 6.13806711317077E7 ; 3.7230297776801834E10 ; 17710.26000000009
195 ; 316200.7184003654 ; 2.013392466746305E8 ; 6.169686875602535E7 ; 3.743162708891544E10 ; 17801.55000000009
196 ; 316293.96794124506 ; 2.0134913967230204E8 ; 6.201306947442572E7 ; 3.763296633559007E10 ; 17892.84000000009
197 ; 315704.87822390423 ; 2.0135899082816744E8 ; 6.2329363442366965E7 ; 3.7834315475262375E10 ; 17984.130000000092
198 ; 315195.78418486763 ; 2.013687998662963E8 ; 6.264506832059087E7 ; 3.8035674466090546E10 ; 18075.420000000093
199 ; 314559.47375436075 ; 2.013785665132483E8 ; 6.2960264104775734E7 ; 3.823704326595684E10 ; 18166.710000000094
200 ; 314035.1857442632 ; 1.9827235640345353E8 ; 6.3274823578530096E7 ; 3.8438421832470085E10 ; 18258.000000000095
201 ; 313547.72149707127 ; 1.52557978333257E8 ; 6.358885876427436E7 ; 3.8636694188873535E10 ; 18349.290000000095
202 ; 313380.86732644716 ; 1.522203476867155E8 ; 6.390240648577143E7 ; 3.8789252167206795E10 ; 18440.580000000096
203 ; 312365.03617429733 ; 1.51883471379224E8 ; 6.421578735309788E7 ; 3.894147251489351E10 ; 18531.870000000097
204 ; 312289.0155767648 ; 1.5154734731648242E8 ; 6.4528152389272176E7 ; 3.9093355986272736E10 ; 18623.160000000098
205 ; 311981.55750775 ; 1.51211973410706E8 ; 6.484044140484894E7 ; 3.924490333358922E10 ; 18714.4500000001
206 ; 311048.2206664746 ; 1.5087734758058828E8 ; 6.5152422962356694E7 ; 3.939611530699992E10 ; 18805.7400000001
207 ; 309980.3854897071 ; 1.505434677512642E8 ; 6.546347118302317E7 ; 3.954699265458051E10 ; 18897.0300000001
208 ; 310128.72591309174 ; 1.5021033185427457E8 ; 6.577345156851288E7 ; 3.969753612233178E10 ; 18988.3200000001
209 ; 310152.62694116135 ; 1.498779378275311E8 ; 6.608358029442597E7 ; 3.984774645418605E10 ; 19079.610000000102
210 ; 309078.7164684286 ; 1.495462836152823E8 ; 6.639373292136713E7 ; 3.999762439201358E10 ; 19170.900000000103
211 ; 309038.08276244596 ; 1.4921536716808012E8 ; 6.670281163783556E7 ; 4.014717067562886E10 ; 19262.190000000104
212 ; 307702.77822461637 ; 1.4888518644274724E8 ; 6.7011849720598005E7 ; 4.029638604279694E10 ; 19353.480000000105
213 ; 307364.4378963664 ; 1.485557394023452E8 ; 6.731955249882261E7 ; 4.044527122923969E10 ; 19444.770000000106
214 ; 307146.11400164326 ; 1.4822702401614323E8 ; 6.762691693671899E7 ; 4.059382696864204E10 ; 19536.060000000107
215 ; 306428.7070190779 ; 1.4789903825958735E8 ; 6.793406305072063E7 ; 4.074205399265818E10 ; 19627.350000000108
216 ; 306271.57652827207 ; 1.4757178011427096E8 ; 6.824049175773971E7 ; 4.088995303091777E10 ; 19718.64000000011
217 ; 305608.73810247687 ; 1.4724524756790507E8 ; 6.854676333426797E7 ; 4.103752481103204E10 ; 19809.93000000011
218 ; 305624.10819354316 ; 1.469194386142899E8 ; 6.885237207237045E7 ; 4.1184770058599945E10 ; 19901.22000000011
219 ; 304892.5039809164 ; 1.4659435125328672E8 ; 6.9157996180564E7 ; 4.133168949721423E10 ; 19992.51000000011
220 ; 304722.3566974275 ; 1.462699834907902E8 ; 6.946288868454492E7 ; 4.147828384846752E10 ; 20083.800000000112
221 ; 304254.36232708563 ; 1.4594633333870164E8 ; 6.976761104124235E7 ; 4.162455383195831E10 ; 20175.090000000113
222 ; 303520.1719847429 ; 1.4562339881490245E8 ; 7.007186540356943E7 ; 4.177050016529701E10 ; 20266.380000000114
223 ; 303397.12797748635 ; 1.4530117794322833E8 ; 7.037538557555418E7 ; 4.1916123564111916E10 ; 20357.670000000115
224 ; 303362.71674111346 ; 1.449796687534438E8 ; 7.067878270353167E7 ; 4.2061424742055145E10 ; 20448.960000000116
225 ; 303122.5670756692 ; 1.4465886928121734E8 ; 7.098214542027278E7 ; 4.2206404410808586E10 ; 20540.250000000116
226 ; 302403.58249420347 ; 1.4433877756809703E8 ; 7.128526798734845E7 ; 4.2351063280089806E10 ; 20631.540000000117
227 ; 301817.62030834437 ; 1.4401939166148666E8 ; 7.158767156984265E7 ; 4.2495402057657906E10 ; 20722.830000000118
228 ; 301174.57534145203 ; 1.4370070961462206E8 ; 7.188948919015099E7 ; 4.263942144931939E10 ; 20814.12000000012
229 ; 300855.7201534767 ; 1.433827294865483E8 ; 7.219066376549244E7 ; 4.278312215893401E10 ; 20905.41000000012
230 ; 300178.4604637253 ; 1.4306544934209698E8 ; 7.249151948564592E7 ; 4.292650488842056E10 ; 20996.70000000012
231 ; 299130.12631643825 ; 1.4274886725186396E8 ; 7.279169794610965E7 ; 4.306957033776266E10 ; 21087.99000000012
232 ; 299390.49122118816 ; 1.4243298129218766E8 ; 7.30908280724261E7 ; 4.321231920501452E10 ; 21179.280000000123
233 ; 298975.9338943617 ; 1.4211778954512772E8 ; 7.339021856364729E7 ; 4.335475218630671E10 ; 21270.570000000123
234 ; 298412.77853017166 ; 1.4180329009844396E8 ; 7.368919449754165E7 ; 4.349686997585184E10 ; 21361.860000000124
235 ; 297969.0106289767 ; 1.4148948104557556E8 ; 7.398760727607182E7 ; 4.363867326595028E10 ; 21453.150000000125
236 ; 297444.11935017345 ; 1.4117636048562115E8 ; 7.42855762867008E7 ; 4.378016274699586E10 ; 21544.440000000126
237 ; 296662.89531892876 ; 1.4086392652331844E8 ; 7.458302040605098E7 ; 4.3921339107481476E10 ; 21635.730000000127
238 ; 296000.8252272777 ; 1.405521772690252E8 ; 7.48796833013699E7 ; 4.406220303400479E10 ; 21727.020000000128
239 ; 296118.86701603455 ; 1.4024111083869946E8 ; 7.517568412659718E7 ; 4.420275521127382E10 ; 21818.31000000013
240 ; 295435.5323274702 ; 1.3993072535388082E8 ; 7.547180299361321E7 ; 4.434299632211252E10 ; 21909.60000000013
241 ; 295872.21390176355 ; 1.3962101894167206E8 ; 7.576723852594069E7 ; 4.44829270474664E10 ; 22000.89000000013
242 ; 295130.9281972244 ; 1.3931198973472035E8 ; 7.606311073984244E7 ; 4.462254806640807E10 ; 22092.18000000013
243 ; 295262.24129385344 ; 1.3900363587119973E8 ; 7.635824166803966E7 ; 4.476186005614279E10 ; 22183.470000000132
244 ; 294093.6567429098 ; 1.3869595549479306E8 ; 7.665350390933351E7 ; 4.490086369201399E10 ; 22274.760000000133
245 ; 293740.70061233366 ; 1.3838894675467473E8 ; 7.694759756607643E7 ; 4.503955964750879E10 ; 22366.050000000134
246 ; 293141.3770566149 ; 1.3808260780549365E8 ; 7.724133826668876E7 ; 4.5177948594263466E10 ; 22457.340000000135
247 ; 292846.3213686841 ; 1.377769368073559E8 ; 7.753447964374538E7 ; 4.531603120206896E10 ; 22548.630000000136
248 ; 293410.2944485283 ; 1.3747193192580858E8 ; 7.782732596511406E7 ; 4.545380813887632E10 ; 22639.920000000136
249 ; 292901.67760122096 ; 1.3716759133182323E8 ; 7.812073625956258E7 ; 4.559128007080213E10 ; 22731.210000000137
250 ; 292384.8603791405 ; 1.368639132017796E8 ; 7.84136379371638E7 ; 4.572844766213396E10 ; 22822.50000000014
251 ; 292605.77043328254 ; 1.3656089571745E8 ; 7.870602279754294E7 ; 4.586531157533574E10 ; 22913.79000000014
252 ; 292103.91203510674 ; 1.3625853706598336E8 ; 7.899862856797622E7 ; 4.600187247105319E10 ; 23005.08000000014
253 ; 290960.7608767326 ; 1.3595683543989003E8 ; 7.929073248001133E7 ; 4.613813100811918E10 ; 23096.37000000014
254 ; 290497.26633437804 ; 1.3565578903702644E8 ; 7.958169324088806E7 ; 4.627408784355907E10 ; 23187.66000000014
255 ; 290923.6467551636 ; 1.353553960605801E8 ; 7.987219050722244E7 ; 4.640974363259609E10 ; 23278.950000000143
256 ; 290934.0489180991 ; 1.3505565471905494E8 ; 8.01631141539776E7 ; 4.654509902865667E10 ; 23370.240000000143
257 ; 290531.1015750637 ; 1.3475656322625652E8 ; 8.04540482028957E7 ; 4.6680154683375725E10 ; 23461.530000000144
258 ; 290075.234793128 ; 1.3445811980127782E8 ; 8.074457930447076E7 ; 4.681491124660198E10 ; 23552.820000000145
259 ; 289636.61011599813 ; 1.34160322668485E8 ; 8.103465453926389E7 ; 4.694936936640326E10 ; 23644.110000000146
260 ; 289456.38256490504 ; 1.338631700575033E8 ; 8.13242911493799E7 ; 4.708352968907175E10 ; 23735.400000000147
261 ; 289184.844687743 ; 1.3356666020320337E8 ; 8.16137475319448E7 ; 4.721739285912925E10 ; 23826.690000000148
262 ; 288390.34070308245 ; 1.3327079134568755E8 ; 8.190293237663254E7 ; 4.735095951933245E10 ; 23917.98000000015
263 ; 287807.9023819079 ; 1.3297556173027648E8 ; 8.219132271733563E7 ; 4.748423031067814E10 ; 24009.27000000015
264 ; 288252.21454049565 ; 1.3268096960749559E8 ; 8.247913061971754E7 ; 4.761720587240842E10 ; 24100.56000000015
265 ; 287149.2864992372 ; 1.3238701323306222E8 ; 8.276738283425803E7 ; 4.7749886842015915E10 ; 24191.85000000015
266 ; 286740.72449401557 ; 1.320936908678726E8 ; 8.305453212075727E7 ; 4.788227385524898E10 ; 24283.140000000152
267 ; 286271.0735341794 ; 1.3180100077798894E8 ; 8.334127284525128E7 ; 4.801436754611685E10 ; 24374.430000000153
268 ; 285914.19456598046 ; 1.3150894123462681E8 ; 8.362754391878545E7 ; 4.8146168546894844E10 ; 24465.720000000154
269 ; 284908.73814635427 ; 1.3121280979716395E8 ; 8.391345811335143E7 ; 4.827767748812947E10 ; 24557.010000000155
270 ; 285099.51958975475 ; 1.3091581985700995E8 ; 8.419836685149778E7 ; 4.8408890297926636E10 ; 24648.300000000156
271 ; 284618.33394613815 ; 1.3061951220878178E8 ; 8.448346637108754E7 ; 4.8539806117783646E10 ; 24739.590000000157
272 ; 283907.98826154706 ; 1.3032388528501135E8 ; 8.476808470503367E7 ; 4.8670425629992424E10 ; 24830.880000000157
273 ; 283580.9649134113 ; 1.3002893752183148E8 ; 8.505199269329523E7 ; 4.8800749515277435E10 ; 24922.17000000016
274 ; 283249.3417519195 ; 1.297346673589679E8 ; 8.533557365820864E7 ; 4.893077845279926E10 ; 25013.46000000016
275 ; 283241.44908523257 ; 1.2944107323973069E8 ; 8.561882299996056E7 ; 4.906051312015823E10 ; 25104.75000000016
276 ; 282983.1239571974 ; 1.2914815361100629E8 ; 8.590206444904579E7 ; 4.9189954193397964E10 ; 25196.04000000016
277 ; 282334.2103143822 ; 1.288559069232492E8 ; 8.6185047573003E7 ; 4.931910234700897E10 ; 25287.33000000016
278 ; 282711.3806542209 ; 1.2856433163047373E8 ; 8.646738178331737E7 ; 4.944795825393222E10 ; 25378.620000000163
279 ; 281806.9126248366 ; 1.2827342619024594E8 ; 8.675009316397159E7 ; 4.957652258556269E10 ; 25469.910000000164
280 ; 281728.1183975708 ; 1.2798318906367534E8 ; 8.703190007659642E7 ; 4.970479601175294E10 ; 25561.200000000164
281 ; 281207.71405651065 ; 1.276936187154069E8 ; 8.731362819499399E7 ; 4.983277920081661E10 ; 25652.490000000165
282 ; 280945.1543479736 ; 1.2740471361361274E8 ; 8.75948359090505E7 ; 4.996047281953202E10 ; 25743.780000000166
283 ; 280712.62247883994 ; 1.2711647222998422E8 ; 8.787578106339847E7 ; 5.008787753314563E10 ; 25835.070000000167
284 ; 280048.52287606744 ; 1.2682889303972375E8 ; 8.815649368587731E7 ; 5.021499400537561E10 ; 25926.360000000168
285 ; 279803.9171394814 ; 1.2654197452153678E8 ; 8.843654220875338E7 ; 5.034182289841534E10 ; 26017.65000000017
286 ; 280139.4423491384 ; 1.2625571515762365E8 ; 8.871634612589286E7 ; 5.0468364872936874E10 ; 26108.94000000017
287 ; 279190.13220330846 ; 1.2597011343367162E8 ; 8.8996485568242E7 ; 5.05946205880945E10 ; 26200.23000000017
288 ; 278709.1553581441 ; 1.2568516783884694E8 ; 8.927567570044531E7 ; 5.072059070152817E10 ; 26291.52000000017
289 ; 278847.9930688017 ; 1.2540087686578679E8 ; 8.955438485580346E7 ; 5.084627586936701E10 ; 26382.810000000172
290 ; 278658.4470431519 ; 1.2511723901059118E8 ; 8.983323284887226E7 ; 5.0971676746232796E10 ; 26474.100000000173
291 ; 278394.5076934457 ; 1.2483425277281524E8 ; 9.011189129591541E7 ; 5.1096793985243385E10 ; 26565.390000000174
292 ; 277591.5667572512 ; 1.2455191665546113E8 ; 9.039028580360885E7 ; 5.12216282380162E10 ; 26656.680000000175
293 ; 277161.21721123677 ; 1.2427022916497009E8 ; 9.06678773703661E7 ; 5.134618015467166E10 ; 26747.970000000176
294 ; 277284.28542660986 ; 1.2398918881121463E8 ; 9.094503858757733E7 ; 5.147045038383663E10 ; 26839.260000000177
295 ; 276814.849878961 ; 1.2370879410749069E8 ; 9.122232287300394E7 ; 5.159443957264785E10 ; 26930.550000000178
296 ; 276375.390648278 ; 1.2342904357050957E8 ; 9.149913772288291E7 ; 5.171814836675534E10 ; 27021.84000000018
297 ; 276369.6907304169 ; 1.2314993572039029E8 ; 9.177551311353119E7 ; 5.184157741032585E10 ; 27113.13000000018
298 ; 275922.21765317145 ; 1.2287146908065167E8 ; 9.205188280426161E7 ; 5.196472734604624E10 ; 27204.42000000018
299 ; 276378.3836712071 ; 1.2259364217820457E8 ; 9.232780502191478E7 ; 5.208759881512689E10 ; 27295.71000000018
300 ; 276219.90047962085 ; 1.22316453543344E8 ; 9.260418340558599E7 ; 5.22101924573051E10 ; 27387.000000000182
301 ; 276167.1533565071 ; 1.2203990170974144E8 ; 9.28804033060656E7 ; 5.233250891084844E10 ; 27478.290000000183
302 ; 275566.54852222995 ; 1.2176398521443704E8 ; 9.315657045942211E7 ; 5.245454881255818E10 ; 27569.580000000184
303 ; 275912.2651410444 ; 1.214887025978319E8 ; 9.343213700794435E7 ; 5.257631279777262E10 ; 27660.870000000185
304 ; 275620.2865500353 ; 1.2121405240368034E8 ; 9.370804927308539E7 ; 5.269780150037045E10 ; 27752.160000000185
305 ; 275671.3650059764 ; 1.2094003317908219E8 ; 9.398366955963542E7 ; 5.281901555277413E10 ; 27843.450000000186
306 ; 274812.7217544008 ; 1.2066664347447512E8 ; 9.425934092464139E7 ; 5.293995558595322E10 ; 27934.740000000187
307 ; 274776.9863433827 ; 1.2039388184362693E8 ; 9.453415364639579E7 ; 5.306062222942769E10 ; 28026.030000000188
308 ; 274272.39632334135 ; 1.2012174684362799E8 ; 9.480893063273917E7 ; 5.318101611127132E10 ; 28117.32000000019
309 ; 274053.31941071776 ; 1.198502370348835E8 ; 9.508320302906251E7 ; 5.3301137858114944E10 ; 28208.61000000019
310 ; 273642.549783427 ; 1.1957935098110592E8 ; 9.535725634847322E7 ; 5.3420988095149826E10 ; 28299.90000000019
311 ; 273388.33206315315 ; 1.1930908724930742E8 ; 9.563089889825664E7 ; 5.3540567446130936E10 ; 28391.19000000019
312 ; 273424.2452713063 ; 1.1903944440979223E8 ; 9.59042872303198E7 ; 5.365987653338024E10 ; 28482.480000000192
313 ; 272602.55670902494 ; 1.1877042103614908E8 ; 9.617771147559111E7 ; 5.377891597779003E10 ; 28573.770000000193
314 ; 271842.84299024363 ; 1.1850201570524372E8 ; 9.645031403230013E7 ; 5.389768639882618E10 ; 28665.060000000194
315 ; 271770.18567667034 ; 1.1823422699721129E8 ; 9.672215687529038E7 ; 5.4016188414531425E10 ; 28756.350000000195
316 ; 271397.2990994915 ; 1.1796705349544895E8 ; 9.699392706096704E7 ; 5.413442264152863E10 ; 28847.640000000196
317 ; 270793.7986125114 ; 1.177004937866082E8 ; 9.726532436006653E7 ; 5.425238969502408E10 ; 28938.930000000197
318 ; 270029.63766594854 ; 1.174345464605876E8 ; 9.753611815867904E7 ; 5.4370090188810684E10 ; 29030.220000000198
319 ; 269957.0007939624 ; 1.1716921011052513E8 ; 9.780614779634498E7 ; 5.448752473527127E10 ; 29121.5100000002
320 ; 269996.1612219093 ; 1.1690448333279094E8 ; 9.807610479713894E7 ; 5.46046939453818E10 ; 29212.8000000002
321 ; 269764.82945932 ; 1.166403647269797E8 ; 9.834610095836085E7 ; 5.472159842871459E10 ; 29304.0900000002
322 ; 269057.79760933976 ; 1.163768528959034E8 ; 9.861586578782018E7 ; 5.4838238793441574E10 ; 29395.3800000002
323 ; 268514.2856416423 ; 1.1611394644558384E8 ; 9.888492358542952E7 ; 5.495461564633748E10 ; 29486.670000000202
324 ; 269258.63065950916 ; 1.1585164398524527E8 ; 9.915343787107116E7 ; 5.5070729592783066E10 ; 29577.960000000203
325 ; 268515.6697657777 ; 1.1558994412730707E8 ; 9.942269650173067E7 ; 5.518658123676831E10 ; 29669.250000000204
326 ; 267988.26063354197 ; 1.1532884548737638E8 ; 9.969121217149644E7 ; 5.5302171180895615E10 ; 29760.540000000205
327 ; 267887.6678094386 ; 1.150683466842408E8 ; 9.995920043212998E7 ; 5.541750002638299E10 ; 29851.830000000205
328 ; 266628.24385140004 ; 1.1480844633986104E8 ; 1.0022708809993942E8 ; 5.553256837306723E10 ; 29943.120000000206
329 ; 267318.0678862283 ; 1.1454914307936367E8 ; 1.0049371634379081E8 ; 5.564737681940709E10 ; 30034.410000000207
330 ; 266838.45408669044 ; 1.1429043553103383E8 ; 1.0076103441167705E8 ; 5.576192596248645E10 ; 30125.700000000208
331 ; 265962.7708837914 ; 1.1403232232630803E8 ; 1.0102787286576374E8 ; 5.587621639801749E10 ; 30216.99000000021
332 ; 265704.9948719207 ; 1.1377480209976676E8 ; 1.0129383563664754E8 ; 5.5990248720343796E10 ; 30308.28000000021
333 ; 265343.6149401374 ; 1.1351787348912744E8 ; 1.0155954063151945E8 ; 5.6104023522443565E10 ; 30399.57000000021
334 ; 265556.27676986734 ; 1.1326153513523713E8 ; 1.0182488424645959E8 ; 5.621754139593269E10 ; 30490.86000000021
335 ; 265309.60672323056 ; 1.1300578568206534E8 ; 1.0209044052322945E8 ; 5.633080293106793E10 ; 30582.150000000212
336 ; 263765.2151087454 ; 1.1275062377669686E8 ; 1.0235575012995268E8 ; 5.644380871675E10 ; 30673.440000000213
337 ; 263555.5799683131 ; 1.124960480693246E8 ; 1.0261951534506144E8 ; 5.6556559340526695E10 ; 30764.730000000214
338 ; 263142.2073150058 ; 1.1224205721324252E8 ; 1.0288307092502975E8 ; 5.666905538859602E10 ; 30856.020000000215
339 ; 262744.7125224802 ; 1.1198864986483835E8 ; 1.0314621313234477E8 ; 5.6781297445809265E10 ; 30947.310000000216
340 ; 262331.20627376746 ; 1.1173582468358663E8 ; 1.0340895784486724E8 ; 5.68932860956741E10 ; 31038.600000000217
341 ; 262290.84051476733 ; 1.114835803320416E8 ; 1.0367128905114101E8 ; 5.700502192035769E10 ; 31129.890000000218
342 ; 262092.69810412495 ; 1.1123191547583003E8 ; 1.0393357989165577E8 ; 5.711650550068973E10 ; 31221.18000000022
343 ; 261117.81493099526 ; 1.1098082878364423E8 ; 1.041956725897599E8 ; 5.722773741616556E10 ; 31312.47000000022
344 ; 260861.242889997 ; 1.1073031892723502E8 ; 1.0445679040469089E8 ; 5.73387182449492E10 ; 31403.76000000022
345 ; 260225.07016277386 ; 1.1048038458140472E8 ; 1.0471765164758089E8 ; 5.744944856387644E10 ; 31495.05000000022
346 ; 259356.58881053622 ; 1.1023102442399998E8 ; 1.0497787671774366E8 ; 5.755992894845785E10 ; 31586.340000000222
347 ; 259011.43777898836 ; 1.0998223713590504E8 ; 1.052372333065542E8 ; 5.767015997288185E10 ; 31677.630000000223
348 ; 258663.4881485971 ; 1.0973402140103455E8 ; 1.054962447443332E8 ; 5.778014221001775E10 ; 31768.920000000224
349 ; 258419.6826052225 ; 1.0948637590632668E8 ; 1.057549082324818E8 ; 5.7889876231418785E10 ; 31860.210000000225
350 ; 257578.21874579313 ; 1.0923929934173623E8 ; 1.0601332791508701E8 ; 5.799936260732511E10 ; 31951.500000000226
351 ; 256891.50356714395 ; 1.0899279040022755E8 ; 1.0627090613383281E8 ; 5.810860190666685E10 ; 32042.790000000226
352 ; 256523.89451710266 ; 1.0874684777776778E8 ; 1.0652779763739996E8 ; 5.821759469706708E10 ; 32134.080000000227
353 ; 255932.880324307 ; 1.0850147017331986E8 ; 1.0678432153191707E8 ; 5.832634154484485E10 ; 32225.370000000228
354 ; 255796.79262089782 ; 1.0825665628883572E8 ; 1.0704025441224137E8 ; 5.8434843015018166E10 ; 32316.66000000023
355 ; 255204.31003834016 ; 1.0801240482924934E8 ; 1.0729605120486227E8 ; 5.8543099671307E10 ; 32407.95000000023
356 ; 254572.6124825257 ; 1.077687145024699E8 ; 1.0755125551490061E8 ; 5.8651112076136246E10 ; 32499.24000000023
357 ; 254192.89039542747 ; 1.0752558401937503E8 ; 1.0780582812738314E8 ; 5.875888079063872E10 ; 32590.53000000023
358 ; 254015.64130281683 ; 1.0728301209380387E8 ; 1.0806002101777858E8 ; 5.88664063746581E10 ; 32681.820000000233
359 ; 253297.89398004004 ; 1.070409974425504E8 ; 1.083140366590814E8 ; 5.89736893867519E10 ; 32773.11000000023
360 ; 265963.6832602766 ; 1.0679953878535661E8 ; 1.0856733455306144E8 ; 5.908073038419445E10 ; 32864.400000000234
361 ; 265517.49914930074 ; 1.0695385977301091E8 ; 1.0883329823632172E8 ; 5.9187529922979805E10 ; 32955.690000000235
362 ; 264869.97984155867 ; 1.0741682273597386E8 ; 1.0909881573547103E8 ; 5.9294483782752815E10 ; 33046.980000000236
363 ; 263667.91539652325 ; 1.0818842767424548E8 ; 1.0936368571531259E8 ; 5.940190060548879E10 ; 33138.27000000024
364 ; 263599.51333336823 ; 1.0926867458782572E8 ; 1.0962735363070911E8 ; 5.951008903316304E10 ; 33229.56000000024
365 ; 263533.88609798247 ; 1.1065756347671461E8 ; 1.0989095314404248E8 ; 5.961935770775086E10 ; 33320.85000000024
366 ; 262965.73938104016 ; 1.1235509434091213E8 ; 1.1015448703014046E8 ; 5.973001527122758E10 ; 33412.14000000024
367 ; 262595.5865606253 ; 1.1436126718041831E8 ; 1.104174527695215E8 ; 5.984237036556849E10 ; 33503.43000000024
368 ; 261439.33100759255 ; 1.1667608199523312E8 ; 1.1068004835608213E8 ; 5.995673163274891E10 ; 33594.72000000024
369 ; 261641.26877541406 ; 1.1929953878535658E8 ; 1.1094148768708973E8 ; 6.007340771474414E10 ; 33686.01000000024
370 ; 260782.34963232017 ; 1.222316375507887E8 ; 1.1120312895586514E8 ; 6.0192707253529495E10 ; 33777.30000000024
371 ; 260765.68124216815 ; 1.2547237829152945E8 ; 1.1146391130549747E8 ; 6.0314938891080284E10 ; 33868.590000000244
372 ; 260383.0122551089 ; 1.2902176100757882E8 ; 1.1172467698673964E8 ; 6.044041126937181E10 ; 33959.880000000245
373 ; 260016.49521208843 ; 1.3287978569893683E8 ; 1.1198505999899474E8 ; 6.056943303037939E10 ; 34051.170000000246
374 ; 259879.2989533506 ; 1.370464523656035E8 ; 1.1224507649420683E8 ; 6.070231281607832E10 ; 34142.46000000025
375 ; 258569.06530109275 ; 1.415217610075788E8 ; 1.1250495579316019E8 ; 6.0839359268443924E10 ; 34233.75000000025
376 ; 257816.21816577963 ; 1.4630571162486276E8 ; 1.1276352485846128E8 ; 6.09808810294515E10 ; 34325.04000000025
377 ; 257043.92749763024 ; 1.5139830421745536E8 ; 1.1302134107662706E8 ; 6.112718674107636E10 ; 34416.33000000025
378 ; 256769.19067447996 ; 1.5679953878535658E8 ; 1.1327838500412469E8 ; 6.1278585045293816E10 ; 34507.62000000025
379 ; 256286.2916390962 ; 1.6250941532856646E8 ; 1.1353515419479917E8 ; 6.143538458407917E10 ; 34598.91000000025
380 ; 255342.58202921777 ; 1.6852793384708497E8 ; 1.1379144048643826E8 ; 6.159789399940774E10 ; 34690.20000000025
381 ; 254595.5148339325 ; 1.7485509434091213E8 ; 1.1404678306846748E8 ; 6.176642193325482E10 ; 34781.49000000025
382 ; 253958.27544486683 ; 1.8149089681004792E8 ; 1.1430137858330141E8 ; 6.194127702759573E10 ; 34872.78000000025
383 ; 253054.12358861326 ; 1.884353412544924E8 ; 1.1455533685874628E8 ; 6.2122767924405785E10 ; 34964.070000000254
384 ; 252528.25973715715 ; 1.9568842767424548E8 ; 1.1480839098233488E8 ; 6.231120326566028E10 ; 35055.360000000255
385 ; 252849.60951134737 ; 2.0193819696749067E8 ; 1.1506091924207205E8 ; 6.2506891693334526E10 ; 35146.650000000256
386 ; 251523.44341732282 ; 2.0193819696749067E8 ; 1.1531376885158339E8 ; 6.270882989030202E10 ; 35237.94000000026
387 ; 251957.57853926052 ; 2.0193819696749067E8 ; 1.1556529229500072E8 ; 6.291076808726951E10 ; 35329.23000000026
388 ; 250717.76205898705 ; 2.0193819696749067E8 ; 1.1581724987353998E8 ; 6.3112706284237E10 ; 35420.52000000026
389 ; 250553.5836105346 ; 2.0193819696749067E8 ; 1.1606796763559897E8 ; 6.331464448120449E10 ; 35511.81000000026
390 ; 249877.41983163447 ; 2.0193819696749067E8 ; 1.163185212192095E8 ; 6.351658267817198E10 ; 35603.10000000026
391 ; 250147.05026026777 ; 2.0193819696749067E8 ; 1.1656839863904114E8 ; 6.371852087513947E10 ; 35694.39000000026
392 ; 249376.90969647435 ; 2.0193819696749067E8 ; 1.168185456893014E8 ; 6.3920459072106964E10 ; 35785.68000000026
393 ; 249132.87241448922 ; 2.0193819696749067E8 ; 1.1706792259899788E8 ; 6.4122397269074455E10 ; 35876.97000000026
394 ; 248133.34605395832 ; 2.0193819696749067E8 ; 1.1731705547141236E8 ; 6.432433546604195E10 ; 35968.260000000264
395 ; 247814.9695507853 ; 2.0193819696749067E8 ; 1.1756518881746632E8 ; 6.452627366300944E10 ; 36059.550000000265
396 ; 247693.98569141582 ; 2.0193819696749067E8 ; 1.178130037870171E8 ; 6.472821185997693E10 ; 36150.840000000266
397 ; 246522.190792698 ; 2.0193819696749067E8 ; 1.1806069777270852E8 ; 6.493015005694442E10 ; 36242.13000000027
398 ; 246312.62565512533 ; 2.0193819696749067E8 ; 1.1830721996350121E8 ; 6.513208825391191E10 ; 36333.42000000027
399 ; 246299.1214391896 ; 2.0193819696749067E8 ; 1.1855353258915634E8 ; 6.53340264508794E10 ; 36424.71000000027
400 ; 245158.5121548748 ; 2.0193819696749067E8 ; 1.1879983171059553E8 ; 6.553596464784689E10 ; 36516.00000000027
401 ; 244601.52041019683 ; 2.0193819696749067E8 ; 1.1904499022275041E8 ; 6.5737902844814384E10 ; 36607.29000000027
402 ; 243736.9943370691 ; 2.0193819696749067E8 ; 1.192895917431606E8 ; 6.5939841041781876E10 ; 36698.58000000027
403 ; 243664.41834707934 ; 2.0193819696749067E8 ; 1.1953332873749767E8 ; 6.614177923874937E10 ; 36789.87000000027
404 ; 243505.16925679907 ; 2.0193819696749067E8 ; 1.1977699315584475E8 ; 6.634371743571686E10 ; 36881.16000000027
405 ; 242917.35098119767 ; 2.0193819696749067E8 ; 1.2002049832510155E8 ; 6.654565563268435E10 ; 36972.45000000027
406 ; 242257.97065683952 ; 2.0193819696749067E8 ; 1.2026341567608275E8 ; 6.674759382965184E10 ; 37063.740000000274
407 ; 241963.12172616823 ; 2.0193819696749067E8 ; 1.2050567364673959E8 ; 6.694953202661933E10 ; 37155.030000000275
408 ; 241981.27429118365 ; 2.0193819696749067E8 ; 1.2074763676846576E8 ; 6.715147022358682E10 ; 37246.320000000276
409 ; 241913.19487974615 ; 2.0193819696749067E8 ; 1.2098961804275694E8 ; 6.735340842055431E10 ; 37337.61000000028
410 ; 240117.7606120713 ; 2.0193819696749067E8 ; 1.2123153123763669E8 ; 6.7555346617521805E10 ; 37428.90000000028
411 ; 240333.60807859348 ; 2.0193819696749067E8 ; 1.2147164899824876E8 ; 6.7757284814489296E10 ; 37520.19000000028
412 ; 239255.0549823586 ; 2.0193819696749067E8 ; 1.2171198260632735E8 ; 6.795922301145679E10 ; 37611.48000000028
413 ; 239650.99781429683 ; 2.0193819696749067E8 ; 1.2195123766130972E8 ; 6.816116120842428E10 ; 37702.77000000028
414 ; 239121.89475338114 ; 2.0193819696749067E8 ; 1.2219088865912402E8 ; 6.836309940539177E10 ; 37794.06000000028
415 ; 238345.60625048343 ; 2.0193819696749067E8 ; 1.224300105538774E8 ; 6.856503760235926E10 ; 37885.35000000028
416 ; 238475.58804002532 ; 2.0193819696749067E8 ; 1.2266835616012788E8 ; 6.876697579932675E10 ; 37976.64000000028
417 ; 237720.02986558457 ; 2.0193819696749067E8 ; 1.229068317481679E8 ; 6.896891399629424E10 ; 38067.930000000284
418 ; 237067.86590816904 ; 2.0193819696749067E8 ; 1.2314455177803348E8 ; 6.917085219326172E10 ; 38159.220000000285
419 ; 236759.00564652923 ; 2.0193819696749067E8 ; 1.2338161964394166E8 ; 6.93727903902292E10 ; 38250.510000000286
420 ; 236933.06505437437 ; 2.0193819696749067E8 ; 1.2361837864958818E8 ; 6.957472858719669E10 ; 38341.80000000029
421 ; 235795.0672632433 ; 2.0193819696749067E8 ; 1.2385531171464255E8 ; 6.977666678416417E10 ; 38433.09000000029
422 ; 235559.0334014577 ; 2.0193819696749067E8 ; 1.240911067819058E8 ; 6.997860498113165E10 ; 38524.38000000029
423 ; 235114.36364888094 ; 2.0193819696749067E8 ; 1.2432666581530726E8 ; 7.018054317809914E10 ; 38615.67000000029
424 ; 234987.57909837295 ; 2.0193819696749067E8 ; 1.2456178017895614E8 ; 7.038248137506662E10 ; 38706.96000000029
425 ; 234312.3715812776 ; 2.0193819696749067E8 ; 1.2479676775805451E8 ; 7.05844195720341E10 ; 38798.25000000029
426 ; 234916.34502975488 ; 2.0193819696749067E8 ; 1.2503108012963578E8 ; 7.078635776900159E10 ; 38889.54000000029
427 ; 234392.64965486006 ; 2.0193819696749067E8 ; 1.2526599647466554E8 ; 7.098829596596907E10 ; 38980.83000000029
428 ; 233837.2982999498 ; 2.0193819696749067E8 ; 1.255003891243204E8 ; 7.119023416293655E10 ; 39072.120000000294
429 ; 233350.42260340418 ; 2.0193918668049583E8 ; 1.2573422642262036E8 ; 7.139217235990404E10 ; 39163.410000000295
430 ; 233204.08266841515 ; 2.0194053940501615E8 ; 1.2596757684522375E8 ; 7.159411154658453E10 ; 39254.700000000295
431 ; 232154.59216478444 ; 2.0194188802617046E8 ; 1.2620078092789216E8 ; 7.179605208598955E10 ; 39345.990000000296
432 ; 231969.08584113073 ; 2.019432325439587E8 ; 1.2643293552005695E8 ; 7.199799397401572E10 ; 39437.2800000003
433 ; 231501.96011241974 ; 2.019445729583809E8 ; 1.2666490460589808E8 ; 7.219993720655968E10 ; 39528.5700000003
434 ; 230978.19591915858 ; 2.019459092694371E8 ; 1.268964065660105E8 ; 7.240188177951805E10 ; 39619.8600000003
435 ; 230141.65869934743 ; 2.0194724147712722E8 ; 1.2712738476192966E8 ; 7.260382768878749E10 ; 39711.1500000003
436 ; 229653.01740145587 ; 2.0194856958145133E8 ; 1.2735752642062901E8 ; 7.280577493026462E10 ; 39802.4400000003
437 ; 229215.1936055006 ; 2.0194989358240938E8 ; 1.2758717943803047E8 ; 7.300772349984607E10 ; 39893.7300000003
438 ; 228779.8070673498 ; 2.0195121348000142E8 ; 1.2781639463163596E8 ; 7.320967339342848E10 ; 39985.0200000003
439 ; 227458.53012966883 ; 2.019525292742274E8 ; 1.2804517443870331E8 ; 7.341162460690848E10 ; 40076.3100000003
440 ; 227082.25406940372 ; 2.0195384096508735E8 ; 1.2827263296883298E8 ; 7.361357713618271E10 ; 40167.600000000304
441 ; 226539.4509248961 ; 2.0195514855258125E8 ; 1.2849971522290239E8 ; 7.38155309771478E10 ; 40258.890000000305
442 ; 226691.51590463117 ; 2.0195645203670913E8 ; 1.2872625467382729E8 ; 7.401748612570038E10 ; 40350.180000000306
443 ; 225601.2246525883 ; 2.0195775141747096E8 ; 1.2895294618973193E8 ; 7.421944257773709E10 ; 40441.47000000031
444 ; 225429.24687195942 ; 2.0195904669486675E8 ; 1.2917854741438451E8 ; 7.442140032915456E10 ; 40532.76000000031
445 ; 224739.30431606 ; 2.019603378688965E8 ; 1.2940397666125648E8 ; 7.462335937584943E10 ; 40624.05000000031
446 ; 224335.39348341734 ; 2.0196162493956023E8 ; 1.2962871596557254E8 ; 7.482531971371832E10 ; 40715.34000000031
447 ; 223885.70123766543 ; 2.019629079068579E8 ; 1.2985305135905595E8 ; 7.502728133865788E10 ; 40806.63000000031
448 ; 223328.26230964242 ; 2.0196418677078953E8 ; 1.3007693706029361E8 ; 7.522924424656474E10 ; 40897.92000000031
449 ; 223675.17601116156 ; 2.0196546153135514E8 ; 1.3030026532260326E8 ; 7.543120843333553E10 ; 40989.21000000031
450 ; 222756.36640001563 ; 2.019667321885547E8 ; 1.3052394049861442E8 ; 7.563317389486688E10 ; 41080.50000000031
451 ; 221945.6439063495 ; 2.0196799874238822E8 ; 1.3074669686501443E8 ; 7.583514062705544E10 ; 41171.790000000314
452 ; 221461.5808459846 ; 2.0196926119285572E8 ; 1.3096864250892079E8 ; 7.603710862579782E10 ; 41263.080000000315
453 ; 221145.4439332488 ; 2.0197051953995717E8 ; 1.3119010408976677E8 ; 7.623907788699068E10 ; 41354.370000000315
454 ; 220488.03586659275 ; 2.0197177378369257E8 ; 1.3141124953370002E8 ; 7.644104840653064E10 ; 41445.660000000316
455 ; 219446.70695631832 ; 2.0197302392406195E8 ; 1.3163173756956661E8 ; 7.664302018031433E10 ; 41536.95000000032
456 ; 219018.49518504998 ; 2.019742699610653E8 ; 1.3185118427652292E8 ; 7.684499320423839E10 ; 41628.24000000032
457 ; 218650.04472109032 ; 2.0197551189470258E8 ; 1.3207020277170797E8 ; 7.704696747419945E10 ; 41719.53000000032
458 ; 218195.20052120276 ; 2.0197674972497383E8 ; 1.3228885281642906E8 ; 7.724894298609415E10 ; 41810.82000000032
459 ; 217380.70442833705 ; 2.0197798345187905E8 ; 1.3250704801695026E8 ; 7.745091973581912E10 ; 41902.11000000032
460 ; 216806.18419444648 ; 2.0197921307541823E8 ; 1.327244287213786E8 ; 7.7652897719271E10 ; 41993.40000000032
461 ; 216218.486772103 ; 2.0198043859559137E8 ; 1.3294123490557304E8 ; 7.785487693234642E10 ; 42084.69000000032
462 ; 215975.19031988314 ; 2.0198166001239848E8 ; 1.3315745339234515E8 ; 7.805685737094202E10 ; 42175.98000000032
463 ; 215469.61121777998 ; 2.0198287732583955E8 ; 1.3337342858266503E8 ; 7.825883903095442E10 ; 42267.270000000324
464 ; 214972.97327958126 ; 2.0198409053591457E8 ; 1.3358889819388281E8 ; 7.846082190828026E10 ; 42358.560000000325
465 ; 214583.09476858564 ; 2.0198529964262354E8 ; 1.3380387116716239E8 ; 7.866280599881618E10 ; 42449.850000000326
466 ; 214648.3230299971 ; 2.019865046459665E8 ; 1.3401845426193097E8 ; 7.88647912984588E10 ; 42541.14000000033
467 ; 214276.39453869895 ; 2.019877055459434E8 ; 1.3423310258496097E8 ; 7.906677780310477E10 ; 42632.43000000033
468 ; 213495.50795891508 ; 2.019889023425543E8 ; 1.3444737897949967E8 ; 7.926876550865071E10 ; 42723.72000000033
469 ; 213071.63992116525 ; 2.0199009503579912E8 ; 1.346608744874586E8 ; 7.947075441099327E10 ; 42815.01000000033
470 ; 212256.62385951803 ; 2.019912836256779E8 ; 1.3487394612737975E8 ; 7.967274450602907E10 ; 42906.30000000033
471 ; 211850.05495578653 ; 2.019924681121907E8 ; 1.3508620275123927E8 ; 7.987473578965474E10 ; 42997.59000000033
472 ; 211649.58008349058 ; 2.019921061296429E8 ; 1.3529805280619505E8 ; 8.007672825776694E10 ; 43088.88000000033
473 ; 210728.81725639477 ; 2.0198698271192992E8 ; 1.3550970238627854E8 ; 8.027872036389658E10 ; 43180.17000000033
474 ; 210328.95183388796 ; 2.0198179872135288E8 ; 1.3572043120353493E8 ; 8.04807073466085E10 ; 43271.460000000334
475 ; 210581.69037225004 ; 2.0197655430474085E8 ; 1.359307601553688E8 ; 8.068268914532986E10 ; 43362.750000000335
476 ; 209065.33142255666 ; 2.0197124961043346E8 ; 1.3614134184574106E8 ; 8.08846656996346E10 ; 43454.040000000336
477 ; 209985.7562786707 ; 2.0196588478828543E8 ; 1.3635040717716363E8 ; 8.108663694924503E10 ; 43545.33000000034
478 ; 209400.18619387326 ; 2.019604599896708E8 ; 1.365603929334423E8 ; 8.128860283403331E10 ; 43636.62000000034
479 ; 208315.96262649886 ; 2.019549753674875E8 ; 1.3676979311963618E8 ; 8.149056329402298E10 ; 43727.91000000034
480 ; 194738.51480369823 ; 2.01949431076162E8 ; 1.3697810908226267E8 ; 8.169251826939047E10 ; 43819.20000000034
481 ; 194445.74242696783 ; 2.0194382727165437E8 ; 1.3717284759706637E8 ; 8.189446770046663E10 ; 43910.49000000034
482 ; 194802.2160982935 ; 2.0193816411146286E8 ; 1.3736729333949333E8 ; 8.209641152773828E10 ; 44001.78000000034
483 ; 194115.44160796763 ; 2.019324417546294E8 ; 1.375620955555916E8 ; 8.229834969184975E10 ; 44093.07000000034
484 ; 194197.32485376127 ; 2.019266603617447E8 ; 1.377562109971996E8 ; 8.250028213360437E10 ; 44184.36000000034
485 ; 193471.48179383003 ; 2.0192082009495378E8 ; 1.3795040832205334E8 ; 8.270220879396611E10 ; 44275.65000000034
486 ; 193882.22843957334 ; 2.0191492111796156E8 ; 1.3814387980384716E8 ; 8.290412961406107E10 ; 44366.940000000344
487 ; 192499.08865864074 ; 2.019089635960387E8 ; 1.3833776203228673E8 ; 8.310604453517903E10 ; 44458.230000000345
488 ; 192272.39446440415 ; 2.0190294769602752E8 ; 1.3853026112094536E8 ; 8.330795349877507E10 ; 44549.520000000346
489 ; 192174.2271027097 ; 2.0189687358634827E8 ; 1.3872253351540977E8 ; 8.35098564464711E10 ; 44640.81000000035
490 ; 191506.42584358712 ; 2.018907414370054E8 ; 1.3891470774251246E8 ; 8.371175332005745E10 ; 44732.10000000035
491 ; 191187.46095671025 ; 2.0188455141959408E8 ; 1.3910621416835606E8 ; 8.391364406149446E10 ; 44823.39000000035
492 ; 190714.03685532158 ; 2.018783037073071E8 ; 1.3929740162931278E8 ; 8.411552861291406E10 ; 44914.68000000035
493 ; 191030.37086668122 ; 2.0187199847494167E8 ; 1.394881156661681E8 ; 8.431740691662137E10 ; 45005.97000000035
494 ; 190246.92573779388 ; 2.0186563589890668E8 ; 1.3967914603703478E8 ; 8.451927891509631E10 ; 45097.26000000035
495 ; 189700.57866299473 ; 2.0185921615723005E8 ; 1.3986939296277258E8 ; 8.472114455099522E10 ; 45188.55000000035
496 ; 189702.62689299937 ; 2.0185273942956635E8 ; 1.4005909354143557E8 ; 8.492300376715245E10 ; 45279.84000000035
497 ; 189430.27443631226 ; 2.0184620589720473E8 ; 1.4024879616832858E8 ; 8.512485650658202E10 ; 45371.130000000354
498 ; 189011.60870384108 ; 2.018396157430769E8 ; 1.404382264427649E8 ; 8.532670271247922E10 ; 45462.420000000355
499 ; 188569.44726260967 ; 2.018329691517655E8 ; 1.4062723805146876E8 ; 8.552854232822229E10 ; 45553.710000000356
500 ; 188271.73901203094 ; 2.018262663095127E8 ; 1.4081580749873137E8 ; 8.573037529737405E10 ; 45645.00000000036
501 ; 188155.62264569456 ; 2.018195074042291E8 ; 1.410040792377434E8 ; 8.593220156368356E10 ; 45736.29000000036
502 ; 187404.45534368703 ; 2.0181269262550277E8 ; 1.411922348603891E8 ; 8.61340210710878E10 ; 45827.58000000036
503 ; 186904.2370591614 ; 2.0180582216460863E8 ; 1.413796393157328E8 ; 8.63358337637133E10 ; 45918.87000000036
504 ; 186764.9230163287 ; 2.0179889621451825E8 ; 1.4156654355279198E8 ; 8.653763958587791E10 ; 46010.16000000036
505 ; 186801.62752905677 ; 2.0179191496990976E8 ; 1.4175330847580832E8 ; 8.673943848209244E10 ; 46101.45000000036
506 ; 186685.05873627093 ; 2.0178487862717807E8 ; 1.4194011010333738E8 ; 8.694123039706235E10 ; 46192.74000000036
507 ; 186450.17584029096 ; 2.017777873844456E8 ; 1.4212679516207364E8 ; 8.714301527568953E10 ; 46284.03000000036
508 ; 186452.46105775406 ; 2.0177064144157305E8 ; 1.4231324533791393E8 ; 8.734479306307397E10 ; 46375.32000000036
509 ; 186000.08028709132 ; 2.0176344100017077E8 ; 1.4249969779897168E8 ; 8.754656370451555E10 ; 46466.610000000364
510 ; 186070.30385287578 ; 2.017561862636102E8 ; 1.4268569787925878E8 ; 8.774832714551572E10 ; 46557.900000000365
511 ; 185000.8294850197 ; 2.0174887743703604E8 ; 1.4287176818311167E8 ; 8.795008333177933E10 ; 46649.190000000366
512 ; 185259.27643589056 ; 2.0174151472737822E8 ; 1.430567690125967E8 ; 8.815183220921637E10 ; 46740.48000000037
513 ; 184776.61248747414 ; 2.0173409834336492E8 ; 1.4324202828903258E8 ; 8.835357372394374E10 ; 46831.77000000037
514 ; 184447.26645657764 ; 2.0172662849553534E8 ; 1.4342680490152004E8 ; 8.855530782228711E10 ; 46923.06000000037
515 ; 183888.83200343538 ; 2.0171910539625338E8 ; 1.4361125216797662E8 ; 8.875703445078264E10 ; 47014.35000000037
516 ; 183255.50294737442 ; 2.0171152925972134E8 ; 1.4379514099998006E8 ; 8.89587535561789E10 ; 47105.64000000037
517 ; 182910.29799319606 ; 2.017039003019942E8 ; 1.4397839650292742E8 ; 8.916046508543861E10 ; 47196.93000000037
518 ; 182829.07524692596 ; 2.0169621874099457E8 ; 1.441613068009206E8 ; 8.93621689857406E10 ; 47288.22000000037
519 ; 182290.72250476017 ; 2.016884847965275E8 ; 1.4434413587616754E8 ; 8.95638652044816E10 ; 47379.51000000037
520 ; 181687.8546808912 ; 2.0168069869029635E8 ; 1.445264265986723E8 ; 8.976555368927812E10 ; 47470.800000000374
521 ; 181163.02741277526 ; 2.0167286064591885E8 ; 1.447081144533532E8 ; 8.996723438796841E10 ; 47562.090000000375
522 ; 181072.8384929317 ; 2.016649708889436E8 ; 1.4488927748076597E8 ; 9.016890724861433E10 ; 47653.380000000376
523 ; 180708.80606215907 ; 2.0165702964686728E8 ; 1.450703503192589E8 ; 9.037057221950328E10 ; 47744.67000000038
524 ; 180178.28221098968 ; 2.0164903714915213E8 ; 1.4525105912532106E8 ; 9.057222924915015E10 ; 47835.96000000038
525 ; 179847.79674371416 ; 2.0164099362724423E8 ; 1.4543123740753204E8 ; 9.07738782862993E10 ; 47927.25000000038
526 ; 178913.94096440473 ; 2.0163289931459212E8 ; 1.4561108520427576E8 ; 9.097551927992654E10 ; 48018.54000000038
527 ; 178870.02862104864 ; 2.0162475444666615E8 ; 1.4578999914524016E8 ; 9.117715217924113E10 ; 48109.83000000038
528 ; 178528.4479379863 ; 2.0161655926097822E8 ; 1.459688691738612E8 ; 9.13787769336878E10 ; 48201.12000000038
529 ; 177683.03431821294 ; 2.0160831399710238E8 ; 1.461473976217992E8 ; 9.158039349294878E10 ; 48292.41000000038
530 ; 177294.8543412505 ; 2.016000188966959E8 ; 1.463250806561174E8 ; 9.178200180694588E10 ; 48383.70000000038
531 ; 177124.05654085163 ; 2.0159167420352095E8 ; 1.4650237551045865E8 ; 9.198360182584258E10 ; 48474.99000000038
532 ; 176586.52172414574 ; 2.0158328016346708E8 ; 1.466794995669995E8 ; 9.21851935000461E10 ; 48566.280000000384
533 ; 176299.85954930022 ; 2.0157483702457428E8 ; 1.4685608608872363E8 ; 9.238677678020956E10 ; 48657.570000000385
534 ; 175573.35100391568 ; 2.015663450370568E8 ; 1.4703238594827294E8 ; 9.258835161723413E10 ; 48748.860000000386
535 ; 174941.64673314942 ; 2.0155780445332775E8 ; 1.4720795929927686E8 ; 9.27899179622712E10 ; 48840.15000000039
536 ; 174205.39252101598 ; 2.015492155280243E8 ; 1.4738290094601E8 ; 9.299147576672452E10 ; 48931.44000000039
537 ; 174394.75074224942 ; 2.0154057851803386E8 ; 1.4755710633853102E8 ; 9.319302498225255E10 ; 49022.73000000039
538 ; 173923.24039327924 ; 2.015318936825209E8 ; 1.4773150108927327E8 ; 9.339456556077058E10 ; 49114.02000000039
539 ; 173445.42166979032 ; 2.0152316128295472E8 ; 1.4790542432966655E8 ; 9.359609745445311E10 ; 49205.31000000039
540 ; 173188.74040352335 ; 2.01514381583138E8 ; 1.4807886975133634E8 ; 9.379762061573607E10 ; 49296.60000000039
541 ; 173090.39378170762 ; 2.0150555484923625E8 ; 1.4825205849173987E8 ; 9.399913499731921E10 ; 49387.89000000039
542 ; 172491.05812950834 ; 2.0149668134980828E8 ; 1.484251488855216E8 ; 9.420064055216846E10 ; 49479.18000000039
543 ; 171831.78837264027 ; 2.0148776135583743E8 ; 1.485976399436511E8 ; 9.440213723351826E10 ; 49570.470000000394
544 ; 172149.2277787561 ; 2.0147879514076397E8 ; 1.4876947173202375E8 ; 9.46036249948741E10 ; 49661.760000000395
545 ; 171163.18120380136 ; 2.0146978298051837E8 ; 1.489416209598025E8 ; 9.480510379001486E10 ; 49753.050000000396
546 ; 171200.43726252072 ; 2.014607251535556E8 ; 1.4911278414100632E8 ; 9.500657357299538E10 ; 49844.3400000004
547 ; 171110.73543188316 ; 2.0145162194089076E8 ; 1.4928398457826886E8 ; 9.520803429814893E10 ; 49935.6300000004
548 ; 170261.12530891597 ; 2.0144247362613544E8 ; 1.4945509531370074E8 ; 9.540948592008981E10 ; 50026.9200000004
549 ; 170418.22670306978 ; 2.0143328049553555E8 ; 1.4962535643900967E8 ; 9.561092839371594E10 ; 50118.2100000004
550 ; 169456.04970753146 ; 2.0142404283801016E8 ; 1.4979577466571274E8 ; 9.581236167421147E10 ; 50209.5000000004
551 ; 169455.53561482765 ; 2.0141476094519165E8 ; 1.4996523071542028E8 ; 9.601378571704948E10 ; 50300.7900000004
552 ; 169369.9825210373 ; 2.014054351114671E8 ; 1.501346862510351E8 ; 9.621520047799467E10 ; 50392.0800000004
553 ; 168757.78297963287 ; 2.01396065634021E8 ; 1.5030405623355612E8 ; 9.641660591310614E10 ; 50483.3700000004
554 ; 168328.3032091352 ; 2.013866528128794E8 ; 1.5047281401653576E8 ; 9.661800197874016E10 ; 50574.660000000404
555 ; 167691.82280477358 ; 2.0137719695095524E8 ; 1.5064114231974488E8 ; 9.681938863155304E10 ; 50665.950000000405
556 ; 166964.7589862823 ; 2.0136769835409537E8 ; 1.5080883414254966E8 ; 9.7020765828504E10 ; 50757.240000000405
557 ; 166444.2263039423 ; 1.72636911252633E8 ; 1.5097579890153596E8 ; 9.72221335268581E10 ; 50848.530000000406
558 ; 166098.13731417735 ; 1.5355519167634636E8 ; 1.511422431278399E8 ; 9.739477043811073E10 ; 50939.82000000041
559 ; 165873.94185282674 ; 1.5319589379765686E8 ; 1.5130834126515406E8 ; 9.754832562978708E10 ; 51031.11000000041
560 ; 165636.69850196835 ; 1.528373577613413E8 ; 1.514742152070069E8 ; 9.770152152358473E10 ; 51122.40000000041
561 ; 164654.26044876204 ; 1.5247958204315323E8 ; 1.5163985190550888E8 ; 9.785435888134607E10 ; 51213.69000000041
562 ; 164262.8866816366 ; 1.5212256512633517E8 ; 1.5180450616595763E8 ; 9.800683846338922E10 ; 51304.98000000041
563 ; 163385.05086126475 ; 1.517663055016672E8 ; 1.5196876905263928E8 ; 9.815896102851556E10 ; 51396.27000000041
564 ; 162503.9229800882 ; 1.5141080166751775E8 ; 1.5213215410350055E8 ; 9.831072733401723E10 ; 51487.56000000041
565 ; 162609.8364548377 ; 1.510560521298965E8 ; 1.5229465802648064E8 ; 9.846213813568474E10 ; 51578.85000000041
566 ; 161766.76458464083 ; 1.507020554025092E8 ; 1.5245726786293548E8 ; 9.861319418781464E10 ; 51670.140000000414
567 ; 161261.869322792 ; 1.5034881000681472E8 ; 1.526190346275201E8 ; 9.876389624321715E10 ; 51761.430000000415
568 ; 160775.078814367 ; 1.4999631447208413E8 ; 1.5278029649684292E8 ; 9.891424505322397E10 ; 51852.720000000416
569 ; 159824.48545658163 ; 1.4964456733546233E8 ; 1.5294107157565728E8 ; 9.906424136769606E10 ; 51944.01000000042
570 ; 160081.4340627852 ; 1.4929356714203197E8 ; 1.5310089606111386E8 ; 9.921388593503152E10 ; 52035.30000000042
571 ; 159033.5953335258 ; 1.4894331244487956E8 ; 1.5326097749517664E8 ; 9.936317950217355E10 ; 52126.59000000042
572 ; 158824.2909743863 ; 1.4859380180516466E8 ; 1.5342001109051016E8 ; 9.951212281461844E10 ; 52217.88000000042
573 ; 158485.94947586692 ; 1.482450337921912E8 ; 1.5357883538148454E8 ; 9.96607166164236E10 ; 52309.17000000042
574 ; 157819.58269490773 ; 1.4789700698348176E8 ; 1.537373213309604E8 ; 9.980896165021579E10 ; 52400.46000000042
575 ; 157092.67274354582 ; 1.4754971996485463E8 ; 1.538951409136553E8 ; 9.995685865719926E10 ; 52491.75000000042
576 ; 156618.0308776506 ; 1.47203171330504E8 ; 1.5405223358639887E8 ; 1.0010440837716412E11 ; 52583.04000000042
577 ; 156340.6082428887 ; 1.4685735968308267E8 ; 1.5420885161727652E8 ; 1.0025161154849463E11 ; 52674.330000000424
578 ; 156031.71213507044 ; 1.4651228363378862E8 ; 1.5436519222551942E8 ; 1.0039846890817772E11 ; 52765.620000000425
579 ; 155047.9980099317 ; 1.4616794180245417E8 ; 1.545212239376545E8 ; 1.0054498119181151E11 ; 52856.910000000425
580 ; 155180.76619216942 ; 1.458243328176389E8 ; 1.5467627193566442E8 ; 1.0069114913361397E11 ; 52948.20000000043
581 ; 154691.85857182503 ; 1.4548145531672612E8 ; 1.5483145270185658E8 ; 1.0083697346643161E11 ; 53039.49000000043
582 ; 155162.45396176222 ; 1.4513930794602257E8 ; 1.549861445604284E8 ; 1.0098245492174834E11 ; 53130.78000000043
583 ; 154398.14537523614 ; 1.4479788936086246E8 ; 1.5514130701439017E8 ; 1.0112759422969437E11 ; 53222.07000000043
584 ; 154207.10982583923 ; 1.4445719822571495E8 ; 1.552957051597654E8 ; 1.0127239211905522E11 ; 53313.36000000043
585 ; 153129.5416943035 ; 1.441172332142958E8 ; 1.5544991226959124E8 ; 1.0141684931728093E11 ; 53404.65000000043
586 ; 153112.52640194946 ; 1.4377799300968334E8 ; 1.5560304181128556E8 ; 1.0156096655049522E11 ; 53495.94000000043
587 ; 152569.2667963592 ; 1.4343947630443886E8 ; 1.557561543376875E8 ; 1.0170474454350491E11 ; 53587.23000000043
588 ; 152653.0506691167 ; 1.4310168180073112E8 ; 1.5590872360448384E8 ; 1.0184818401980936E11 ; 53678.52000000043
589 ; 152072.30793023857 ; 1.4276460821046606E8 ; 1.5606137665515295E8 ; 1.0199128570161009E11 ; 53769.810000000434
590 ; 151372.83522386831 ; 1.4242825425542104E8 ; 1.5621344896308318E8 ; 1.0213405030982056E11 ; 53861.100000000435
591 ; 151043.64932907038 ; 1.4209261866738424E8 ; 1.5636482179830703E8 ; 1.0227647856407597E11 ; 53952.390000000436
592 ; 150429.17216922675 ; 1.4175770018829936E8 ; 1.565158654476361E8 ; 1.0241857118274336E11 ; 54043.68000000044
593 ; 149675.618204519 ; 1.414234975704156E8 ; 1.5666629461980534E8 ; 1.0256032888293166E11 ; 54134.97000000044
594 ; 149457.52753804383 ; 1.4109000957644358E8 ; 1.5681597023800984E8 ; 1.0270175238050208E11 ; 54226.26000000044
595 ; 149034.27783361633 ; 1.4075723497971678E8 ; 1.5696542776554787E8 ; 1.0284284239007852E11 ; 54317.55000000044
596 ; 148924.78395159522 ; 1.4042517256435937E8 ; 1.5711446204338148E8 ; 1.0298359962505824E11 ; 54408.84000000044
597 ; 147412.56461572333 ; 1.4009382112546006E8 ; 1.5726338682733306E8 ; 1.031240247976226E11 ; 54500.13000000044
598 ; 147432.1313683414 ; 1.39763179469253E8 ; 1.574107993919488E8 ; 1.0326411861874806E11 ; 54591.42000000044
599 ; 147349.28540418035 ; 1.3943324641330484E8 ; 1.5755823152331713E8 ; 1.0340388179821732E11 ; 54682.71000000044
600 ; 146550.29484250004 ; 1.3910402078670946E8 ; 1.577055808087213E8 ; 1.0354331504463062E11 ; 54774.000000000444
601 ; 146577.29668632048 ; 1.387755014302898E8 ; 1.5785213110356382E8 ; 1.0368241906541733E11 ; 54865.290000000445
602 ; 145764.87610252196 ; 1.3844768719680732E8 ; 1.5799870840025014E8 ; 1.0382119456684761E11 ; 54956.580000000446
603 ; 145288.76478873473 ; 1.3812057695117944E8 ; 1.5814447327635264E8 ; 1.0395964225404442E11 ; 55047.87000000045
604 ; 145472.13260563018 ; 1.3779416957070526E8 ; 1.582897620411414E8 ; 1.0409776283099559E11 ; 55139.16000000045
605 ; 144568.23531197215 ; 1.3746846394529983E8 ; 1.5843523417374703E8 ; 1.042355570005663E11 ; 55230.45000000045
606 ; 144406.39460878534 ; 1.3714345897773734E8 ; 1.5857980240905902E8 ; 1.043730254645116E11 ; 55321.74000000045
607 ; 144015.46179001365 ; 1.3681915358390337E8 ; 1.587242088036678E8 ; 1.0451016892348933E11 ; 55413.03000000045
608 ; 143219.1329438409 ; 1.3649554669305712E8 ; 1.5886822426545784E8 ; 1.0464698807707324E11 ; 55504.32000000045
609 ; 142784.48898308096 ; 1.3617263724810335E8 ; 1.5901144339840168E8 ; 1.047834836237663E11 ; 55595.61000000045
610 ; 142534.33089252966 ; 1.3585042420587468E8 ; 1.5915422788738477E8 ; 1.049196562610144E11 ; 55686.90000000045
611 ; 142006.11213658017 ; 1.3552890653742495E8 ; 1.592967622182773E8 ; 1.0505550668522028E11 ; 55778.19000000045
612 ; 141624.2058185832 ; 1.3520808322833338E8 ; 1.5943876833041388E8 ; 1.051910355917577E11 ; 55869.480000000454
613 ; 141034.29956748875 ; 1.348879532790207E8 ; 1.5958039253623247E8 ; 1.0532624367498604E11 ; 55960.770000000455
614 ; 140437.46762036532 ; 1.345685157050773E8 ; 1.5972142683579996E8 ; 1.0546113162826506E11 ; 56052.060000000456
615 ; 139735.8451122691 ; 1.3424976953760374E8 ; 1.5986186430342034E8 ; 1.0559570014397014E11 ; 56143.35000000046
616 ; 139941.17281511414 ; 1.3393171382356472E8 ; 1.600016001485326E8 ; 1.0572994991350774E11 ; 56234.64000000046
617 ; 139709.3964403178 ; 1.3361434762615629E8 ; 1.601415413213477E8 ; 1.058638816273313E11 ; 56325.93000000046
618 ; 138904.38065788135 ; 1.3329767002518712E8 ; 1.6028125071778804E8 ; 1.0599749597495746E11 ; 56417.22000000046
619 ; 138826.85108122687 ; 1.3298168011747481E8 ; 1.6042015509844592E8 ; 1.0613079364498265E11 ; 56508.51000000046
620 ; 137959.67886148577 ; 1.3266637701725699E8 ; 1.6055898194952714E8 ; 1.0626377532510013E11 ; 56599.80000000046
621 ; 137394.93972553354 ; 1.3235175985661837E8 ; 1.6069694162838864E8 ; 1.0639644170211739E11 ; 56691.09000000046
622 ; 137174.66704228654 ; 1.3203782778593437E8 ; 1.608343365681142E8 ; 1.06528793461974E11 ; 56782.38000000046
623 ; 136392.17612311192 ; 1.3172457997433157E8 ; 1.6097151123515648E8 ; 1.0666083128975993E11 ; 56873.670000000464
624 ; 136108.61770922068 ; 1.3141201561016588E8 ; 1.611079034112796E8 ; 1.0679255586973427E11 ; 56964.960000000465
625 ; 134927.1348616955 ; 1.311001339015192E8 ; 1.612440120289888E8 ; 1.0692396788534444E11 ; 57056.250000000466
626 ; 134933.905492189 ; 1.3078893407671511E8 ; 1.6137893916385052E8 ; 1.0705506801924596E11 ; 57147.54000000047
627 ; 133764.66364212378 ; 1.304784153848544E8 ; 1.615138730693427E8 ; 1.0718585695332268E11 ; 57238.83000000047
628 ; 133496.85654296415 ; 1.3016857709637086E8 ; 1.6164763773298484E8 ; 1.0731633536870753E11 ; 57330.12000000047
629 ; 133224.0134857372 ; 1.2985941850360873E8 ; 1.6178113458952782E8 ; 1.0744650394580391E11 ; 57421.41000000047
630 ; 132826.64382478222 ; 1.2955093892142224E8 ; 1.6191435860301355E8 ; 1.0757636336430753E11 ; 57512.70000000047
631 ; 132474.3617847561 ; 1.2924313768779755E8 ; 1.6204718524683833E8 ; 1.0770591430322894E11 ; 57603.99000000047
632 ; 131771.20120452912 ; 1.2893601416449918E8 ; 1.621796596086231E8 ; 1.0783515744091675E11 ; 57695.28000000047
633 ; 132019.69506897914 ; 1.2862956773774034E8 ; 1.6231143080982763E8 ; 1.0796409345508125E11 ; 57786.57000000047
634 ; 130901.22935437121 ; 1.283237978188793E8 ; 1.624434505048966E8 ; 1.08092723022819E11 ; 57877.86000000047
635 ; 131098.18836445996 ; 1.2801870384514163E8 ; 1.62574351734251E8 ; 1.0822104682063788E11 ; 57969.150000000474
636 ; 130452.32690272546 ; 1.277142852803701E8 ; 1.6270544992261544E8 ; 1.0834906552448302E11 ; 58060.440000000475
637 ; 130581.86829996346 ; 1.2741054161580266E8 ; 1.6283590224951816E8 ; 1.0847677980976338E11 ; 58151.730000000476
638 ; 129992.23545042332 ; 1.2710747237087952E8 ; 1.6296648411781812E8 ; 1.0860419035137918E11 ; 58243.02000000048
639 ; 129944.84220508976 ; 1.2680507709408048E8 ; 1.6309647635326853E8 ; 1.0873129782375006E11 ; 58334.31000000048
640 ; 129176.48819642227 ; 1.2650335536379327E8 ; 1.632264211954736E8 ; 1.0885810290084415E11 ; 58425.60000000048
641 ; 129219.64729603904 ; 1.2620230678921409E8 ; 1.6335559768367004E8 ; 1.0898460625620795E11 ; 58516.89000000048
642 ; 128574.14701990774 ; 1.2590193101128098E8 ; 1.634848173309661E8 ; 1.0911080856299716E11 ; 58608.18000000048
643 ; 127828.42010003696 ; 1.2560222770364161E8 ; 1.6361339147798598E8 ; 1.0923671049400844E11 ; 58699.47000000048
644 ; 127930.63609144697 ; 1.2530319657365581E8 ; 1.63741219898086E8 ; 1.0936231272171208E11 ; 58790.76000000048
645 ; 127526.99232771723 ; 1.2500483736343434E8 ; 1.6386915053417745E8 ; 1.0948761591828574E11 ; 58882.05000000048
646 ; 127242.57699439081 ; 1.2470714985091428E8 ; 1.6399667752650517E8 ; 1.0961262075564917E11 ; 58973.340000000484
647 ; 126140.48836733021 ; 1.2441013385097283E8 ; 1.6412392010349956E8 ; 1.0973732790550009E11 ; 59064.630000000485
648 ; 126379.98686497699 ; 1.2411378921657959E8 ; 1.6425006059186688E8 ; 1.0986173803935106E11 ; 59155.920000000486
649 ; 125962.64932969383 ; 1.2381811583998868E8 ; 1.6437644057873186E8 ; 1.0998585182856764E11 ; 59247.21000000049
650 ; 125261.26560143898 ; 1.235231136539711E8 ; 1.6450240322806156E8 ; 1.1010966994440762E11 ; 59338.50000000049
651 ; 125289.79862343472 ; 1.2322878263308893E8 ; 1.6462766449366298E8 ; 1.102331930580616E11 ; 59429.79000000049
652 ; 124555.39191635515 ; 1.2293512279501086E8 ; 1.6475295429228643E8 ; 1.1035642184069469E11 ; 59521.08000000049
653 ; 124090.42072967839 ; 1.2264213420187059E8 ; 1.648775096842028E8 ; 1.104793569634897E11 ; 59612.37000000049
654 ; 123697.41197871132 ; 1.2234981696166839E8 ; 1.6500160010493246E8 ; 1.1060199909769157E11 ; 59703.66000000049
655 ; 123611.71206957668 ; 1.2205817122971588E8 ; 1.6512529751691118E8 ; 1.1072434891465324E11 ; 59794.95000000049
656 ; 122929.11926073187 ; 1.2176719721012451E8 ; 1.6524890922898075E8 ; 1.1084640708588297E11 ; 59886.24000000049
657 ; 122802.87677781246 ; 1.2147689515733789E8 ; 1.6537183834824148E8 ; 1.109681742830931E11 ; 59977.53000000049
658 ; 122168.61215973282 ; 1.2118726537770781E8 ; 1.6549464122501928E8 ; 1.1108965117825043E11 ; 60068.820000000494
659 ; 122599.208538751 ; 1.2089830823111334E8 ; 1.65616809837179E8 ; 1.1121083844362813E11 ; 60160.110000000495
660 ; 122247.63107713948 ; 1.2061002413262296E8 ; 1.6573940904571775E8 ; 1.1133173675185924E11 ; 60251.400000000496
661 ; 121728.96738245832 ; 1.2032241355419835E8 ; 1.658616566767949E8 ; 1.1145234677599187E11 ; 60342.6900000005
662 ; 121104.27802078812 ; 1.2003547702643931E8 ; 1.6598338564417735E8 ; 1.1157266918954607E11 ; 60433.9800000005
663 ; 121362.55279013122 ; 1.1974921514036761E8 ; 1.6610448992219815E8 ; 1.1169270466657251E11 ; 60525.2700000005
664 ; 120922.17712868015 ; 1.1946362854924846E8 ; 1.6622585247498828E8 ; 1.1181245388171288E11 ; 60616.5600000005
665 ; 120564.49623266999 ; 1.19178717970447E8 ; 1.6634677465211695E8 ; 1.1193191751026213E11 ; 60707.8500000005
666 ; 120587.52910417502 ; 1.1889448418731718E8 ; 1.664673391483496E8 ; 1.1205109622823257E11 ; 60799.1400000005
667 ; 119731.51678968922 ; 1.1861092805111937E8 ; 1.665879266774538E8 ; 1.1216999071241989E11 ; 60890.4300000005
668 ; 119174.80639420637 ; 1.1832805048296328E8 ; 1.6670765819424346E8 ; 1.1228860164047101E11 ; 60981.7200000005
669 ; 118855.14133848874 ; 1.1804585247577105E8 ; 1.6682683300063768E8 ; 1.1240692969095396E11 ; 61073.010000000504
670 ; 118822.53510531454 ; 1.1776433509625566E8 ; 1.6694568814197618E8 ; 1.1252497554342973E11 ; 61164.300000000505
671 ; 118117.68422677595 ; 1.1748349948690817E8 ; 1.670645106770815E8 ; 1.1264273987852599E11 ; 61255.590000000506
672 ; 117800.66154184625 ; 1.1720334686798696E8 ; 1.6718262836130828E8 ; 1.127602233780129E11 ; 61346.88000000051
673 ; 117255.98854356013 ; 1.1692387853950128E8 ; 1.6730042902285013E8 ; 1.1287742672488087E11 ; 61438.17000000051
674 ; 116689.2168865517 ; 1.1664509588317953E8 ; 1.674176850113937E8 ; 1.1299435060342038E11 ; 61529.46000000051
675 ; 116464.35161557786 ; 1.1636700036441283E8 ; 1.6753437422828025E8 ; 1.1311099569930356E11 ; 61620.75000000051
676 ; 115717.55033152235 ; 1.1608959353416224E8 ; 1.6765083857989582E8 ; 1.1322736269966797E11 ; 61712.04000000051
677 ; 115826.83630062497 ; 1.1581287703081694E8 ; 1.6776655613022736E8 ; 1.1334345229320213E11 ; 61803.33000000051
678 ; 115149.64963284157 ; 1.155368525819898E8 ; 1.6788238296652797E8 ; 1.1345926517023296E11 ; 61894.62000000051
679 ; 114774.16285317209 ; 1.1526152200623415E8 ; 1.679975326161608E8 ; 1.1357480202281494E11 ; 61985.91000000051
680 ; 114107.98534541886 ; 1.1498688721466577E8 ; 1.68112306779014E8 ; 1.1369006354482118E11 ; 62077.200000000514
681 ; 113557.20911943703 ; 1.1471295021246988E8 ; 1.682264147643594E8 ; 1.1380505043203584E11 ; 62168.490000000515
682 ; 113611.76442988012 ; 1.1443971310027418E8 ; 1.6833997197347885E8 ; 1.139197633822483E11 ; 62259.780000000515
683 ; 112524.41127511383 ; 1.141671780753646E8 ; 1.6845358373790872E8 ; 1.1403420309534859E11 ; 62351.070000000516
684 ; 112931.89780011526 ; 1.1389534743271987E8 ; 1.6856610814918384E8 ; 1.1414837027342395E11 ; 62442.36000000052
685 ; 111987.67964458164 ; 1.1362422356583881E8 ; 1.6867904004698396E8 ; 1.1426226562085667E11 ; 62533.65000000052
686 ; 112211.17129740924 ; 1.1335380896733215E8 ; 1.6879102772662854E8 ; 1.1437588984442252E11 ; 62624.94000000052
687 ; 110963.35743300157 ; 1.1308410622924875E8 ; 1.6890323889792594E8 ; 1.1448924365338985E11 ; 62716.23000000052
688 ; 110864.76506097801 ; 1.1281511804310381E8 ; 1.6901420225535893E8 ; 1.146023277596191E11 ; 62807.52000000052
689 ; 110536.30796302129 ; 1.1254684719957572E8 ; 1.6912506702041993E8 ; 1.147151428776622E11 ; 62898.81000000052
690 ; 110465.77894126483 ; 1.1227929658783466E8 ; 1.6923560332838294E8 ; 1.1482768972486177E11 ; 62990.10000000052
691 ; 109988.54919655167 ; 1.1201246919446611E8 ; 1.693460691073242E8 ; 1.149399690214496E11 ; 63081.39000000052
692 ; 109209.88289427728 ; 1.1174636810194935E8 ; 1.6945605765652075E8 ; 1.1505198149064407E11 ; 63172.680000000524
693 ; 109355.05961123103 ; 1.114809964866508E8 ; 1.6956526753941503E8 ; 1.1516372785874602E11 ; 63263.970000000525
694 ; 108032.04958779112 ; 1.1121635761629035E8 ; 1.6967462259902626E8 ; 1.1527520885523267E11 ; 63355.260000000526
695 ; 108290.50966043737 ; 1.1095245484683818E8 ; 1.6978265464861405E8 ; 1.1538642521284895E11 ; 63446.55000000053
696 ; 107903.37287487563 ; 1.1068929161879961E8 ; 1.6989094515827447E8 ; 1.1549737766769579E11 ; 63537.84000000053
697 ; 107350.39017521698 ; 1.104268714528454E8 ; 1.6999884853114936E8 ; 1.1560806695931459E11 ; 63629.13000000053
698 ; 106753.43251721447 ; 1.1016519794474588E8 ; 1.7010619892132458E8 ; 1.1571849383076744E11 ; 63720.42000000053
699 ; 106209.77992108764 ; 1.0990427475956884E8 ; 1.7021295235384178E8 ; 1.1582865902871219E11 ; 63811.71000000053
700 ; 106036.62708028709 ; 1.0964410562510315E8 ; 1.7031916213376287E8 ; 1.1593856330347176E11 ; 63903.00000000053
701 ; 105511.90552363184 ; 1.0938469432447352E8 ; 1.7042519876084316E8 ; 1.1604820740909686E11 ; 63994.29000000053
702 ; 105494.20528943617 ; 1.0912604468791531E8 ; 1.705307106663668E8 ; 1.1615759210342134E11 ; 64085.58000000053
703 ; 105328.87686967 ; 1.0886816058368425E8 ; 1.706362048716562E8 ; 1.1626671814810925E11 ; 64176.870000000534
704 ; 104028.82664105283 ; 1.0861104590808073E8 ; 1.707415337485259E8 ; 1.1637558630869293E11 ; 64268.160000000535
705 ; 103367.45291738851 ; 1.0835470457457694E8 ; 1.7084556257516694E8 ; 1.1648419735460101E11 ; 64359.450000000536
706 ; 102868.20846665939 ; 1.080991405020424E8 ; 1.7094893002808434E8 ; 1.1659255205917558E11 ; 64450.74000000054
707 ; 102481.66101047321 ; 1.0784435760207395E8 ; 1.71051798236551E8 ; 1.1670065119967763E11 ; 64542.03000000054
708 ; 101923.45307544257 ; 1.0759035976544595E8 ; 1.7115427989756146E8 ; 1.1680849555727971E11 ; 64633.32000000054
709 ; 101579.37402229983 ; 1.0733715084770903E8 ; 1.712562033506369E8 ; 1.1691608591704515E11 ; 64724.61000000054
710 ; 101142.13811008658 ; 1.0708473465397812E8 ; 1.713577827246592E8 ; 1.1702342306789285E11 ; 64815.90000000054
711 ; 100446.49378929133 ; 1.0683311492296402E8 ; 1.714589248627693E8 ; 1.1713050780254683E11 ; 64907.19000000054
712 ; 99162.73481138419 ; 1.0658229531031749E8 ; 1.715593713565586E8 ; 1.1723734091746979E11 ; 64998.48000000054
713 ; 99304.79175971044 ; 1.0633227937136886E8 ; 1.7165853409137E8 ; 1.173439232127801E11 ; 65089.77000000054
714 ; 98192.75946681216 ; 1.0608307054336195E8 ; 1.717578388831297E8 ; 1.1745025549215147E11 ; 65181.06000000054
715 ; 98011.29099287534 ; 1.0583467212729515E8 ; 1.718560316425965E8 ; 1.1755633856269484E11 ; 65272.350000000544
716 ; 97755.56721794383 ; 1.0558708726949732E8 ; 1.719540429335894E8 ; 1.1766217323482213E11 ; 65363.640000000545
717 ; 96665.59659994792 ; 1.0534031894307943E8 ; 1.7205179850080734E8 ; 1.1776776032209163E11 ; 65454.930000000546
718 ; 96701.02250703025 ; 1.0509436992941533E8 ; 1.7214846409740728E8 ; 1.1787310064103471E11 ; 65546.22000000054
719 ; 95636.34884033754 ; 1.0484924279981546E8 ; 1.7224516511991432E8 ; 1.1797819501096413E11 ; 65637.51000000053
720 ; 95572.34764485197 ; 1.0460493989756581E8 ; 1.7234080146875465E8 ; 1.1808304425376395E11 ; 65728.80000000053
721 ; 96496.39130647545 ; 1.0475668824861604E8 ; 1.724363738163995E8 ; 1.1818764919366151E11 ; 65820.09000000052
722 ; 96237.87822164202 ; 1.0521735329352066E8 ; 1.72532870207706E8 ; 1.1829240588191013E11 ; 65911.38000000051
723 ; 96445.6708268279 ; 1.0598693786152971E8 ; 1.7262910808592764E8 ; 1.1839762323520364E11 ; 66002.67000000051
724 ; 97378.01268312507 ; 1.0706544448635978E8 ; 1.7272555375675446E8 ; 1.1850361017306517E11 ; 66093.9600000005
725 ; 97749.15791238945 ; 1.0845287539276439E8 ; 1.7282293176943758E8 ; 1.1861067561755153E11 ; 66185.2500000005
726 ; 98299.0959527806 ; 1.101492324845266E8 ; 1.7292068092734998E8 ; 1.1871912849294429E11 ; 66276.54000000049
727 ; 99382.56855634911 ; 1.1215451733402354E8 ; 1.7301898002330276E8 ; 1.1882927772542882E11 ; 66367.83000000048
728 ; 99079.46548406988 ; 1.1446873117349547E8 ; 1.731183625918591E8 ; 1.1894143224276285E11 ; 66459.12000000048
729 ; 100659.67078691047 ; 1.1709187488813263E8 ; 1.7321744205734318E8 ; 1.1905590097393634E11 ; 66550.41000000047
730 ; 100388.98673535541 ; 1.200239490110699E8 ; 1.733181017281301E8 ; 1.1917299284882448E11 ; 66641.70000000046
731 ; 100774.95009378224 ; 1.2326495372035715E8 ; 1.7341849071486545E8 ; 1.1929301679783554E11 ; 66732.99000000046
732 ; 101703.59722913595 ; 1.2681488883794448E8 ; 1.7351926566495922E8 ; 1.194162817515559E11 ; 66824.28000000045
733 ; 102580.09240775347 ; 1.3067375383069694E8 ; 1.7362096926218835E8 ; 1.1954309664039384E11 ; 66915.57000000044
734 ; 102139.5252747116 ; 1.3484154781342453E8 ; 1.737235493545961E8 ; 1.1967377039422455E11 ; 67006.86000000044
735 ; 102912.93138974329 ; 1.3931826955388677E8 ; 1.7382568887987083E8 ; 1.1980861194203798E11 ; 67098.15000000043
736 ; 103099.25296794022 ; 1.4410391747970667E8 ; 1.7392860181126058E8 ; 1.1994793021159187E11 ; 67189.44000000042
737 ; 103203.87810298365 ; 1.491984896871011E8 ; 1.7403170106422853E8 ; 1.2009203412907158E11 ; 67280.73000000042
738 ; 103757.55337379954 ; 1.5460198395131648E8 ; 1.7413490494233152E8 ; 1.2024123261875868E11 ; 67372.02000000041
739 ; 104011.50713998501 ; 1.6031439773863634E8 ; 1.7423866249570534E8 ; 1.2039583460270999E11 ; 67463.3100000004
740 ; 104783.3457393273 ; 1.6633572821981058E8 ; 1.7434267400284532E8 ; 1.2055614900044862E11 ; 67554.6000000004
741 ; 105190.74641515428 ; 1.7266597228474525E8 ; 1.7444745734858465E8 ; 1.2072248472866844E11 ; 67645.89000000039
742 ; 104887.92783937692 ; 1.7930512655827904E8 ; 1.7455264809499982E8 ; 1.2089515070095319E11 ; 67737.18000000039
743 ; 105888.38426445109 ; 1.862531874168681E8 ; 1.746575360228392E8 ; 1.2107445582751146E11 ; 67828.47000000038
744 ; 105796.07996537989 ; 1.9351015100599587E8 ; 1.7476342440710363E8 ; 1.2126070901492833E11 ; 67919.76000000037
745 ; 105746.99018192581 ; 1.997640541563111E8 ; 1.74869220487069E8 ; 1.2145421916593433E11 ; 68011.05000000037
746 ; 106255.39315086656 ; 1.9976844043884313E8 ; 1.7497496747725093E8 ; 1.2165398322009064E11 ; 68102.34000000036
747 ; 106734.6072735432 ; 1.9977307470841753E8 ; 1.750812228704018E8 ; 1.2185375166052948E11 ; 68193.63000000035
748 ; 107064.83427410749 ; 1.997779523689699E8 ; 1.7518795747767535E8 ; 1.220535247352379E11 ; 68284.92000000035
749 ; 107691.13143102107 ; 1.997830686852083E8 ; 1.7529502231194946E8 ; 1.2225330268760687E11 ; 68376.21000000034
750 ; 108099.25798054696 ; 1.9978841880076537E8 ; 1.7540271344338048E8 ; 1.2245308575629208E11 ; 68467.50000000033
751 ; 108107.08942829286 ; 1.9979399775595745E8 ; 1.7551081270136103E8 ; 1.2265287417509285E11 ; 68558.79000000033
752 ; 109087.55089600316 ; 1.9979980050503814E8 ; 1.7561891979078934E8 ; 1.228526681728488E11 ; 68650.08000000032
753 ; 109761.31276178289 ; 1.998058219328473E8 ; 1.7572800734168532E8 ; 1.2305246797335384E11 ; 68741.37000000032
754 ; 110231.83278016625 ; 1.9981205687077242E8 ; 1.758377686544471E8 ; 1.2325227379528668E11 ; 68832.66000000031
755 ; 110193.40489074243 ; 1.9981850011195388E8 ; 1.7594800048722726E8 ; 1.2345208585215746E11 ; 68923.9500000003
756 ; 110924.57328463974 ; 1.99825146425679E8 ; 1.76058193892118E8 ; 1.2365190435226941E11 ; 69015.2400000003
757 ; 111143.6426431243 ; 1.9983199057092497E8 ; 1.7616911846540263E8 ; 1.2385172949869508E11 ; 69106.53000000029
758 ; 111582.91239790744 ; 1.9983902730902186E8 ; 1.7628026210804576E8 ; 1.24051561489266E11 ; 69197.82000000028
759 ; 112162.96866816569 ; 1.9984625141542011E8 ; 1.7639184502044368E8 ; 1.2425140051657503E11 ; 69289.11000000028
760 ; 112662.81306375601 ; 1.9985365769055638E8 ; 1.7650400798911184E8 ; 1.2445124676799045E11 ; 69380.40000000027
761 ; 113323.99496165437 ; 1.99861240969822E8 ; 1.766166708021756E8 ; 1.24651100425681E11 ; 69471.69000000026
762 ; 113231.36650462821 ; 1.998689961326465E8 ; 1.7672999479713726E8 ; 1.2485096166665082E11 ; 69562.98000000026
763 ; 113407.2974341082 ; 1.9987691811071557E8 ; 1.768432261636419E8 ; 1.2505083066278346E11 ; 69654.27000000025
764 ; 114245.09547367188 ; 1.9988500189534914E8 ; 1.7695663346107602E8 ; 1.2525070758089418E11 ; 69745.56000000025
765 ; 115169.31418861555 ; 1.998932425440709E8 ; 1.770708785565497E8 ; 1.2545059258278954E11 ; 69836.85000000024
766 ; 115283.93835955298 ; 1.999016351864029E8 ; 1.7718604787073833E8 ; 1.256504858253336E11 ; 69928.14000000023
767 ; 116149.2855442617 ; 1.9991017502892467E8 ; 1.773013318090979E8 ; 1.2585038746052E11 ; 70019.43000000023
768 ; 116174.74921399365 ; 1.9991885735963556E8 ; 1.7741748109464216E8 ; 1.2605029763554893E11 ; 70110.72000000022
769 ; 116776.45230773446 ; 1.9992767755166268E8 ; 1.7753365584385616E8 ; 1.2625021649290857E11 ; 70202.01000000021
770 ; 116955.50883065023 ; 1.9993663106635708E8 ; 1.776504322961639E8 ; 1.2645014417046024E11 ; 70293.3000000002
771 ; 117506.46123575523 ; 1.9994571345581993E8 ; 1.7776738780499452E8 ; 1.266500808015266E11 ; 70384.5900000002
772 ; 118497.20913945243 ; 1.999549203649023E8 ; 1.778848942662303E8 ; 1.2685002651498242E11 ; 70475.8800000002
773 ; 118620.6778095993 ; 1.999642475327191E8 ; 1.7800339147536975E8 ; 1.2704998143534732E11 ; 70567.17000000019
774 ; 119467.23905100465 ; 1.999736907937186E8 ; 1.7812201215317935E8 ; 1.2724994568288004E11 ; 70658.46000000018
775 ; 119809.51511898865 ; 1.999832460783462E8 ; 1.7824147939223036E8 ; 1.2744991937367375E11 ; 70749.75000000017
776 ; 119638.67714315557 ; 1.999929094133407E8 ; 1.7836128890734935E8 ; 1.2764990261975209E11 ; 70841.04000000017
777 ; 119609.55778548284 ; 2.0000267692169848E8 ; 1.784809275844925E8 ; 1.2784989552916544E11 ; 70932.33000000016
778 ; 120820.30164811121 ; 2.0001254482234013E8 ; 1.78600537142278E8 ; 1.2804989820608713E11 ; 71023.62000000016
779 ; 121344.46077668831 ; 2.0002250942951116E8 ; 1.787213574439261E8 ; 1.2824991075090947E11 ; 71114.91000000015
780 ; 122353.40998620287 ; 2.0003256715194747E8 ; 1.7884270190470278E8 ; 1.2844993326033897E11 ; 71206.20000000014
781 ; 122188.05834737132 ; 2.000427144918333E8 ; 1.7896505531468898E8 ; 1.2864996582749092E11 ; 71297.49000000014
782 ; 122709.54257276289 ; 2.000529480435781E8 ; 1.7908724337303635E8 ; 1.2885000854198276E11 ; 71388.78000000013
783 ; 123353.22825227916 ; 2.000632644924363E8 ; 1.7920995291560912E8 ; 1.2905006149002634E11 ; 71480.07000000012
784 ; 124716.23412757534 ; 2.000736606129925E8 ; 1.793333061438614E8 ; 1.2925012475451877E11 ; 71571.36000000012
785 ; 124838.36752803052 ; 2.0008413326753238E8 ; 1.79458022377989E8 ; 1.2945019841513176E11 ; 71662.65000000011
786 ; 126004.08348670854 ; 2.0009467940431827E8 ; 1.7958286074551702E8 ; 1.2965028254839929E11 ; 71753.9400000001
787 ; 126250.85377019474 ; 2.001052960557863E8 ; 1.7970886482900372E8 ; 1.298503772278036E11 ; 71845.2300000001
788 ; 126628.83373760192 ; 2.001159803366805E8 ; 1.7983511568277392E8 ; 1.3005048252385939E11 ; 71936.52000000009
789 ; 126774.22027918506 ; 2.0012672944213814E8 ; 1.7996174451651153E8 ; 1.3025059850419608E11 ; 72027.81000000008
790 ; 127492.33994275577 ; 2.0013754064573878E8 ; 1.8008851873679072E8 ; 1.3045072523363821E11 ; 72119.10000000008
791 ; 128454.21394998758 ; 2.0014841129752824E8 ; 1.8021601107673347E8 ; 1.3065086277428395E11 ; 72210.39000000007
792 ; 128828.71361691144 ; 2.001593388220276E8 ; 1.8034446529068345E8 ; 1.3085101118558148E11 ; 72301.68000000007
793 ; 129095.9219696646 ; 2.0017032071623638E8 ; 1.8047329400430036E8 ; 1.310511705244035E11 ; 72392.97000000006
794 ; 129150.02284158659 ; 2.0018135454763764E8 ; 1.8060238992627E8 ; 1.3125134084511974E11 ; 72484.26000000005
795 ; 130095.15133285512 ; 2.0019243795221207E8 ; 1.8073153994911158E8 ; 1.3145152219966737E11 ; 72575.55000000005
796 ; 129882.30568512942 ; 2.0020356863246697E8 ; 1.8086163510044444E8 ; 1.3165171463761958E11 ; 72666.84000000004
797 ; 130793.2500740751 ; 2.002147443554862E8 ; 1.8099151740612957E8 ; 1.3185191820625204E11 ; 72758.13000000003
798 ; 130913.61506948953 ; 2.0022596295100442E8 ; 1.8112231065620366E8 ; 1.3205213295060753E11 ; 72849.42000000003
799 ; 130962.59470396316 ; 2.002372223095107E8 ; 1.8125322427127314E8 ; 1.3225235891355853E11 ; 72940.71000000002
800 ; 131134.8823658981 ; 2.0024852038038436E8 ; 1.813841868659771E8 ; 1.3245259613586804E11 ; 73032.00000000001
801 ; 131809.00559494566 ; 2.0025985517006585E8 ; 1.8151532174834302E8 ; 1.3265284465624843E11 ; 73123.29000000001
802 ; 132017.0282648513 ; 2.0027122474026483E8 ; 1.8164713075393796E8 ; 1.3285310451141849E11 ; 73214.58
803 ; 132480.99460828438 ; 2.0028262720620796E8 ; 1.817791477822028E8 ; 1.3305337573615875E11 ; 73305.87
804 ; 133807.92068073395 ; 2.002940607349269E8 ; 1.819116287768111E8 ; 1.3325365836336496E11 ; 73397.15999999999
805 ; 134074.60211251347 ; 2.0030552354358882E8 ; 1.8204543669749182E8 ; 1.3345395242409988E11 ; 73488.44999999998
806 ; 133844.72759690494 ; 2.0031701389786902E8 ; 1.8217951129960433E8 ; 1.3365425794764348E11 ; 73579.73999999998
807 ; 134779.82080361282 ; 2.0032853011036742E8 ; 1.8231335602720124E8 ; 1.3385457496154135E11 ; 73671.02999999997
808 ; 134600.68006558405 ; 2.0034007053906828E8 ; 1.8244813584800485E8 ; 1.3405490349165172E11 ; 73762.31999999996
809 ; 135186.81232859334 ; 2.0035163358584386E8 ; 1.8258273652807042E8 ; 1.3425524356219078E11 ; 73853.60999999996
810 ; 135820.55625067465 ; 2.0036321769500175E8 ; 1.8271792334039903E8 ; 1.3445559519577663E11 ; 73944.89999999995
811 ; 136186.89942600398 ; 2.0037482135187533E8 ; 1.828537438966497E8 ; 1.3465595841347163E11 ; 74036.18999999994
812 ; 136174.61869650867 ; 2.0038644308145776E8 ; 1.829899307960757E8 ; 1.3485633323482352E11 ; 74127.47999999994
813 ; 136534.95992923426 ; 2.0039808144707796E8 ; 1.831261054147722E8 ; 1.3505671967790497E11 ; 74218.76999999993
814 ; 136906.3396468137 ; 2.0040973504911903E8 ; 1.8326264037470144E8 ; 1.3525711775935205E11 ; 74310.05999999992
815 ; 137432.68037150416 ; 2.0042140252377757E8 ; 1.8339954671434826E8 ; 1.3545752749440117E11 ; 74401.34999999992
816 ; 137836.33271558248 ; 2.004330825418637E8 ; 1.8353697939471975E8 ; 1.3565794889692494E11 ; 74492.63999999991
817 ; 138069.2200188125 ; 2.0044477380764067E8 ; 1.8367481572743532E8 ; 1.3585838197946681E11 ; 74583.9299999999
818 ; 138651.75933380445 ; 2.0045647505770317E8 ; 1.8381288494745412E8 ; 1.3605882675327446E11 ; 74675.2199999999
819 ; 139106.4516979335 ; 2.0046818505989376E8 ; 1.8395153670678794E8 ; 1.3625928322833217E11 ; 74766.5099999999
820 ; 139199.76870874962 ; 2.0047990261225614E8 ; 1.840906431584859E8 ; 1.3645975141339206E11 ; 74857.79999999989
821 ; 139750.9356228152 ; 2.004916265420244E8 ; 1.8422984292719463E8 ; 1.3666023131600432E11 ; 74949.08999999988
822 ; 139749.7699378918 ; 2.0050335570464727E8 ; 1.8436959386281744E8 ; 1.3686072294254634E11 ; 75040.37999999987
823 ; 140254.46255749263 ; 2.005150889828466E8 ; 1.8450934363275534E8 ; 1.3706122629825099E11 ; 75131.66999999987
824 ; 140464.37502208218 ; 2.0052682528570858E8 ; 1.8464959809531283E8 ; 1.3726174138723384E11 ; 75222.95999999986
825 ; 141020.60416402132 ; 2.0053856354780737E8 ; 1.8479006247033492E8 ; 1.3746226821251956E11 ; 75314.24999999985
826 ; 141502.38513792964 ; 2.0055030272835946E8 ; 1.8493108307449895E8 ; 1.3766280677606738E11 ; 75405.53999999985
827 ; 142327.25566878228 ; 2.0056204181040853E8 ; 1.8507258545963687E8 ; 1.3786335707879575E11 ; 75496.82999999984
828 ; 142368.35977241234 ; 2.0057377980003917E8 ; 1.8521491271530566E8 ; 1.3806391912060614E11 ; 75588.11999999984
829 ; 142602.78220796393 ; 2.0058551572561872E8 ; 1.8535728107507807E8 ; 1.382644929004062E11 ; 75679.40999999983
830 ; 142942.29085181732 ; 2.005972486370669E8 ; 1.8549988385728604E8 ; 1.384650784161318E11 ; 75770.69999999982
831 ; 143324.88214083615 ; 2.0060897760515103E8 ; 1.8564282614813787E8 ; 1.3866567566476886E11 ; 75861.98999999982
832 ; 143459.8621176565 ; 2.006207017208074E8 ; 1.857861510302787E8 ; 1.3886628464237402E11 ; 75953.27999999981
833 ; 143850.1551845262 ; 2.006324200944868E8 ; 1.8592961089239636E8 ; 1.3906690534409482E11 ; 76044.5699999998
834 ; 144207.68026129092 ; 2.0064413185552382E8 ; 1.860734610475809E8 ; 1.392675377641893E11 ; 76135.8599999998
835 ; 144046.25889695686 ; 2.0065583615152928E8 ; 1.8621766872784218E8 ; 1.3946818189604483E11 ; 76227.14999999979
836 ; 145029.98889466847 ; 2.006675321478043E8 ; 1.8636171498673913E8 ; 1.3966883773219635E11 ; 76318.43999999978
837 ; 145508.2878312543 ; 2.0067921902677622E8 ; 1.865067449756338E8 ; 1.3986950526434415E11 ; 76409.72999999978
838 ; 145692.54851870873 ; 2.006908959874544E8 ; 1.8665225326346505E8 ; 1.400701844833709E11 ; 76501.01999999977
839 ; 146142.9535927167 ; 2.0070256224490649E8 ; 1.8679794581198376E8 ; 1.4027087537935837E11 ; 76592.30999999976
840 ; 145834.8633687599 ; 2.007142170297529E8 ; 1.8694408876557648E8 ; 1.4047157794160327E11 ; 76683.59999999976
841 ; 146793.83462564318 ; 2.0072585958768067E8 ; 1.8708992362894523E8 ; 1.4067229215863303E11 ; 76774.88999999975
842 ; 147525.87989567927 ; 2.007374891789739E8 ; 1.8723671746357086E8 ; 1.408730180182207E11 ; 76866.17999999975
843 ; 147596.78667912964 ; 2.0074910507806227E8 ; 1.8738424334346655E8 ; 1.410737555073997E11 ; 76957.46999999974
844 ; 148356.0511194443 ; 2.0076070657308498E8 ; 1.8753184013014567E8 ; 1.4127450461247775E11 ; 77048.75999999973
845 ; 147541.33870592547 ; 2.007722929654713E8 ; 1.8768019618126512E8 ; 1.4147526531905084E11 ; 77140.04999999973
846 ; 148685.85783842683 ; 2.0078386356953576E8 ; 1.8782773751997104E8 ; 1.4167603761201633E11 ; 77231.33999999972
847 ; 149114.12221831884 ; 2.007954177120882E8 ; 1.8797642337780946E8 ; 1.4187682147558588E11 ; 77322.62999999971
848 ; 148558.84067100415 ; 2.0080695473205793E8 ; 1.8812553750002778E8 ; 1.4207761689329797E11 ; 77413.9199999997
849 ; 148215.59456491488 ; 2.0081847398013118E8 ; 1.8827409634069878E8 ; 1.4227842384803003E11 ; 77505.2099999997
850 ; 149488.71043412265 ; 2.0082997481840205E8 ; 1.884223119352637E8 ; 1.4247924232201016E11 ; 77596.4999999997
851 ; 149714.07283304393 ; 2.008414566200354E8 ; 1.885718006456978E8 ; 1.4268007229682855E11 ; 77687.78999999969
852 ; 150528.0326487248 ; 2.0085291876894253E8 ; 1.8872151471853083E8 ; 1.4288091375344858E11 ; 77779.07999999968
853 ; 150231.1848215498 ; 2.0086436065946776E8 ; 1.8887204275117955E8 ; 1.4308176667221753E11 ; 77870.36999999968
854 ; 150833.17974391 ; 2.0087578169608673E8 ; 1.890222739360011E8 ; 1.4328263103287698E11 ; 77961.65999999967
855 ; 150209.17713699664 ; 2.008871812931153E8 ; 1.89173107115745E8 ; 1.4348350681457306E11 ; 78052.94999999966
856 ; 151325.92027876046 ; 2.008985588744286E8 ; 1.89323316292882E8 ; 1.4368439399586618E11 ; 78144.23999999966
857 ; 151507.47409675876 ; 2.0090991387319034E8 ; 1.8947464221316075E8 ; 1.438852925547406E11 ; 78235.52999999965
858 ; 151538.30372710983 ; 2.0092124573159167E8 ; 1.896261496872575E8 ; 1.440862024686138E11 ; 78326.81999999964
859 ; 152556.6795554576 ; 2.0093255390059903E8 ; 1.8977768799098462E8 ; 1.442871237143454E11 ; 78418.10999999964
860 ; 152228.3251239911 ; 2.0094383783971107E8 ; 1.8993024467054006E8 ; 1.44488056268246E11 ; 78509.39999999963
861 ; 153217.79850155604 ; 2.009550970167243E8 ; 1.9008247299566406E8 ; 1.4468900010608572E11 ; 78600.68999999962
862 ; 153501.80167541045 ; 2.009663309075064E8 ; 1.902356907941656E8 ; 1.4488995520310245E11 ; 78691.97999999962
863 ; 153434.0820544015 ; 2.009775389957782E8 ; 1.9038919259584102E8 ; 1.4509092153400995E11 ; 78783.26999999961
864 ; 154406.11148119497 ; 2.009887207729026E8 ; 1.9054262667789543E8 ; 1.4529189907300574E11 ; 78874.5599999996
865 ; 154123.2872017841 ; 2.0099987573768127E8 ; 1.9069703278937662E8 ; 1.4549288779377863E11 ; 78965.8499999996
866 ; 155821.53722157748 ; 2.0101100339615822E8 ; 1.908511560765784E8 ; 1.456938876695163E11 ; 79057.13999999959
867 ; 155180.2362738355 ; 2.0102210326143023E8 ; 1.910069776138E8 ; 1.4589489867291245E11 ; 79148.42999999959
868 ; 156841.17436451293 ; 2.010331748534638E8 ; 1.911621578500738E8 ; 1.460959207761739E11 ; 79239.71999999958
869 ; 157190.43334167285 ; 2.0104421769891846E8 ; 1.9131899902443832E8 ; 1.4629695395102734E11 ; 79331.00999999957
870 ; 158290.76207964277 ; 2.0105523133097604E8 ; 1.9147618945778E8 ; 1.4649799816872626E11 ; 79422.29999999957
871 ; 158042.76177595626 ; 2.0106621528917596E8 ; 1.9163448021985966E8 ; 1.4669905340005722E11 ; 79513.58999999956
872 ; 158565.0339875802 ; 2.0107716911925593E8 ; 1.9179252298163563E8 ; 1.469001196153464E11 ; 79604.87999999955
873 ; 159007.76666169296 ; 2.0108809237299824E8 ; 1.919510880156232E8 ; 1.4710119678446567E11 ; 79696.16999999955
874 ; 159765.34934124767 ; 2.010989846080813E8 ; 1.9211009578228492E8 ; 1.4730228487683865E11 ; 79787.45999999954
875 ; 160220.76027378047 ; 2.0110984538793606E8 ; 1.9226986113162616E8 ; 1.4750338386144675E11 ; 79878.74999999953
876 ; 161312.04134702086 ; 2.011206742816073E8 ; 1.9243008189189994E8 ; 1.477044937068347E11 ; 79970.03999999953
877 ; 161022.5084326646 ; 2.0113147086361983E8 ; 1.9259139393324697E8 ; 1.479056143811163E11 ; 80061.32999999952
878 ; 161440.69165341617 ; 2.0114223471384883E8 ; 1.9275241644167963E8 ; 1.4810674585197992E11 ; 80152.61999999952
879 ; 162533.74260067896 ; 2.0115296541739482E8 ; 1.9291385713333306E8 ; 1.4830788808669376E11 ; 80243.90999999951
880 ; 162941.008809389 ; 2.011636625644627E8 ; 1.9307639087593374E8 ; 1.4850904105211115E11 ; 80335.1999999995
881 ; 162862.80480376878 ; 2.011743257502447E8 ; 1.9323933188474312E8 ; 1.487102047146756E11 ; 80426.4899999995
882 ; 163903.32032893924 ; 2.0118495457480755E8 ; 1.9340219468954688E8 ; 1.4891137904042584E11 ; 80517.77999999949
883 ; 163778.14775116165 ; 2.01195548642983E8 ; 1.9356609800987583E8 ; 1.4911256399500064E11 ; 80609.06999999948
884 ; 164243.09244352806 ; 2.0120610756426218E8 ; 1.93729876157627E8 ; 1.4931375954364362E11 ; 80700.35999999948
885 ; 164541.87829748695 ; 2.012166309526935E8 ; 1.938941192500705E8 ; 1.495149656512079E11 ; 80791.64999999947
886 ; 164708.41462374036 ; 2.0122711842678362E8 ; 1.94058661128368E8 ; 1.4971618228216058E11 ; 80882.93999999946
887 ; 165815.08807982338 ; 2.012375696094021E8 ; 1.9422336954299173E8 ; 1.4991740940058737E11 ; 80974.22999999946
888 ; 166324.4697011426 ; 2.012479841276887E8 ; 1.9438918463107154E8 ; 1.5011864697019678E11 ; 81065.51999999945
889 ; 167175.21891230773 ; 2.01258361612964E8 ; 1.9455550910077268E8 ; 1.5031989495432446E11 ; 81156.80999999944
890 ; 167069.75778124167 ; 2.0126870170064285E8 ; 1.9472268431968498E8 ; 1.5052115331593744E11 ; 81248.09999999944
891 ; 167163.69962087876 ; 2.0127900403015068E8 ; 1.9488975407746622E8 ; 1.507224220176381E11 ; 81339.38999999943
892 ; 167981.1870296555 ; 2.0128926824484232E8 ; 1.950569177770871E8 ; 1.5092370102166824E11 ; 81430.67999999943
893 ; 168413.64157289726 ; 2.0129949399192372E8 ; 1.9522489896411675E8 ; 1.511249902899131E11 ; 81521.96999999942
894 ; 169261.11052724315 ; 2.0130968092237595E8 ; 1.9539331260568964E8 ; 1.51326289783905E11 ; 81613.25999999941
895 ; 169024.58439874914 ; 2.013198286908818E8 ; 1.955625737162169E8 ; 1.5152759946482736E11 ; 81704.5499999994
896 ; 170086.24014305553 ; 2.0132993695575458E8 ; 1.9573159830061564E8 ; 1.5172891929351825E11 ; 81795.8399999994
897 ; 170420.98925490797 ; 2.0134000537886938E8 ; 1.959016845407587E8 ; 1.51930249230474E11 ; 81887.1299999994
898 ; 170887.42568176918 ; 2.0135003362559637E8 ; 1.9607210553001362E8 ; 1.5213158923585287E11 ; 81978.41999999939
899 ; 171347.02178241892 ; 2.0136002136473626E8 ; 1.962429929556954E8 ; 1.523329392694785E11 ; 82069.70999999938
900 ; 171468.76269785213 ; 2.0136996826845774E8 ; 1.9641433997747782E8 ; 1.5253429929084323E11 ; 82160.99999999937
901 ; 172233.6386276463 ; 2.0137987401223713E8 ; 1.9658580874017566E8 ; 1.527356692591117E11 ; 82252.28999999937
902 ; 172610.59711994987 ; 2.0138973827479964E8 ; 1.967580423788033E8 ; 1.5293704913312393E11 ; 82343.57999999936
903 ; 173666.82866174073 ; 2.013995607380626E8 ; 1.9693065297592327E8 ; 1.5313843887139874E11 ; 82434.86999999936
904 ; 173604.55269145337 ; 2.014093410870806E8 ; 1.97104319804585E8 ; 1.533398384321368E11 ; 82526.15999999935
905 ; 174696.01333236735 ; 2.0141907900999212E8 ; 1.9727792435727647E8 ; 1.5354124777322388E11 ; 82617.44999999934
906 ; 175286.6031992964 ; 2.0142877419796792E8 ; 1.9745262037060884E8 ; 1.5374266685223386E11 ; 82708.73999999934
907 ; 176142.18545971074 ; 2.0143842634516117E8 ; 1.9762790697380814E8 ; 1.5394409562643182E11 ; 82800.02999999933
908 ; 176609.15787152702 ; 2.014480351486589E8 ; 1.9780404915926784E8 ; 1.5414553405277698E11 ; 82891.31999999932
909 ; 177176.7433918397 ; 2.0145760030843508E8 ; 1.9798065831713936E8 ; 1.5434698208792563E11 ; 82982.60999999932
910 ; 178078.85524453607 ; 2.0146712152730525E8 ; 1.981578350605312E8 ; 1.5454843968823407E11 ; 83073.89999999931
911 ; 178232.91049974744 ; 2.0147659851088226E8 ; 1.9833591391577575E8 ; 1.5474990680976138E11 ; 83165.1899999993
912 ; 178644.61398151648 ; 2.014860309675338E8 ; 1.985141468262755E8 ; 1.5495138340827228E11 ; 83256.4799999993
913 ; 179058.78056344067 ; 2.0149541860834074E8 ; 1.98692791440257E8 ; 1.551528694392398E11 ; 83347.76999999929
914 ; 179354.9192989241 ; 2.0150476114705724E8 ; 1.9887185022082046E8 ; 1.5535436485784814E11 ; 83439.05999999928
915 ; 180384.30869289 ; 2.0151405830007163E8 ; 1.9905120514011937E8 ; 1.555558696189952E11 ; 83530.34999999928
916 ; 179729.59373549893 ; 2.0152330978636888E8 ; 1.9923158944881228E8 ; 1.557573836772953E11 ; 83621.63999999927
917 ; 180709.98555780711 ; 2.01532515327494E8 ; 1.9941131904254776E8 ; 1.5595890698708167E11 ; 83712.92999999927
918 ; 180477.42098794624 ; 2.0154167464751646E8 ; 1.9959202902810556E8 ; 1.5616043950240915E11 ; 83804.21999999926
919 ; 181323.94610611847 ; 2.015507874729961E8 ; 1.997725064490935E8 ; 1.5636198117705667E11 ; 83895.50999999925
920 ; 181766.53082475063 ; 1.8144693041073397E8 ; 1.999538303951996E8 ; 1.5656353196452966E11 ; 83986.79999999925
921 ; 182108.90666287672 ; 1.5272887933996186E8 ; 2.0013559692602435E8 ; 1.567449788949404E11 ; 84078.08999999924
922 ; 182325.33621368947 ; 1.5239058256184986E8 ; 2.0031770583268723E8 ; 1.5689770777428036E11 ; 84169.37999999923
923 ; 182822.73764975477 ; 1.5205303601942182E8 ; 2.005000311689009E8 ; 1.5705009835684222E11 ; 84260.66999999923
924 ; 183070.1705017109 ; 1.5171623761837763E8 ; 2.0068285390655068E8 ; 1.5720215139286163E11 ; 84351.95999999922
925 ; 183569.19800877574 ; 1.5138018527093259E8 ; 2.0086592407705238E8 ; 1.5735386763048E11 ; 84443.24999999921
926 ; 184020.00685298728 ; 1.510448768957802E8 ; 2.0104949327506116E8 ; 1.5750524781575095E11 ; 84534.53999999921
927 ; 184567.80979325878 ; 1.5071031041805542E8 ; 2.0123351328191414E8 ; 1.5765629269264673E11 ; 84625.8299999992
928 ; 185026.39107063215 ; 1.5037648376929903E8 ; 2.014180810917074E8 ; 1.578070030030648E11 ; 84717.1199999992
929 ; 184523.56274484302 ; 1.5004339488742277E8 ; 2.0160310748277804E8 ; 1.5795737948683408E11 ; 84808.40999999919
930 ; 185877.2450741738 ; 1.4971104171667516E8 ; 2.017876310455229E8 ; 1.581074228817215E11 ; 84899.69999999918
931 ; 186314.76314658782 ; 1.493794222076081E8 ; 2.0197350829059708E8 ; 1.5825713392343817E11 ; 84990.98999999918
932 ; 186175.63191704772 ; 1.4904853431704435E8 ; 2.0215982305374366E8 ; 1.5840651334564578E11 ; 85082.27999999917
933 ; 186070.84377026057 ; 1.4871837600804538E8 ; 2.0234599868566072E8 ; 1.5855556187996283E11 ; 85173.56999999916
934 ; 187121.64486234233 ; 1.483889452498804E8 ; 2.02532069529431E8 ; 1.587042802559709E11 ; 85264.85999999916
935 ; 187534.4420625061 ; 1.480602400179955E8 ; 2.0271919117429334E8 ; 1.5885266920122076E11 ; 85356.14999999915
936 ; 187468.79434620705 ; 1.477322582939841E8 ; 2.0290672561635584E8 ; 1.5900072944123877E11 ; 85447.43999999914
937 ; 187754.50469307206 ; 1.474049980655571E8 ; 2.0309419441070205E8 ; 1.5914846169953275E11 ; 85538.72999999914
938 ; 188745.81546929327 ; 1.4707845732651484E8 ; 2.032819489153951E8 ; 1.592958666975983E11 ; 85630.01999999913
939 ; 188671.63340420355 ; 1.4675263407671845E8 ; 2.034706947308644E8 ; 1.594429451549248E11 ; 85721.30999999912
940 ; 189462.51765767467 ; 1.4642752632206273E8 ; 2.036593663642686E8 ; 1.5958969778900153E11 ; 85812.59999999912
941 ; 189859.1255247275 ; 1.4610313207444894E8 ; 2.0384882888192627E8 ; 1.5973612531532358E11 ; 85903.88999999911
942 ; 190834.08453253878 ; 1.4577944935175848E8 ; 2.04038688007451E8 ; 1.5988222844739804E11 ; 85995.1799999991
943 ; 190997.20861546343 ; 1.4545647617782703E8 ; 2.0422952209198353E8 ; 1.600280078967498E11 ; 86086.4699999991
944 ; 191712.7872701726 ; 1.4513421058241913E8 ; 2.0442051930059898E8 ; 1.601734643729276E11 ; 86177.75999999909
945 ; 191995.95968314246 ; 1.448126506012033E8 ; 2.0461223208786914E8 ; 1.6031859858351004E11 ; 86269.04999999909
946 ; 192327.98617817904 ; 1.4449179427572754E8 ; 2.048042280475523E8 ; 1.6046341123411124E11 ; 86360.33999999908
947 ; 192839.0115768907 ; 1.4417163965339568E8 ; 2.0499655603373048E8 ; 1.6060790302838696E11 ; 86451.62999999907
948 ; 193627.10834003758 ; 1.4385218478744358E8 ; 2.0518939504530737E8 ; 1.6075207466804034E11 ; 86542.91999999907
949 ; 193727.95110100965 ; 1.4353342773691627E8 ; 2.053830221536474E8 ; 1.608959268528278E11 ; 86634.20999999906
950 ; 193818.33245322245 ; 1.4321536656664535E8 ; 2.055767501047484E8 ; 1.610394602805647E11 ; 86725.49999999905
951 ; 194704.26220065594 ; 1.428979993472267E8 ; 2.0577056843720162E8 ; 1.6118267564713135E11 ; 86816.78999999905
952 ; 194528.77202190325 ; 1.4258132415499875E8 ; 2.0596527269940227E8 ; 1.6132557364647858E11 ; 86908.07999999904
953 ; 195056.2409486006 ; 1.4226533907202113E8 ; 2.0615980147142416E8 ; 1.6146815497063358E11 ; 86999.36999999903
954 ; 194570.38267868827 ; 1.4195004218605357E8 ; 2.0635485771237275E8 ; 1.616104203097056E11 ; 87090.65999999903
955 ; 195917.52532883457 ; 1.4163543159053543E8 ; 2.0654942809505144E8 ; 1.6175237035189166E11 ; 87181.94999999902
956 ; 196196.96030837187 ; 1.413215053845652E8 ; 2.0674534562038028E8 ; 1.618940057834822E11 ; 87273.23999999902
957 ; 196120.06749160966 ; 1.4100826167288065E8 ; 2.0694154258068866E8 ; 1.6203532728886676E11 ; 87364.52999999901
958 ; 196201.1000735368 ; 1.406956985658395E8 ; 2.0713766264818028E8 ; 1.6217633555053964E11 ; 87455.819999999
959 ; 197466.88660454383 ; 1.4038381417939982E8 ; 2.0733386374825382E8 ; 1.6231703124910547E11 ; 87547.109999999
960 ; 197509.71317557024 ; 1.4007260663510123E8 ; 2.0753133063485837E8 ; 1.6245741506328488E11 ; 87638.39999999899
961 ; 197230.3905646008 ; 1.3976207406004643E8 ; 2.0772884034803393E8 ; 1.6259748766991998E11 ; 87729.68999999898
962 ; 198614.34687087007 ; 1.3945221458688268E8 ; 2.0792607073859853E8 ; 1.6273724974398004E11 ; 87820.97999999898
963 ; 199072.12940288364 ; 1.39143026353784E8 ; 2.081246850854694E8 ; 1.6287670195856693E11 ; 87912.26999999897
964 ; 200388.5775357004 ; 1.3883450750443318E8 ; 2.0832375721487227E8 ; 1.6301584498492072E11 ; 88003.55999999896
965 ; 200417.36105429495 ; 1.385266561880047E8 ; 2.0852414579240796E8 ; 1.6315467949242514E11 ; 88094.84999999896
966 ; 200513.2496132309 ; 1.3821947055914742E8 ; 2.0872456315346226E8 ; 1.6329320614861316E11 ; 88186.13999999895
967 ; 200867.83979626402 ; 1.3791294877796745E8 ; 2.089250764030755E8 ; 1.634314256191723E11 ; 88277.42999999895
968 ; 200908.5849305592 ; 1.3760708901001185E8 ; 2.0912594424287176E8 ; 1.6356933856795026E11 ; 88368.71999999894
969 ; 202514.509633449 ; 1.3730188942625216E8 ; 2.0932685282780233E8 ; 1.6370694565696027E11 ; 88460.00999999893
970 ; 202185.12144913676 ; 1.369973482030682E8 ; 2.0952936733743578E8 ; 1.638442475463865E11 ; 88551.29999999893
971 ; 203373.21828108598 ; 1.3669346352223217E8 ; 2.0973155245888492E8 ; 1.6398124489458957E11 ; 88642.58999999892
972 ; 203675.40568458347 ; 1.363902335708931E8 ; 2.0993492567716601E8 ; 1.6411793835811182E11 ; 88733.87999999891
973 ; 204331.70406336713 ; 1.3608765654156134E8 ; 2.101386010828506E8 ; 1.642543285916827E11 ; 88825.1699999989
974 ; 204840.76290308396 ; 1.3578573063209325E8 ; 2.1034293278691396E8 ; 1.6439041624822427E11 ; 88916.4599999989
975 ; 205720.9737057576 ; 1.3548445404567635E8 ; 2.1054777354981706E8 ; 1.6452620197885635E11 ; 89007.7499999989
976 ; 205805.20483827312 ; 1.351838249908146E8 ; 2.1075349452352282E8 ; 1.6466168643290204E11 ; 89099.03999999889
977 ; 205793.9651524574 ; 1.3488384168131357E8 ; 2.109592997283611E8 ; 1.6479687025789285E11 ; 89190.32999999888
978 ; 206575.1694898735 ; 1.345845023362662E8 ; 2.1116509369351357E8 ; 1.6493175409957416E11 ; 89281.61999999887
979 ; 207366.41680173963 ; 1.3428580518003866E8 ; 2.1137166886300343E8 ; 1.6506633860191043E11 ; 89372.90999999887
980 ; 208089.08935197195 ; 1.3398774844225623E8 ; 2.1157903527980518E8 ; 1.6520062440709048E11 ; 89464.19999999886
981 ; 208101.8590023628 ; 1.3369033035778953E8 ; 2.1178712436915717E8 ; 1.6533461215553275E11 ; 89555.48999999886
982 ; 207924.53390446358 ; 1.3339354916674091E8 ; 2.1199522622815952E8 ; 1.6546830248589053E11 ; 89646.77999999885
983 ; 209146.1707556803 ; 1.3309740311443098E8 ; 2.1220315076206398E8 ; 1.6560169603505728E11 ; 89738.06999999884
984 ; 209091.82416121248 ; 1.3280189045138521E8 ; 2.1241229693281966E8 ; 1.6573479343817172E11 ; 89829.35999999884
985 ; 209528.69657658035 ; 1.3250700943332091E8 ; 2.1262138875698087E8 ; 1.658675953286231E11 ; 89920.64999999883
986 ; 210237.81464592268 ; 1.3221275832113431E8 ; 2.1283091745355743E8 ; 1.6600010233805643E11 ; 90011.93999999882
987 ; 210197.63105505233 ; 1.3191913538088766E8 ; 2.1304115526820335E8 ; 1.6613231509637756E11 ; 90103.22999999882
988 ; 211094.6448541296 ; 1.316261388837965E8 ; 2.132513528992584E8 ; 1.6626423423175845E11 ; 90194.51999999881
989 ; 211281.00187165683 ; 1.3132906638923854E8 ; 2.1346244754411253E8 ; 1.6639586037064224E11 ; 90285.8099999988
990 ; 211509.79664750947 ; 1.3103113128862342E8 ; 2.1367372854598418E8 ; 1.665271894370315E11 ; 90377.0999999988
991 ; 212312.31072544755 ; 1.307338743765681E8 ; 2.138852383426317E8 ; 1.6665822056832013E11 ; 90468.38999999879
992 ; 212333.57129796475 ; 1.3043729408560447E8 ; 2.1409755065335715E8 ; 1.667889544426967E11 ; 90559.67999999879
993 ; 212399.83650823912 ; 1.3014138885186537E8 ; 2.1430988422465512E8 ; 1.669193917367823E11 ; 90650.96999999878
994 ; 212914.90484213052 ; 1.2984615711507651E8 ; 2.1452228406116337E8 ; 1.6704953312563416E11 ; 90742.25999999877
995 ; 214118.3217279902 ; 1.29551597318548E8 ; 2.147351989660055E8 ; 1.6717937928274924E11 ; 90833.54999999877
996 ; 214310.588849918 ; 1.2925770790916625E8 ; 2.149493172877335E8 ; 1.6730893088006778E11 ; 90924.83999999876
997 ; 215263.5761684753 ; 1.2896448733738576E8 ; 2.1516362787658343E8 ; 1.6743818858797696E11 ; 91016.12999999875
998 ; 215517.55860274943 ; 1.2867193405722088E8 ; 2.153788914527519E8 ; 1.6756715307531433E11 ; 91107.41999999875
999 ; 215495.07977809015 ; 1.2838004652623762E8 ; 2.1559440901135466E8 ; 1.6769582500937155E11 ; 91198.70999999874
1000 ; 216300.73539969395 ; 1.2808882320554551E8 ; 2.1580990409113276E8 ; 1.678242050558978E11 ; 91289.99999999873
1001 ; 216352.13382508274 ; 1.2779826255978952E8 ; 2.1602620482653245E8 ; 1.6795229387910333E11 ; 91381.28999999873
1002 ; 217011.8469023555 ; 1.275083630571418E8 ; 2.1624255696035755E8 ; 1.6808009214166312E11 ; 91472.57999999872
1003 ; 217636.40177042191 ; 1.2721912316929366E8 ; 2.164595688072599E8 ; 1.6820760050472025E11 ; 91563.86999999871
1004 ; 217345.275385093 ; 1.2693054137144753E8 ; 2.166772052090303E8 ; 1.6833481962788953E11 ; 91655.15999999871
1005 ; 218685.2379218471 ; 1.2664261614230886E8 ; 2.1689455048441538E8 ; 1.68461750169261E11 ; 91746.4499999987
1006 ; 219099.75261956063 ; 1.26355345964078E8 ; 2.1711323572233722E8 ; 1.685883927854033E11 ; 91837.7399999987
1007 ; 218743.897686435 ; 1.260687293224422E8 ; 2.1733233547495678E8 ; 1.6871474813136737E11 ; 91929.02999999869
1008 ; 219191.3937889623 ; 1.257827647065677E8 ; 2.175510793726432E8 ; 1.6884081686068982E11 ; 92020.31999999868
1009 ; 220720.79822561942 ; 1.2549745060909171E8 ; 2.1777027076643217E8 ; 1.689665996253964E11 ; 92111.60999999868
1010 ; 220119.81597618418 ; 1.2521278552611421E8 ; 2.1799099156465778E8 ; 1.690920970760055E11 ; 92202.89999999867
1011 ; 221238.38589010225 ; 1.2492876795719036E8 ; 2.1821111138063395E8 ; 1.6921730986153162E11 ; 92294.18999999866
1012 ; 221190.7967427953 ; 1.2464539640532228E8 ; 2.1843234976652405E8 ; 1.693422386294888E11 ; 92385.47999999866
1013 ; 221343.45260848358 ; 1.2436266937695123E8 ; 2.1865354056326684E8 ; 1.6946688402589413E11 ; 92476.76999999865
1014 ; 221846.47688603395 ; 1.2408058538194974E8 ; 2.1887488401587534E8 ; 1.695912466952711E11 ; 92568.05999999864
1015 ; 222619.8079619727 ; 1.2379914293361372E8 ; 2.1909673049276137E8 ; 1.6971532728065305E11 ; 92659.34999999864
1016 ; 222544.37078927044 ; 1.235183405486545E8 ; 2.1931935030072334E8 ; 1.6983912642358667E11 ; 92750.63999999863
1017 ; 223759.35542648606 ; 1.2323817674719106E8 ; 2.195418946715126E8 ; 1.699626447641353E11 ; 92841.92999999863
1018 ; 224130.17501959243 ; 1.2295865005274224E8 ; 2.197656540269391E8 ; 1.700858829408825E11 ; 92933.21999999862
1019 ; 224620.9914635821 ; 1.2267975899221891E8 ; 2.199897842019587E8 ; 1.7020884159093524E11 ; 93024.50999999861
1020 ; 225437.75428794386 ; 1.2240150209591608E8 ; 2.2021440519342226E8 ; 1.7033152134992746E11 ; 93115.7999999986
1021 ; 225793.46317764086 ; 1.2212387789750521E8 ; 2.2043984294771022E8 ; 1.7045392285202338E11 ; 93207.0899999986
1022 ; 226215.61331525826 ; 1.2184688493402646E8 ; 2.2066563641088787E8 ; 1.7057604672992087E11 ; 93298.3799999986
1023 ; 226770.79535604475 ; 1.2157052174588095E8 ; 2.2089185202420312E8 ; 1.706978936148549E11 ; 93389.66999999859
1024 ; 226661.75517015226 ; 1.2129478687682296E8 ; 2.2111862281955916E8 ; 1.7081946413660077E11 ; 93480.95999999858
1025 ; 228018.46896148578 ; 1.2101967887395234E8 ; 2.2134528457472932E8 ; 1.709407589234776E11 ; 93572.24999999857
1026 ; 228052.9837018972 ; 1.2074519628770678E8 ; 2.215733030436908E8 ; 1.7106177860235156E11 ; 93663.53999999857
1027 ; 228590.5389140544 ; 1.2047133767185405E8 ; 2.218013560273927E8 ; 1.7118252379863928E11 ; 93754.82999999856
1028 ; 229147.3552811075 ; 1.2019810158348455E8 ; 2.2202994656630674E8 ; 1.7130299513631113E11 ; 93846.11999999855
1029 ; 229238.49821426364 ; 1.1992548658300343E8 ; 2.2225909392158785E8 ; 1.7142319323789462E11 ; 93937.40999999855
1030 ; 229761.48333182972 ; 1.196534912341232E8 ; 2.2248833241980213E8 ; 1.7154311872447763E11 ; 94028.69999999854
1031 ; 229599.99938503603 ; 1.1938211410385601E8 ; 2.2271809390313396E8 ; 1.7166277221571176E11 ; 94119.98999999854
1032 ; 229986.11490458035 ; 1.191113537625061E8 ; 2.22947693902519E8 ; 1.717821543298156E11 ; 94211.27999999853
1033 ; 230070.57383807702 ; 1.1884120878366219E8 ; 2.2317768001742357E8 ; 1.7190126568357812E11 ; 94302.56999999852
1034 ; 230757.84446106304 ; 1.1857167774419002E8 ; 2.2340775059126166E8 ; 1.720201068923618E11 ; 94393.85999999852
1035 ; 231405.4303405137 ; 1.1830275922422475E8 ; 2.236385084357227E8 ; 1.72138678570106E11 ; 94485.14999999851
1036 ; 231527.136212616 ; 1.1803445180716352E8 ; 2.2386991386606324E8 ; 1.722569813293302E11 ; 94576.4399999985
1037 ; 231733.6273471775 ; 1.1776675407965785E8 ; 2.2410144100227585E8 ; 1.7237501578113736E11 ; 94667.7299999985
1038 ; 232150.98477954193 ; 1.174996646316063E8 ; 2.2433317462962303E8 ; 1.72492782535217E11 ; 94759.01999999849
1039 ; 232744.04036931638 ; 1.1723318205614683E8 ; 2.2456532561440256E8 ; 1.726102821998486E11 ; 94850.30999999848
1040 ; 233291.2906291298 ; 1.169673049496496E8 ; 2.2479806965477186E8 ; 1.7272751538190475E11 ; 94941.59999999848
1041 ; 233607.16328058756 ; 1.167020319117093E8 ; 2.2503136094540098E8 ; 1.728444826868544E11 ; 95032.88999999847
1042 ; 234124.9768602272 ; 1.1643736154513787E8 ; 2.2526496810868156E8 ; 1.729611847187661E11 ; 95124.17999999847
1043 ; 234112.9688103643 ; 1.1617329245595716E8 ; 2.2549909308554178E8 ; 1.7307762208031125E11 ; 95215.46999999846
1044 ; 235098.05847339696 ; 1.1590982325339141E8 ; 2.2573320605435213E8 ; 1.731937953727672E11 ; 95306.75999999845
1045 ; 234968.74503038058 ; 1.1564695254985999E8 ; 2.2596830411282554E8 ; 1.733097051960206E11 ; 95398.04999999845
1046 ; 234651.04432043617 ; 1.1538467896097003E8 ; 2.2620327285785592E8 ; 1.7342535214857047E11 ; 95489.33999999844
1047 ; 236155.78164504346 ; 1.1512300110550915E8 ; 2.2643792390217635E8 ; 1.7354073682753143E11 ; 95580.62999999843
1048 ; 237063.01760858131 ; 1.1486191760543804E8 ; 2.2667407968382138E8 ; 1.7365585982863693E11 ; 95671.91999999843
1049 ; 237649.6768383323 ; 1.146014270858833E8 ; 2.2691114270142996E8 ; 1.7377072174624237E11 ; 95763.20999999842
1050 ; 237979.95433078255 ; 1.1434152817513004E8 ; 2.271487923782683E8 ; 1.7388532317332825E11 ; 95854.49999999841
1051 ; 238339.30784036504 ; 1.1408221950461479E8 ; 2.2738677233259907E8 ; 1.739996647015034E11 ; 95945.78999999841
1052 ; 237971.82519385265 ; 1.1382349970891802E8 ; 2.2762511164043945E8 ; 1.74113746921008E11 ; 96037.0799999984
1053 ; 238846.78023416272 ; 1.1356536742575717E8 ; 2.278630834656333E8 ; 1.7422757042071692E11 ; 96128.3699999984
1054 ; 239388.23165303114 ; 1.1330782129597928E8 ; 2.2810193024586746E8 ; 1.7434113578814267E11 ; 96219.65999999839
1055 ; 239945.05210277374 ; 1.1305085996355388E8 ; 2.283413184775205E8 ; 1.7445444360943866E11 ; 96310.94999999838
1056 ; 240435.68552197795 ; 1.1279448207556576E8 ; 2.2858126352962327E8 ; 1.7456749446940222E11 ; 96402.23999999838
1057 ; 240699.29267885225 ; 1.1253868628220782E8 ; 2.2882169921514526E8 ; 1.7468028895147778E11 ; 96493.52999999837
1058 ; 241012.17776747537 ; 1.12283471236774E8 ; 2.2906239850782412E8 ; 1.7479282763775998E11 ; 96584.81999999836
1059 ; 241812.85851999003 ; 1.1202883559565207E8 ; 2.293034106855916E8 ; 1.7490511110899677E11 ; 96676.10999999836
1060 ; 241636.1430131685 ; 1.1177477801831655E8 ; 2.295452235441116E8 ; 1.750171399445924E11 ; 96767.39999999835
1061 ; 242438.74827738112 ; 1.115212971673217E8 ; 2.297868596871248E8 ; 1.7512891472261072E11 ; 96858.68999999834
1062 ; 242445.08091375852 ; 1.1126839170829424E8 ; 2.3002929843540218E8 ; 1.7524043601977805E11 ; 96949.97999999834
1063 ; 243292.78862390335 ; 1.1101606030992652E8 ; 2.3027174351631594E8 ; 1.7535170441148633E11 ; 97041.26999999833
1064 ; 243199.55688255743 ; 1.1076430164396936E8 ; 2.3051503630493984E8 ; 1.7546272047179626E11 ; 97132.55999999832
1065 ; 243641.4189752493 ; 1.1051311438522506E8 ; 2.307582358618224E8 ; 1.7557348477344025E11 ; 97223.84999999832
1066 ; 243623.654980523 ; 1.102624972115403E8 ; 2.3100187728079766E8 ; 1.7568399788782547E11 ; 97315.13999999831
1067 ; 243737.39390051033 ; 1.1001244880379929E8 ; 2.3124550093577817E8 ; 1.7579426038503702E11 ; 97406.4299999983
1068 ; 244444.59175040424 ; 1.0976296784591669E8 ; 2.3148923832967868E8 ; 1.7590427283384082E11 ; 97497.7199999983
1069 ; 244520.68893563127 ; 1.0951405302483067E8 ; 2.317336829214291E8 ; 1.7601403580168674E11 ; 97589.00999999829
1070 ; 244705.90946804069 ; 1.0926570303049605E8 ; 2.3197820361036474E8 ; 1.7612354985471158E11 ; 97680.29999999829
1071 ; 245202.5352259915 ; 1.0901791655587713E8 ; 2.322229095198328E8 ; 1.7623281555774207E11 ; 97771.58999999828
1072 ; 245939.34167914966 ; 1.087706922969411E8 ; 2.3246811205505878E8 ; 1.7634183347429794E11 ; 97862.87999999827
1073 ; 245776.81399523537 ; 1.0852402895265089E8 ; 2.3271405139673793E8 ; 1.7645060416659488E11 ; 97954.16999999827
1074 ; 246424.1973619976 ; 1.0827792522495842E8 ; 2.3295982821073318E8 ; 1.7655912819554752E11 ; 98045.45999999826
1075 ; 246248.11128162808 ; 1.0803237981879766E8 ; 2.3320625240809518E8 ; 1.7666740612077246E11 ; 98136.74999999825
1076 ; 247117.85932613103 ; 1.077873914420778E8 ; 2.334525005193768E8 ; 1.7677543850059125E11 ; 98228.03999999825
1077 ; 247214.80657825005 ; 1.0754295880567648E8 ; 2.3369961837870294E8 ; 1.7688322589203333E11 ; 98319.32999999824
1078 ; 247218.89284491955 ; 1.0729908062343283E8 ; 2.339468331852812E8 ; 1.76990768850839E11 ; 98410.61999999823
1079 ; 247768.74261800206 ; 1.0705575561214083E8 ; 2.341940520781261E8 ; 1.7709806793146243E11 ; 98501.90999999823
1080 ; 247754.55028096656 ; 1.0681298249154249E8 ; 2.344418208207441E8 ; 1.772051236870746E11 ; 98593.19999999822
1081 ; 248626.37408799634 ; 1.0696598491242617E8 ; 2.3468957537102506E8 ; 1.7731193666956613E11 ; 98684.48999999822
1082 ; 248773.1638966601 ; 1.074276252052525E8 ; 2.3493820174511304E8 ; 1.7741890265447855E11 ; 98775.77999999821
1083 ; 249188.02646919954 ; 1.081979033700214E8 ; 2.351869749090097E8 ; 1.775263302796838E11 ; 98867.0699999982
1084 ; 249727.32336566434 ; 1.0927681940673292E8 ; 2.354361629354789E8 ; 1.7763452818305383E11 ; 98958.3599999982
1085 ; 249588.26250123326 ; 1.1066437331538707E8 ; 2.3568589025884455E8 ; 1.7774380500246057E11 ; 99049.64999999819
1086 ; 250095.3675197078 ; 1.1236056509598377E8 ; 2.359354785213458E8 ; 1.7785446937577597E11 ; 99140.93999999818
1087 ; 250681.90747212415 ; 1.1436539474852312E8 ; 2.361855738888655E8 ; 1.7796682994087195E11 ; 99232.22999999818
1088 ; 251615.92399085138 ; 1.1667886227300507E8 ; 2.3643625579633763E8 ; 1.7808119533562048E11 ; 99323.51999999817
1089 ; 251908.37834765844 ; 1.193009676694296E8 ; 2.3668787172032848E8 ; 1.781978741978935E11 ; 99414.80999999816
1090 ; 252320.62356876602 ; 1.2223171093779677E8 ; 2.3693978009867615E8 ; 1.7831717516556293E11 ; 99506.09999999816
1091 ; 252810.4974827716 ; 1.2547237829152945E8 ; 2.3719210072224492E8 ; 1.7843940687650073E11 ; 99597.38999999815
1092 ; 252392.44114192986 ; 1.2902176100757882E8 ; 2.374449112197277E8 ; 1.7856487925479227E11 ; 99688.67999999814
1093 ; 252944.17156989378 ; 1.3287978569893683E8 ; 2.3769730366086963E8 ; 1.7869390101579984E11 ; 99779.96999999814
1094 ; 253334.6549763476 ; 1.370464523656035E8 ; 2.379502478324395E8 ; 1.7882678080149878E11 ; 99871.25999999813
1095 ; 253488.76574347593 ; 1.415217610075788E8 ; 2.3820358248741585E8 ; 1.7896382725386438E11 ; 99962.54999999813
1096 ; 253756.5204525434 ; 1.4630571162486276E8 ; 2.384570712531593E8 ; 1.7910534901487195E11 ; 100053.83999999812
1097 ; 254346.366585261 ; 1.5139830421745536E8 ; 2.3871082777361184E8 ; 1.7925165472649683E11 ; 100145.12999999811
1098 ; 254723.42967605352 ; 1.5679953878535658E8 ; 2.389651741401971E8 ; 1.794030530307143E11 ; 100236.4199999981
1099 ; 254611.60747177695 ; 1.6250941532856646E8 ; 2.3921989756987315E8 ; 1.7955985256949966E11 ; 100327.7099999981
1100 ; 254712.56477371062 ; 1.6852793384708497E8 ; 2.3947450917734492E8 ; 1.7972236198482822E11 ; 100418.9999999981
1101 ; 254593.11267064474 ; 1.7485509434091213E8 ; 2.3972922174211863E8 ; 1.798908899186753E11 ; 100510.28999999809
1102 ; 255366.13043279608 ; 1.8149089681004792E8 ; 2.3998381485478926E8 ; 1.800657450130162E11 ; 100601.57999999808
1103 ; 255311.926398169 ; 1.884353412544924E8 ; 2.4023918098522204E8 ; 1.8024723590982626E11 ; 100692.86999999807
1104 ; 256184.5864530199 ; 1.9568842767424548E8 ; 2.404944929116202E8 ; 1.8043567125108075E11 ; 100784.15999999807
1105 ; 256494.36719194485 ; 2.0193819696749067E8 ; 2.4075067749807322E8 ; 1.80631359678755E11 ; 100875.44999999806
1106 ; 256713.02140437614 ; 2.0193819696749067E8 ; 2.4100717186526516E8 ; 1.808332978757225E11 ; 100966.73999999806
1107 ; 257031.03941937667 ; 2.0193819696749067E8 ; 2.4126388488666955E8 ; 1.8103523607269E11 ; 101058.02999999805
1108 ; 257586.52170648254 ; 2.0193819696749067E8 ; 2.4152091592608893E8 ; 1.812371742696575E11 ; 101149.31999999804
1109 ; 257598.73195055712 ; 2.0193819696749067E8 ; 2.4177850244779542E8 ; 1.81439112466625E11 ; 101240.60999999804
1110 ; 257940.2414222899 ; 2.0193819696749067E8 ; 2.4203610117974597E8 ; 1.816410506635925E11 ; 101331.89999999803
1111 ; 258137.85502534054 ; 2.0193819696749067E8 ; 2.4229404142116827E8 ; 1.8184298886056E11 ; 101423.18999999802
1112 ; 258263.50999247702 ; 2.0193819696749067E8 ; 2.4255217927619362E8 ; 1.820449270575275E11 ; 101514.47999999802
1113 ; 259004.5139714995 ; 2.0193819696749067E8 ; 2.428104427861861E8 ; 1.82246865254495E11 ; 101605.76999999801
1114 ; 259767.16467644402 ; 2.0193819696749067E8 ; 2.430694473001576E8 ; 1.824488034514625E11 ; 101697.059999998
1115 ; 260026.51420689866 ; 2.0193819696749067E8 ; 2.4332921446483406E8 ; 1.8265074164843E11 ; 101788.349999998
1116 ; 261045.555115876 ; 2.0193819696749067E8 ; 2.4358924097904095E8 ; 1.828526798453975E11 ; 101879.63999999799
1117 ; 260998.60243828935 ; 2.0193819696749067E8 ; 2.4385028653415683E8 ; 1.83054618042365E11 ; 101970.92999999798
1118 ; 261510.5606266957 ; 2.0193819696749067E8 ; 2.4411128513659513E8 ; 1.832565562393325E11 ; 102062.21999999798
1119 ; 261998.2783502108 ; 2.0193819696749067E8 ; 2.4437279569722182E8 ; 1.834584944363E11 ; 102153.50999999797
1120 ; 261964.58120187858 ; 2.0193819696749067E8 ; 2.4463479397557202E8 ; 1.836604326332675E11 ; 102244.79999999797
1121 ; 261660.52745027724 ; 2.0193819696749067E8 ; 2.448967585567739E8 ; 1.83862370830235E11 ; 102336.08999999796
1122 ; 262770.3841023642 ; 2.0193819696749067E8 ; 2.4515841908422416E8 ; 1.8406430902720248E11 ; 102427.37999999795
1123 ; 263197.1390043242 ; 2.0193819696749067E8 ; 2.4542118946832654E8 ; 1.8426624722416998E11 ; 102518.66999999795
1124 ; 264031.10906666814 ; 2.0193819696749067E8 ; 2.4568438660733086E8 ; 1.8446818542113748E11 ; 102609.95999999794
1125 ; 264294.69245510275 ; 2.0193819696749067E8 ; 2.4594841771639752E8 ; 1.8467012361810498E11 ; 102701.24999999793
1126 ; 264646.1162777362 ; 2.0193819696749067E8 ; 2.4621271240885264E8 ; 1.8487206181507248E11 ; 102792.53999999793
1127 ; 264822.8590954007 ; 2.0193819696749067E8 ; 2.4647735852513036E8 ; 1.8507400001203998E11 ; 102883.82999999792
1128 ; 264946.9268456764 ; 2.0193819696749067E8 ; 2.4674218138422576E8 ; 1.8527593820900748E11 ; 102975.11999999791
1129 ; 265561.6208113913 ; 2.0193819696749067E8 ; 2.4700712831107143E8 ; 1.8547787640597498E11 ; 103066.40999999791
1130 ; 266381.1355178605 ; 2.0193819696749067E8 ; 2.4727268993188283E8 ; 1.8567981460294247E11 ; 103157.6999999979
1131 ; 266907.1912421836 ; 2.0193819696749067E8 ; 2.475390710674007E8 ; 1.8588175279990997E11 ; 103248.9899999979
1132 ; 267215.6596686828 ; 2.0193819696749067E8 ; 2.4780597825864288E8 ; 1.8608369099687747E11 ; 103340.27999999789
1133 ; 267907.7112654991 ; 2.0193819696749067E8 ; 2.4807319391831157E8 ; 1.8628562919384497E11 ; 103431.56999999788
1134 ; 267885.52307563357 ; 2.0193819696749067E8 ; 2.4834110162957707E8 ; 1.8648756739081247E11 ; 103522.85999999788
1135 ; 268693.8602595946 ; 2.0193819696749067E8 ; 2.486089871526527E8 ; 1.8668950558777997E11 ; 103614.14999999787
1136 ; 269002.3245062666 ; 2.0193819696749067E8 ; 2.488776810129123E8 ; 1.8689144378474747E11 ; 103705.43999999786
1137 ; 269901.39349748 ; 2.0193819696749067E8 ; 2.4914668333741856E8 ; 1.8709338198171497E11 ; 103796.72999999786
1138 ; 270020.5605966602 ; 2.0193819696749067E8 ; 2.4941658473091602E8 ; 1.8729532017868246E11 ; 103888.01999999785
1139 ; 271111.7201515618 ; 2.0193819696749067E8 ; 2.496866052915127E8 ; 1.8749725837564996E11 ; 103979.30999999784
1140 ; 284720.68581294664 ; 2.0193819696749067E8 ; 2.4995771701166427E8 ; 1.8769919657261746E11 ; 104070.59999999784
1141 ; 284828.3992308513 ; 2.0193819696749067E8 ; 2.5024243769747722E8 ; 1.8790113476958496E11 ; 104161.88999999783
1142 ; 285276.64914666704 ; 2.0193819696749067E8 ; 2.5052726609670806E8 ; 1.8810307296655246E11 ; 104253.17999999782
1143 ; 285360.43624382734 ; 2.0193819696749067E8 ; 2.5081254274585474E8 ; 1.8830501116351996E11 ; 104344.46999999782
1144 ; 286620.994393151 ; 2.0193819696749067E8 ; 2.5109790318209857E8 ; 1.8850694936048746E11 ; 104435.75999999781
1145 ; 287270.72104565176 ; 2.0193819696749067E8 ; 2.513845241764917E8 ; 1.8870888755745496E11 ; 104527.0499999978
1146 ; 288120.78142519185 ; 2.0193819696749067E8 ; 2.5167179489753735E8 ; 1.8891082575442245E11 ; 104618.3399999978
1147 ; 288796.27092387935 ; 2.0193819696749067E8 ; 2.5195991567896253E8 ; 1.8911276395138995E11 ; 104709.6299999978
1148 ; 289007.9652430944 ; 2.0193819696749067E8 ; 2.522487119498864E8 ; 1.8931470214835745E11 ; 104800.91999999779
1149 ; 289691.3551653612 ; 2.0193819696749067E8 ; 2.525377199151295E8 ; 1.8951664034532495E11 ; 104892.20999999778
1150 ; 290051.5107394014 ; 2.0193819696749067E8 ; 2.5282741127029487E8 ; 1.8971857854229245E11 ; 104983.49999999777
1151 ; 289885.3552781454 ; 2.0193819696749067E8 ; 2.531174627810343E8 ; 1.8992051673925995E11 ; 105074.78999999777
1152 ; 290941.83448235993 ; 2.0193819696749067E8 ; 2.5340734813631243E8 ; 1.9012245493622745E11 ; 105166.07999999776
1153 ; 290750.01381873543 ; 2.0193819696749067E8 ; 2.536982899707948E8 ; 1.9032439313319495E11 ; 105257.36999999775
1154 ; 291788.2983152021 ; 2.0193819696749067E8 ; 2.5398903998461354E8 ; 1.9052633133016245E11 ; 105348.65999999775
1155 ; 292411.2740811192 ; 2.0193819696749067E8 ; 2.5428082828292874E8 ; 1.9072826952712994E11 ; 105439.94999999774
1156 ; 292996.1658917177 ; 2.0193819696749067E8 ; 2.5457323955700985E8 ; 1.9093020772409744E11 ; 105531.23999999774
1157 ; 292648.8634922972 ; 2.0193819696749067E8 ; 2.5486623572290155E8 ; 1.9113214592106494E11 ; 105622.52999999773
1158 ; 293547.12836752774 ; 2.0193819696749067E8 ; 2.5515888458639386E8 ; 1.9133408411803244E11 ; 105713.81999999772
1159 ; 293704.38053864194 ; 2.0193819696749067E8 ; 2.5545243171476138E8 ; 1.9153602231499994E11 ; 105805.10999999772
1160 ; 294778.4884837493 ; 2.0193819696749067E8 ; 2.5574613609530002E8 ; 1.9173796051196744E11 ; 105896.39999999771
1161 ; 294914.7242717711 ; 2.0193819696749067E8 ; 2.5604091458378378E8 ; 1.9193989870893494E11 ; 105987.6899999977
1162 ; 295019.27176585817 ; 2.0193819696749067E8 ; 2.5633582930805555E8 ; 1.9214183690590244E11 ; 106078.9799999977
1163 ; 295711.49829473416 ; 2.0193819696749067E8 ; 2.566308485798214E8 ; 1.9234377510286993E11 ; 106170.26999999769
1164 ; 296700.31810000056 ; 2.0193819696749067E8 ; 2.5692656007811615E8 ; 1.9254571329983743E11 ; 106261.55999999768
1165 ; 297090.9001130551 ; 2.0193819696749067E8 ; 2.5722326039621615E8 ; 1.9274765149680493E11 ; 106352.84999999768
1166 ; 297298.5811028107 ; 2.0193819696749067E8 ; 2.575203512963292E8 ; 1.9294958969377243E11 ; 106444.13999999767
1167 ; 297604.0973823429 ; 2.0193819696749067E8 ; 2.5781764987743202E8 ; 1.9315152789073993E11 ; 106535.42999999766
1168 ; 298607.6892808775 ; 2.0193819696749067E8 ; 2.5811525397481436E8 ; 1.9335346608770743E11 ; 106626.71999999766
1169 ; 299070.4053914532 ; 2.0193819696749067E8 ; 2.5841386166409522E8 ; 1.9355540428467493E11 ; 106718.00999999765
1170 ; 299449.8526795511 ; 2.0193819696749067E8 ; 2.5871293206948668E8 ; 1.9375734248164243E11 ; 106809.29999999765
1171 ; 299897.54796174326 ; 2.0193819696749067E8 ; 2.5901238192216623E8 ; 1.9395928067860992E11 ; 106900.58999999764
1172 ; 300908.8403812993 ; 2.0193819696749067E8 ; 2.5931227947012797E8 ; 1.9416121887557742E11 ; 106991.87999999763
1173 ; 300861.36223450233 ; 2.0193819696749067E8 ; 2.5961318831050926E8 ; 1.9436315707254492E11 ; 107083.16999999763
1174 ; 301684.3761241357 ; 2.0193819696749067E8 ; 2.5991404967274377E8 ; 1.9456509526951242E11 ; 107174.45999999762
1175 ; 302206.8199184517 ; 2.0193819696749067E8 ; 2.602157340488679E8 ; 1.9476703346647992E11 ; 107265.74999999761
1176 ; 302627.50857840327 ; 2.0193819696749067E8 ; 2.6051794086878636E8 ; 1.9496897166344742E11 ; 107357.0399999976
1177 ; 302693.88852423953 ; 2.0193819696749067E8 ; 2.6082056837736475E8 ; 1.9517090986041492E11 ; 107448.3299999976
1178 ; 303778.2013525409 ; 2.0193819696749067E8 ; 2.61123262265889E8 ; 1.9537284805738242E11 ; 107539.6199999976
1179 ; 303841.7827529779 ; 2.0193819696749067E8 ; 2.6142704046724153E8 ; 1.955747862543499E11 ; 107630.90999999759
1180 ; 304538.85157798295 ; 2.0193819696749067E8 ; 2.6173088224999452E8 ; 1.957767244513174E11 ; 107722.19999999758
1181 ; 304676.9441523975 ; 2.0193819696749067E8 ; 2.620354211015725E8 ; 1.959786626482849E11 ; 107813.48999999758
1182 ; 305598.3424564153 ; 2.0193819696749067E8 ; 2.623400980457249E8 ; 1.961806008452524E11 ; 107904.77999999757
1183 ; 305938.12368970015 ; 2.0193819696749067E8 ; 2.6264569638818133E8 ; 1.963825390422199E11 ; 107996.06999999756
1184 ; 306030.3697869518 ; 2.0193819696749067E8 ; 2.6295163451187104E8 ; 1.965844772391874E11 ; 108087.35999999756
1185 ; 307109.88581555866 ; 2.0193819696749067E8 ; 2.63257664881658E8 ; 1.967864154361549E11 ; 108178.64999999755
1186 ; 307695.3648235374 ; 2.0193819696749067E8 ; 2.6356477476747355E8 ; 1.969883536331224E11 ; 108269.93999999754
1187 ; 307796.002457281 ; 2.0193819696749067E8 ; 2.638724701322971E8 ; 1.971902918300899E11 ; 108361.22999999754
1188 ; 308942.49861556274 ; 2.0193819696749067E8 ; 2.641802661347544E8 ; 1.973922300270574E11 ; 108452.51999999753
1189 ; 309071.71167520416 ; 2.0193819696749067E8 ; 2.6448920863336995E8 ; 1.975941682240249E11 ; 108543.80999999752
1190 ; 308935.6620618683 ; 2.0193819696749067E8 ; 2.6479828034504515E8 ; 1.977961064209924E11 ; 108635.09999999752
1191 ; 309838.4536084202 ; 2.0193819696749067E8 ; 2.6510721600710702E8 ; 1.979980446179599E11 ; 108726.38999999751
1192 ; 310167.5987067666 ; 2.0193665460179618E8 ; 2.6541705446071544E8 ; 1.981999828149274E11 ; 108817.6799999975
1193 ; 310679.44723044016 ; 2.019303549043025E8 ; 2.657272220594222E8 ; 1.984019194695292E11 ; 108908.9699999975
1194 ; 311009.72831412876 ; 2.0192399873731083E8 ; 2.6603790150665262E8 ; 1.986038498244335E11 ; 109000.25999999749
1195 ; 310983.12899684435 ; 2.0191758624765018E8 ; 2.6634891123496675E8 ; 1.988057738231708E11 ; 109091.54999999749
1196 ; 311837.5332390522 ; 2.0191111758366024E8 ; 2.666598943639636E8 ; 1.9900769140941846E11 ; 109182.83999999748
1197 ; 312178.7286128178 ; 2.019045928951957E8 ; 2.6697173189720267E8 ; 1.992096025270021E11 ; 109274.12999999747
1198 ; 313386.81001517695 ; 2.0189801233363056E8 ; 2.6728391062581548E8 ; 1.994115071198973E11 ; 109365.41999999747
1199 ; 313718.376709978 ; 2.0189137605186278E8 ; 2.6759729743583065E8 ; 1.9961340513223093E11 ; 109456.70999999746
1200 ; 313746.3904780633 ; 2.018846842043189E8 ; 2.6791101581254062E8 ; 1.9981529650828278E11 ; 109547.99999999745
1201 ; 314630.0753194866 ; 2.0187793694695887E8 ; 2.682247622030187E8 ; 2.000171811924871E11 ; 109639.28999999745
1202 ; 315192.1230190686 ; 2.0187113443728104E8 ; 2.685393922783382E8 ; 2.0021905912943405E11 ; 109730.57999999744
1203 ; 315789.2799745683 ; 2.0186427683432728E8 ; 2.6885458440135723E8 ; 2.0042093026387134E11 ; 109821.86999999743
1204 ; 316363.56909163547 ; 2.0185736429868832E8 ; 2.691703736813318E8 ; 2.0062279454070566E11 ; 109913.15999999743
1205 ; 316466.7510677635 ; 2.0185039699250916E8 ; 2.6948673725042343E8 ; 2.0082465190500433E11 ; 110004.44999999742
1206 ; 317700.77356539236 ; 2.0184337507949474E8 ; 2.698032040014912E8 ; 2.0102650230199686E11 ; 110095.73999999741
1207 ; 317833.3116037911 ; 2.0183629872491574E8 ; 2.701209047750566E8 ; 2.0122834567707635E11 ; 110187.02999999741
1208 ; 318178.72161308787 ; 2.0182916809561446E8 ; 2.704387380866604E8 ; 2.0143018197580127E11 ; 110278.3199999974
1209 ; 318790.5049537275 ; 2.0182198336001116E8 ; 2.707569168082735E8 ; 2.0163201114389688E11 ; 110369.6099999974
1210 ; 319348.6471228423 ; 2.0181474468811023E8 ; 2.7107570731322724E8 ; 2.018338331272569E11 ; 110460.89999999739
1211 ; 319533.81695556745 ; 2.0180745225150695E8 ; 2.713950559603501E8 ; 2.02035647871945E11 ; 110552.18999999738
1212 ; 320565.80689242174 ; 2.01800106223394E8 ; 2.7171458977730566E8 ; 2.022374553241965E11 ; 110643.47999999738
1213 ; 321076.7885414622 ; 2.0179270677856866E8 ; 2.7203515558419806E8 ; 2.024392554304199E11 ; 110734.76999999737
1214 ; 321216.4581039695 ; 2.017852540934398E8 ; 2.723562323727395E8 ; 2.0264104813719846E11 ; 110826.05999999736
1215 ; 322568.4669595564 ; 2.017777483460353E8 ; 2.7267744883084345E8 ; 2.028428333912919E11 ; 110917.34999999736
1216 ; 323072.8137668454 ; 2.0177018971600983E8 ; 2.73000017297803E8 ; 2.0304461113963794E11 ; 111008.63999999735
1217 ; 322924.01887261274 ; 2.0176257838465244E8 ; 2.733230901115698E8 ; 2.0324638132935394E11 ; 111099.92999999734
1218 ; 324284.10603448364 ; 2.0175491453489488E8 ; 2.7364601413044244E8 ; 2.034481439077386E11 ; 111191.21999999734
1219 ; 323699.6550760117 ; 2.017471983513198E8 ; 2.739702982364769E8 ; 2.0364989882227347E11 ; 111282.50999999733
1220 ; 324198.60316304135 ; 2.0173943002016935E8 ; 2.742939978915529E8 ; 2.038516460206248E11 ; 111373.79999999733
1221 ; 324873.1703288431 ; 2.0173160972935414E8 ; 2.74618196494716E8 ; 2.0405338545064496E11 ; 111465.08999999732
1222 ; 325740.93707707245 ; 2.0172373766846222E8 ; 2.7494306966504484E8 ; 2.042551170603743E11 ; 111556.37999999731
1223 ; 326351.36278442683 ; 2.0171581402876854E8 ; 2.752688106021219E8 ; 2.0445684079804276E11 ; 111647.6699999973
1224 ; 326705.6641740639 ; 2.017078390032447E8 ; 2.7559516196490633E8 ; 2.0465855661207153E11 ; 111738.9599999973
1225 ; 327684.2207581332 ; 2.0169981278656873E8 ; 2.759218676290804E8 ; 2.0486026445107477E11 ; 111830.2499999973
1226 ; 328591.4056930468 ; 2.0169173557513565E8 ; 2.7624955184983855E8 ; 2.0506196426386133E11 ; 111921.53999999729
1227 ; 328877.31828328077 ; 2.0168360756706777E8 ; 2.765781432555316E8 ; 2.0526365599943646E11 ; 112012.82999999728
1228 ; 329373.4387412518 ; 2.0167542896222588E8 ; 2.7690702057381487E8 ; 2.0546533960700354E11 ; 112104.11999999727
1229 ; 330948.14074792055 ; 2.016671999622203E8 ; 2.7723639401255614E8 ; 2.0566701503596576E11 ; 112195.40999999727
1230 ; 330773.44640534796 ; 2.016589207704225E8 ; 2.7756734215330404E8 ; 2.0586868223592798E11 ; 112286.69999999726
1231 ; 331299.77293619927 ; 2.0165059159197706E8 ; 2.778981155997094E8 ; 2.060703411566984E11 ; 112377.98999999725
1232 ; 331845.84595057566 ; 2.0164221263381407E8 ; 2.782294153726456E8 ; 2.0627199174829037E11 ; 112469.27999999725
1233 ; 332716.94644066936 ; 2.016337841046616E8 ; 2.785612612185962E8 ; 2.064736339609242E11 ; 112560.56999999724
1234 ; 332572.58074887155 ; 2.0162530621505892E8 ; 2.788939781650369E8 ; 2.0667526774502887E11 ; 112651.85999999724
1235 ; 333181.7973485036 ; 2.016167791773699E8 ; 2.792265507457858E8 ; 2.0687689305124393E11 ; 112743.14999999723
1236 ; 333129.0429740167 ; 2.016082032057968E8 ; 2.795597325431343E8 ; 2.070785098304213E11 ; 112834.43999999722
1237 ; 334334.13697718905 ; 2.015995785163947E8 ; 2.7989286158610827E8 ; 2.072801180336271E11 ; 112925.72999999722
1238 ; 334525.77576469997 ; 2.015909053270861E8 ; 2.8022719572308546E8 ; 2.074817176121435E11 ; 113017.01999999721
1239 ; 335326.73520081193 ; 2.015821838576761E8 ; 2.8056172149885017E8 ; 2.0768330851747058E11 ; 113108.3099999972
1240 ; 335475.44293971395 ; 2.0157341432986808E8 ; 2.80897048234051E8 ; 2.0788489070132825E11 ; 113199.5999999972
1241 ; 335889.02064604807 ; 2.0156459696727973E8 ; 2.812325236769907E8 ; 2.080864641156581E11 ; 113290.88999999719
1242 ; 335916.5086241276 ; 2.0155573199545968E8 ; 2.815684126976367E8 ; 2.082880287126254E11 ; 113382.17999999718
1243 ; 336563.09479220497 ; 2.015468196419046E8 ; 2.8190432920626086E8 ; 2.0848958444462085E11 ; 113473.46999999718
1244 ; 336818.7913574239 ; 2.015378601360767E8 ; 2.8224089230105305E8 ; 2.0869113126426276E11 ; 113564.75999999717
1245 ; 337016.3986555997 ; 2.015288537094221E8 ; 2.8257771109241045E8 ; 2.0889266912439883E11 ; 113656.04999999717
1246 ; 336366.1643478076 ; 2.0151980059538937E8 ; 2.8291472749106604E8 ; 2.0909419797810825E11 ; 113747.33999999716
1247 ; 337071.53253770556 ; 2.0151070102944875E8 ; 2.8325109365541387E8 ; 2.0929571777870364E11 ; 113838.62999999715
1248 ; 336710.6951207187 ; 2.0150155524911225E8 ; 2.8358816518795156E8 ; 2.094972284797331E11 ; 113929.91999999715
1249 ; 336150.6628822769 ; 2.014923634939539E8 ; 2.8392487588307226E8 ; 2.096987300349822E11 ; 114021.20999999714
1250 ; 336313.7455909285 ; 2.014831260056309E8 ; 2.842610265459545E8 ; 2.0990022239847617E11 ; 114112.49999999713
1251 ; 335919.750245102 ; 2.0147384302790552E8 ; 2.8459734029154545E8 ; 2.101017055244818E11 ; 114203.78999999713
1252 ; 335893.7838210082 ; 2.014645148066672E8 ; 2.8493326004179054E8 ; 2.103031793675097E11 ; 114295.07999999712
1253 ; 336389.68444951787 ; 2.0145514158995602E8 ; 2.8526915382561153E8 ; 2.1050464388231638E11 ; 114386.36999999711
1254 ; 335979.5768407293 ; 2.014457236279862E8 ; 2.85605543510061E8 ; 2.1070609902390634E11 ; 114477.65999999711
1255 ; 335700.2269670996 ; 2.0143626117317083E8 ; 2.859415230869018E8 ; 2.1090754474753433E11 ; 114568.9499999971
1256 ; 336302.1686771752 ; 2.0142675448014712E8 ; 2.862772233138689E8 ; 2.111089810087075E11 ; 114660.2399999971
1257 ; 336588.81189573434 ; 2.0141720380580243E8 ; 2.8661352548254603E8 ; 2.1131040776318762E11 ; 114751.52999999709
1258 ; 336420.4875268888 ; 2.014076094093013E8 ; 2.8695011429444176E8 ; 2.1151182496699344E11 ; 114842.81999999708
1259 ; 335879.47446750704 ; 2.0139797155211297E8 ; 2.8728653478196865E8 ; 2.1171323257640274E11 ; 114934.10999999708
1260 ; 322609.575903793 ; 2.013882904980401E8 ; 2.8762241425643617E8 ; 2.1191463054795486E11 ; 115025.39999999707
1261 ; 322531.02529461804 ; 2.013785665132483E8 ; 2.8794502383233994E8 ; 2.121160188384529E11 ; 115116.68999999706
1262 ; 322610.58521207643 ; 2.013687998662963E8 ; 2.8826755485763454E8 ; 2.1231739740496616E11 ; 115207.97999999706
1263 ; 322809.8326856919 ; 2.0135899082816744E8 ; 2.885901654428466E8 ; 2.1251876620483246E11 ; 115299.26999999705
1264 ; 323214.53400175803 ; 2.0134913967230204E8 ; 2.889129752755323E8 ; 2.127201251956606E11 ; 115390.55999999704
1265 ; 323092.5577093177 ; 2.013392466746305E8 ; 2.892361898095341E8 ; 2.1292147433533292E11 ; 115481.84999999704
1266 ; 322997.797708698 ; 2.0132931211360785E8 ; 2.895592823672434E8 ; 2.1312281358200754E11 ; 115573.13999999703
1267 ; 322982.2946433603 ; 2.0131933627024916E8 ; 2.898822801649521E8 ; 2.1332414289412115E11 ; 115664.42999999702
1268 ; 322777.3132160622 ; 2.0130931942816603E8 ; 2.9020526245959544E8 ; 2.1352546223039142E11 ; 115755.71999999702
1269 ; 323532.5496883867 ; 2.0129926187360436E8 ; 2.9052803977281153E8 ; 2.1372677154981958E11 ; 115847.00999999701
1270 ; 322401.8850043323 ; 2.0128916389548323E8 ; 2.9085157232249993E8 ; 2.1392807081169318E11 ; 115938.299999997
1271 ; 322758.2604555847 ; 2.0127902578543502E8 ; 2.911739742075043E8 ; 2.1412935997558865E11 ; 116029.589999997
1272 ; 323065.07583142293 ; 2.0126884783784682E8 ; 2.914967324679599E8 ; 2.1433063900137408E11 ; 116120.87999999699
1273 ; 322268.65320867085 ; 2.012586303499031E8 ; 2.918197975437913E8 ; 2.1453190784921194E11 ; 116212.16999999699
1274 ; 322416.84857647587 ; 2.0124837362162992E8 ; 2.9214206619699997E8 ; 2.1473316647956186E11 ; 116303.45999999698
1275 ; 322911.2972881191 ; 2.0123807795594022E8 ; 2.9246448304557645E8 ; 2.149344148531835E11 ; 116394.74999999697
1276 ; 322236.1329512059 ; 2.0122774365868086E8 ; 2.927873943428646E8 ; 2.1513565293113943E11 ; 116486.03999999697
1277 ; 322097.0267024411 ; 1.7242846562913033E8 ; 2.931096304758158E8 ; 2.1533688067479813E11 ; 116577.32999999696
1278 ; 321875.89408860746 ; 1.5341357789023095E8 ; 2.9343172750251824E8 ; 2.1550930914042725E11 ; 116668.61999999695
1279 ; 321764.32938933704 ; 1.5305345662124008E8 ; 2.9375360339660686E8 ; 2.1566272271831747E11 ; 116759.90999999695
1280 ; 321594.1848339809 ; 1.5269410129798916E8 ; 2.940753677259962E8 ; 2.1581577617493872E11 ; 116851.19999999694
1281 ; 321507.62055632635 ; 1.5233551039623177E8 ; 2.943969619108302E8 ; 2.1596847027623672E11 ; 116942.48999999693
1282 ; 321251.78458343295 ; 1.5197768239921045E8 ; 2.9471846953138655E8 ; 2.1612080578663297E11 ; 117033.77999999693
1283 ; 321156.5836193532 ; 1.5162061579770523E8 ; 2.9503972131597E8 ; 2.1627278346903217E11 ; 117125.06999999692
1284 ; 320648.78382898436 ; 1.5126430909008458E8 ; 2.9536087789958936E8 ; 2.1642440408482986E11 ; 117216.35999999692
1285 ; 320449.4752638595 ; 1.5090876078235814E8 ; 2.9568152668341833E8 ; 2.1657566839391995E11 ; 117307.64999999691
1286 ; 319812.85344759986 ; 1.5055396938823175E8 ; 2.9600197615868217E8 ; 2.167265771547023E11 ; 117398.9399999969
1287 ; 320980.3074611189 ; 1.501999334291642E8 ; 2.963217890121298E8 ; 2.1687713112409055E11 ; 117490.2299999969
1288 ; 319841.37997574516 ; 1.4984665143442655E8 ; 2.966427693195909E8 ; 2.170273310575197E11 ; 117581.51999999689
1289 ; 319938.5346296795 ; 1.4949412194116375E8 ; 2.9696261069956666E8 ; 2.1717717770895413E11 ; 117672.80999999688
1290 ; 319367.42160584056 ; 1.491423434944584E8 ; 2.9728254923419636E8 ; 2.173266718308953E11 ; 117764.09999999688
1291 ; 319196.03513463325 ; 1.4879131464739707E8 ; 2.976019166558022E8 ; 2.1747581417438974E11 ; 117855.38999999687
1292 ; 318997.60091952624 ; 1.484410339611393E8 ; 2.979211126909368E8 ; 2.1762460548903714E11 ; 117946.67999999686
1293 ; 319082.44603098254 ; 1.4809150000498897E8 ; 2.9824011029185635E8 ; 2.177730465229983E11 ; 118037.96999999686
1294 ; 318011.3852242837 ; 1.4774271135646874E8 ; 2.985591927378873E8 ; 2.1792113802300327E11 ; 118129.25999999685
1295 ; 318459.16818397463 ; 1.4739466660139683E8 ; 2.988772041231116E8 ; 2.1806888073435974E11 ; 118220.54999999685
1296 ; 318359.74085792573 ; 1.4704736433396745E8 ; 2.991956632912956E8 ; 2.1821627540096115E11 ; 118311.83999999684
1297 ; 317498.86789369554 ; 1.467008031568334E8 ; 2.995140230321535E8 ; 2.183633227652951E11 ; 118403.12999999683
1298 ; 317920.78150740033 ; 1.4635498168119273E8 ; 2.998315219000472E8 ; 2.1851002356845193E11 ; 118494.41999999683
1299 ; 317803.25177786406 ; 1.4600989852687764E8 ; 3.0014944268155456E8 ; 2.1865637855013312E11 ; 118585.70999999682
1300 ; 317448.8135191419 ; 1.456655523224478E8 ; 3.0046724593333244E8 ; 2.1880238844866E11 ; 118676.99999999681
1301 ; 317324.1935442713 ; 1.4532194170528647E8 ; 3.0078469474685156E8 ; 2.1894805400098245E11 ; 118768.2899999968
1302 ; 317544.4412868175 ; 1.449790653217004E8 ; 3.0110201894039583E8 ; 2.1909337594268774E11 ; 118859.5799999968
1303 ; 317072.09437779116 ; 1.4463692182702383E8 ; 3.0141956338168263E8 ; 2.1923835500800943E11 ; 118950.8699999968
1304 ; 317104.2656648809 ; 1.442955098857259E8 ; 3.0173663547606045E8 ; 2.1938299192983646E11 ; 119042.15999999679
1305 ; 317109.4298738375 ; 1.4395482817152232E8 ; 3.020537397417253E8 ; 2.1952728743972217E11 ; 119133.44999999678
1306 ; 316686.3336494067 ; 1.4361487536749154E8 ; 3.0237084917159915E8 ; 2.1967124226789368E11 ; 119224.73999999677
1307 ; 316381.4844504421 ; 1.4327565016619474E8 ; 3.0268753550524855E8 ; 2.1981485714326117E11 ; 119316.02999999677
1308 ; 316781.9575023056 ; 1.4293715126980072E8 ; 3.03003916989699E8 ; 2.1995813279342737E11 ; 119407.31999999676
1309 ; 316312.54228061234 ; 1.4259937739021543E8 ; 3.033206989472013E8 ; 2.2010106994469717E11 ; 119498.60999999676
1310 ; 315836.93832084525 ; 1.422623272492162E8 ; 3.036370114894819E8 ; 2.202436693220874E11 ; 119589.89999999675
1311 ; 315494.0047820194 ; 1.4192599957859123E8 ; 3.0395284842780274E8 ; 2.203859316493366E11 ; 119681.18999999674
1312 ; 315901.02959663654 ; 1.4159039312028423E8 ; 3.0426834243258476E8 ; 2.205278576489152E11 ; 119772.47999999674
1313 ; 315062.5281870683 ; 1.4125550662654436E8 ; 3.045842434621814E8 ; 2.2066944804203546E11 ; 119863.76999999673
1314 ; 314667.71324179886 ; 1.409213388600823E8 ; 3.048993059903685E8 ; 2.2081070354866202E11 ; 119955.05999999672
1315 ; 314484.5885752801 ; 1.4058788859423152E8 ; 3.052139737036103E8 ; 2.209516248875221E11 ; 120046.34999999672
1316 ; 314540.1222533532 ; 1.4025515461311615E8 ; 3.055284582921856E8 ; 2.2109221277611633E11 ; 120137.63999999671
1317 ; 313825.939144523 ; 1.399231357118249E8 ; 3.0584299841443896E8 ; 2.2123246793072946E11 ; 120228.9299999967
1318 ; 314201.6957686385 ; 1.395918306965919E8 ; 3.061568243535835E8 ; 2.2137239106644128E11 ; 120320.2199999967
1319 ; 313349.6116019132 ; 1.3926123838498393E8 ; 3.0647102604935217E8 ; 2.2151198289713788E11 ; 120411.50999999669
1320 ; 313655.1353267117 ; 1.389313576060947E8 ; 3.0678437566095406E8 ; 2.2165124413552286E11 ; 120502.79999999669
1321 ; 313556.8835199781 ; 1.3860218720074728E8 ; 3.0709803079628074E8 ; 2.2179017549312897E11 ; 120594.08999999668
1322 ; 313315.9653297248 ; 1.3827372602170303E8 ; 3.0741158767980075E8 ; 2.219287776803297E11 ; 120685.37999999667
1323 ; 313419.38317799807 ; 1.379459729338795E8 ; 3.0772490364513046E8 ; 2.220670514063514E11 ; 120776.66999999667
1324 ; 312708.9564513526 ; 1.3761892681457564E8 ; 3.0803832302830845E8 ; 2.2220499737928528E11 ; 120867.95999999666
1325 ; 312313.22666425677 ; 1.3729258655370656E8 ; 3.083510319847598E8 ; 2.2234261630609985E11 ; 120959.24999999665
1326 ; 312502.49127142114 ; 1.3696695105404648E8 ; 3.0866334521142405E8 ; 2.2247990889265356E11 ; 121050.53999999665
1327 ; 312299.17376188695 ; 1.36642019231481E8 ; 3.089758477026955E8 ; 2.226168758437076E11 ; 121141.82999999664
1328 ; 311975.4491693798 ; 1.363177900152692E8 ; 3.092881468764574E8 ; 2.227535178629391E11 ; 121233.11999999663
1329 ; 312116.1198298246 ; 1.3599426234831595E8 ; 3.096001223256268E8 ; 2.2288983565295435E11 ; 121324.40999999663
1330 ; 311539.6719914415 ; 1.3567143518745387E8 ; 3.099122384454566E8 ; 2.2302582991530267E11 ; 121415.69999999662
1331 ; 311786.07701501175 ; 1.3534930750373673E8 ; 3.102237781174481E8 ; 2.231615013504901E11 ; 121506.98999999661
1332 ; 311509.9071728474 ; 1.350278782827438E8 ; 3.105355641944631E8 ; 2.2329685065799384E11 ; 121598.27999999661
1333 ; 311539.5219727256 ; 1.3470714652489582E8 ; 3.1084707410163593E8 ; 2.2343187853627658E11 ; 121689.5699999966
1334 ; 311326.0459642824 ; 1.343871112457831E8 ; 3.1115861362360865E8 ; 2.2356658568280148E11 ; 121780.8599999966
1335 ; 310652.6298245581 ; 1.3406777147650631E8 ; 3.1146993966957295E8 ; 2.2370097279404727E11 ; 121872.14999999659
1336 ; 311020.22945740505 ; 1.3374912626403011E8 ; 3.117805922993975E8 ; 2.2383504056552377E11 ; 121963.43999999658
1337 ; 310891.03565492434 ; 1.334311746715505E8 ; 3.120916125288549E8 ; 2.239687896917878E11 ; 122054.72999999658
1338 ; 311568.3082590314 ; 1.331139157788762E8 ; 3.124025035645098E8 ; 2.2410222086645935E11 ; 122146.01999999657
1339 ; 311166.28147476533 ; 1.327973486828248E8 ; 3.127140718727688E8 ; 2.2423533478223822E11 ; 122237.30999999656
1340 ; 310382.0240670413 ; 1.324814724976339E8 ; 3.130252381542436E8 ; 2.2436813213092105E11 ; 122328.59999999656
1341 ; 310939.6356322017 ; 1.3216628635538828E8 ; 3.1333562017831063E8 ; 2.2450061360341867E11 ; 122419.88999999655
1342 ; 310292.2471005319 ; 1.3185178940646331E8 ; 3.1364655981394285E8 ; 2.2463277988977405E11 ; 122511.17999999654
1343 ; 309895.3369769244 ; 1.3153798081998558E8 ; 3.139568520610434E8 ; 2.247646316791805E11 ; 122602.46999999654
1344 ; 309950.46490768145 ; 1.31224859784311E8 ; 3.142667473980203E8 ; 2.248961696600005E11 ; 122693.75999999653
1345 ; 309910.87829303637 ; 1.3091242550752144E8 ; 3.1457669786292803E8 ; 2.250273945197848E11 ; 122785.04999999653
1346 ; 309285.51244393736 ; 1.3060067721794054E8 ; 3.148866087412211E8 ; 2.251583069452923E11 ; 122876.33999999652
1347 ; 309498.0246612595 ; 1.3028961416466905E8 ; 3.1519589425366503E8 ; 2.2528890762251022E11 ; 122967.62999999651
1348 ; 308514.74491950014 ; 1.2997923561814076E8 ; 3.155053922783263E8 ; 2.254191972366749E11 ; 123058.9199999965
1349 ; 309367.56452257757 ; 1.2966954087069993E8 ; 3.1581390702324575E8 ; 2.2554917647229303E11 ; 123150.2099999965
1350 ; 309050.1037945894 ; 1.2936052923720077E8 ; 3.161232745877683E8 ; 2.2567884601316373E11 ; 123241.4999999965
1351 ; 308753.18748745695 ; 1.2905220005562943E8 ; 3.164323246915629E8 ; 2.2580820654240094E11 ; 123332.78999999649
1352 ; 308431.95402726135 ; 1.2874455268775047E8 ; 3.167410778790504E8 ; 2.2593725874245657E11 ; 123424.07999999648
1353 ; 308792.5505378933 ; 1.2843758651977709E8 ; 3.170495098330776E8 ; 2.2606600329514432E11 ; 123515.36999999647
1354 ; 309005.3833484211 ; 1.2813130096306753E8 ; 3.173583023836155E8 ; 2.261944408816641E11 ; 123606.65999999647
1355 ; 308651.6665652177 ; 1.2782569545484738E8 ; 3.176673077669639E8 ; 2.2632257218262717E11 ; 123697.94999999646
1356 ; 308772.9668267903 ; 1.2752076945895942E8 ; 3.1797595943352914E8 ; 2.26450397878082E11 ; 123789.23999999645
1357 ; 308409.0138864714 ; 1.2721652246664158E8 ; 3.1828473240035594E8 ; 2.2657791864754095E11 ; 123880.52999999645
1358 ; 308712.56189000217 ; 1.2691295399733406E8 ; 3.185931414142424E8 ; 2.267051351700076E11 ; 123971.81999999644
1359 ; 308925.91562306904 ; 1.266100635995167E8 ; 3.189018539761324E8 ; 2.2683204812400494E11 ; 124063.10999999644
1360 ; 309189.6761319283 ; 1.263078508515772E8 ; 3.1921077989175546E8 ; 2.2695865818760446E11 ; 124154.39999999643
1361 ; 308662.79096522974 ; 1.2600631536271177E8 ; 3.1951996956788737E8 ; 2.2708496603845602E11 ; 124245.68999999642
1362 ; 308605.43391934864 ; 1.2570545677385846E8 ; 3.198286323588526E8 ; 2.2721097235381873E11 ; 124336.97999999642
1363 ; 309035.24934584706 ; 1.2540527475866492E8 ; 3.20137237792772E8 ; 2.273366778105926E11 ; 124428.26999999641
1364 ; 309055.9313002562 ; 1.25105769024491E8 ; 3.2044627304211783E8 ; 2.2746208308535126E11 ; 124519.5599999964
1365 ; 308981.09040383494 ; 1.2480693931344743E8 ; 3.207553289734181E8 ; 2.2758718885437576E11 ; 124610.8499999964
1366 ; 308896.8523775754 ; 1.2450878540347132E8 ; 3.21064310063822E8 ; 2.277119957936892E11 ; 124702.13999999639
1367 ; 308588.6508275968 ; 1.2421130710943985E8 ; 3.2137320691619956E8 ; 2.2783650457909268E11 ; 124793.42999999638
1368 ; 308629.58073911 ; 1.2391450428432262E8 ; 3.2168179556702715E8 ; 2.2796071588620212E11 ; 124884.71999999638
1369 ; 308359.5489203138 ; 1.2361837682037377E8 ; 3.2199042514776623E8 ; 2.2808463039048645E11 ; 124976.00999999637
1370 ; 308486.30759391765 ; 1.233229246503643E8 ; 3.2229878469668657E8 ; 2.2820824876730682E11 ; 125067.29999999636
1371 ; 308931.41839550814 ; 1.2302814774885626E8 ; 3.226072710042805E8 ; 2.2833157169195718E11 ; 125158.58999999636
1372 ; 308151.00183692476 ; 1.2273404613351835E8 ; 3.22916202422676E8 ; 2.2845459983970605E11 ; 125249.87999999635
1373 ; 308295.575642667 ; 1.224406198664843E8 ; 3.232243534245129E8 ; 2.2857733388583957E11 ; 125341.16999999635
1374 ; 308295.11376947945 ; 1.2214786905575435E8 ; 3.2353264900015557E8 ; 2.2869977450570605E11 ; 125432.45999999634
1375 ; 308865.42431468586 ; 1.2185579385664013E8 ; 3.2384094411392504E8 ; 2.288219223747618E11 ; 125523.74999999633
1376 ; 308779.83055406966 ; 1.2156439447325307E8 ; 3.241498095382397E8 ; 2.2894377816861844E11 ; 125615.03999999633
1377 ; 308264.3546689934 ; 1.2127367116003683E8 ; 3.244585893687938E8 ; 2.290653425630917E11 ; 125706.32999999632
1378 ; 308600.4745711858 ; 1.2098362422334315E8 ; 3.2476685372346276E8 ; 2.2918661623425174E11 ; 125797.61999999631
1379 ; 309430.29091589974 ; 1.2069425402305113E8 ; 3.250754541980339E8 ; 2.293075998584751E11 ; 125888.90999999631
1380 ; 309350.5825290875 ; 1.2040556097422922E8 ; 3.2538488448894984E8 ; 2.2942829411249814E11 ; 125980.1999999963
1381 ; 309547.3712318029 ; 1.2011754554883914E8 ; 3.256942350714789E8 ; 2.2954869967347238E11 ; 126071.4899999963
1382 ; 309821.68589698884 ; 1.1983020827748065E8 ; 3.260037824427107E8 ; 2.296688172190212E11 ; 126162.77999999629
1383 ; 309240.1103937082 ; 1.1954354975117554E8 ; 3.263136041286077E8 ; 2.2978864742729868E11 ; 126254.06999999628
1384 ; 309755.60686326557 ; 1.1925757062318902E8 ; 3.266228442390014E8 ; 2.2990819097704987E11 ; 126345.35999999628
1385 ; 309720.54896914266 ; 1.1897227161088625E8 ; 3.2693259984586465E8 ; 2.3002744854767307E11 ; 126436.64999999627
1386 ; 309870.3675137288 ; 1.1868765349762113E8 ; 3.272423203948338E8 ; 2.3014642081928397E11 ; 126527.93999999626
1387 ; 309101.6888903666 ; 1.1840371713465406E8 ; 3.275521907623475E8 ; 2.302651084727816E11 ; 126619.22999999626
1388 ; 309281.0103640823 ; 1.1812046344309476E8 ; 3.2786129245123786E8 ; 2.3038351218991623E11 ; 126710.51999999625
1389 ; 309169.3517398165 ; 1.1783789341586536E8 ; 3.281705734616019E8 ; 2.305016326533593E11 ; 126801.80999999624
1390 ; 308667.9338798814 ; 1.1755600811967884E8 ; 3.2847974281334174E8 ; 2.3061947054677518E11 ; 126893.09999999624
1391 ; 309572.13222454867 ; 1.1727480869702622E8 ; 3.287884107472216E8 ; 2.3073702655489487E11 ; 126984.38999999623
1392 ; 309546.11553471605 ; 1.1699429636816598E8 ; 3.2909798287944615E8 ; 2.308543013635919E11 ; 127075.67999999622
1393 ; 309014.9818540972 ; 1.1671447243310727E8 ; 3.294075289949809E8 ; 2.3097129565996005E11 ; 127166.96999999622
1394 ; 309255.94493446365 ; 1.1643533827357854E8 ; 3.2971654397683495E8 ; 2.3108801013239316E11 ; 127258.25999999621
1395 ; 309658.4011928937 ; 1.1615689535497089E8 ; 3.3002579992176944E8 ; 2.3120444547066675E11 ; 127349.5499999962
1396 ; 309454.27393204044 ; 1.1587914522824539E8 ; 3.3033545832296234E8 ; 2.3132060236602173E11 ; 127440.8399999962
1397 ; 308807.15534413466 ; 1.1560208953179123E8 ; 3.306449125968944E8 ; 2.3143648151124997E11 ; 127532.12999999619
1398 ; 309285.49729058205 ; 1.1532572999322124E8 ; 3.309537197522385E8 ; 2.3155208360078177E11 ; 127623.41999999619
1399 ; 308820.31775089004 ; 1.1505006843108882E8 ; 3.312630052495291E8 ; 2.31667409330775E11 ; 127714.70999999618
1400 ; 308976.91934874834 ; 1.1477510675650968E8 ; 3.3157182556728E8 ; 2.317824593992061E11 ; 127805.99999999617
1401 ; 308901.8139888015 ; 1.1450084697466907E8 ; 3.318808024866288E8 ; 2.318972345059626E11 ; 127897.28999999617
1402 ; 308780.77464972873 ; 1.1422729118619469E8 ; 3.321897043006176E8 ; 2.3201173535293726E11 ; 127988.57999999616
1403 ; 309270.7664792438 ; 1.1395444158837247E8 ; 3.324984850752673E8 ; 2.3212596264412344E11 ; 128079.86999999615
1404 ; 309319.9528546315 ; 1.1368230047618115E8 ; 3.3280775584174657E8 ; 2.3223991708571182E11 ; 128171.15999999615
1405 ; 309056.67663899565 ; 1.1341087024311952E8 ; 3.331170757946012E8 ; 2.3235359938618802E11 ; 128262.44999999614
1406 ; 308871.61766309885 ; 1.1314015338179836E8 ; 3.334261324712402E8 ; 2.3246701025643115E11 ; 128353.73999999613
1407 ; 309122.83750674286 ; 1.1287015248426645E8 ; 3.337350040889033E8 ; 2.3258015040981296E11 ; 128445.02999999613
1408 ; 309142.4266692547 ; 1.1260087024203907E8 ; 3.340441269264101E8 ; 2.326930205622972E11 ; 128536.31999999612
1409 ; 310085.6378768792 ; 1.1233230944579457E8 ; 3.343532693530793E8 ; 2.3280562143253925E11 ; 128627.60999999612
1410 ; 309063.80935502966 ; 1.1206447298470312E8 ; 3.346633549909562E8 ; 2.3291795374198505E11 ; 128718.89999999611
1411 ; 309284.9618348827 ; 1.1179736384535027E8 ; 3.349724188003112E8 ; 2.3303001821496976E11 ; 128810.1899999961
1412 ; 309028.12451957935 ; 1.1153098511021519E8 ; 3.352817037621461E8 ; 2.331418155788151E11 ; 128901.4799999961
1413 ; 309236.5629621088 ; 1.112653399556644E8 ; 3.355907318866657E8 ; 2.3325334656392532E11 ; 128992.76999999609
1414 ; 309613.8039509579 ; 1.1100043164941771E8 ; 3.358999684496278E8 ; 2.3336461190388098E11 ; 129084.05999999608
1415 ; 310153.45055663754 ; 1.1073626354744537E8 ; 3.362095822535788E8 ; 2.334756123355304E11 ; 129175.34999999608
1416 ; 309352.68456515507 ; 1.1047283909025267E8 ; 3.365197357041354E8 ; 2.3358634859907785E11 ; 129266.63999999607
1417 ; 309670.8486861403 ; 1.1021016179851034E8 ; 3.3682908838870054E8 ; 2.336968214381681E11 ; 129357.92999999606
1418 ; 309689.3321361095 ; 1.0994823526798877E8 ; 3.371387592373867E8 ; 2.338070315999666E11 ; 129449.21999999606
1419 ; 309057.6910079197 ; 1.0968706316375571E8 ; 3.374484485695228E8 ; 2.339169798352346E11 ; 129540.50999999605
1420 ; 308857.51417269796 ; 1.0942664921360002E8 ; 3.377575062605307E8 ; 2.3402666689839835E11 ; 129631.79999999604
1421 ; 309813.1754235934 ; 1.0916699720064643E8 ; 3.380663637747034E8 ; 2.3413609354761194E11 ; 129723.08999999604
1422 ; 309295.73761219665 ; 1.0890811095513032E8 ; 3.38376176950127E8 ; 2.342452605448126E11 ; 129814.37999999603
1423 ; 309310.0528193919 ; 1.086499943453074E8 ; 3.386854726877392E8 ; 2.3435416865576773E11 ; 129905.66999999603
1424 ; 308701.1766671075 ; 1.0839265126747803E8 ; 3.3899478274055856E8 ; 2.3446281865011304E11 ; 129996.95999999602
1425 ; 308752.9252946267 ; 1.0813608563511445E8 ; 3.3930348391722566E8 ; 2.3457121130138052E11 ; 130088.24999999601
1426 ; 308963.7452753466 ; 1.0788030136708614E8 ; 3.396122368425203E8 ; 2.3467934738701562E11 ; 130179.539999996
1427 ; 308828.2459462362 ; 1.0762530237498999E8 ; 3.399212005877956E8 ; 2.3478722768838272E11 ; 130270.829999996
1428 ; 308795.86233965104 ; 1.073710925496003E8 ; 3.4023002883374184E8 ; 2.3489485299075772E11 ; 130362.119999996
1429 ; 308047.47665337316 ; 1.0711767574646774E8 ; 3.405388246960815E8 ; 2.350022240833073E11 ; 130453.40999999599
1430 ; 308409.05690670596 ; 1.0686505577070722E8 ; 3.408468721727349E8 ; 2.3510934175905377E11 ; 130544.69999999598
1431 ; 308434.8642874124 ; 1.0661323636102957E8 ; 3.411552812296416E8 ; 2.352162068148245E11 ; 130635.98999999597
1432 ; 308468.1780894049 ; 1.063622211730855E8 ; 3.4146371609392905E8 ; 2.3532282005118552E11 ; 130727.27999999597
1433 ; 307905.9463955523 ; 1.0611201376220536E8 ; 3.4177218427201843E8 ; 2.354291822723586E11 ; 130818.56999999596
1434 ; 308066.03171201306 ; 1.0586261756563301E8 ; 3.42080090218414E8 ; 2.3553529428612082E11 ; 130909.85999999596
1435 ; 308085.8426514 ; 1.0561403588436681E8 ; 3.42388156250126E8 ; 2.3564115690368646E11 ; 131001.14999999595
1436 ; 307036.12814293796 ; 1.0536627186473559E8 ; 3.4269624209277743E8 ; 2.3574677093957083E11 ; 131092.43999999596
1437 ; 307634.1734123773 ; 1.0511932847985037E8 ; 3.430032782209204E8 ; 2.3585213721143558E11 ; 131183.72999999597
1438 ; 307407.1293288181 ; 1.0487320851108497E8 ; 3.4331091239433277E8 ; 2.3595725653991544E11 ; 131275.01999999597
1439 ; 307324.1349331597 ; 1.0462791452974984E8 ; 3.436183195236616E8 ; 2.360621297484265E11 ; 131366.30999999598
