CSV File for the Network on Day 256
1 - Minute m 
2 - Power Consumed at minute m 
3 - Power Produced at minute m 
4 - Energy Consumed since the beginning of the day 
5 - Energy Produced since the beginning of the day 
6 - Energy Lost since the beginning of the day 
 
0 ; 1.082298553321503E7 ; 6.340277936393715E8 ; 0.0 ; 0.0 ; 0.0
1 ; 1.0863816722565437E7 ; 6.349373657165077E8 ; 1.082298553321503E7 ; 6.340277936393715E8 ; 0.0
2 ; 1.0901899665726127E7 ; 6.377004328826832E8 ; 2.1686802255780466E7 ; 1.2689651593558793E9 ; 0.0
3 ; 1.0938567341863401E7 ; 6.423170203135371E8 ; 3.258870192150659E7 ; 1.9066655922385626E9 ; 0.0
4 ; 1.0986053090436012E7 ; 6.487871507370136E8 ; 4.352726926336999E7 ; 2.5489826125520997E9 ; 0.0
5 ; 1.1057121352386188E7 ; 6.571108442525904E8 ; 5.4513322353806004E7 ; 3.197769763289113E9 ; 0.0
6 ; 1.1141077543551754E7 ; 6.672881181668702E8 ; 6.5570443706192195E7 ; 3.854880607541703E9 ; 0.0
7 ; 1.126566486629447E7 ; 6.793189868485769E8 ; 7.671152124974395E7 ; 4.522168725708573E9 ; 0.0
8 ; 1.1450700584983323E7 ; 6.932034616057312E8 ; 8.797718611603843E7 ; 5.20148771255715E9 ; 0.0
9 ; 1.1727447936558917E7 ; 7.089415505874317E8 ; 9.942788670102175E7 ; 5.894691174162881E9 ; 0.0
10 ; 1.2160940832246589E7 ; 7.265332587122145E8 ; 1.1115533463758066E8 ; 6.603632724750313E9 ; 0.0
11 ; 1.2840636441237269E7 ; 7.459785876244689E8 ; 1.2331627546982725E8 ; 7.330165983462527E9 ; 0.0
12 ; 1.3942180782909306E7 ; 7.672775356798055E8 ; 1.361569119110645E8 ; 8.076144571086996E9 ; 0.0
13 ; 1.4995635330239283E7 ; 7.90430097959688E8 ; 1.500990926939738E8 ; 8.843422106766802E9 ; 0.0
14 ; 1.5127952774934012E7 ; 8.154362663150184E8 ; 1.650947280242131E8 ; 9.63385220472649E9 ; 0.0
15 ; 1.5171830606041305E7 ; 8.422960294377754E8 ; 1.8022268079914713E8 ; 1.0449288471041508E10 ; 0.0
16 ; 1.5200407716119193E7 ; 8.710093729592358E8 ; 1.9539451140518844E8 ; 1.1291584500479282E10 ; 0.0
17 ; 1.525649838219035E7 ; 9.015762795727965E8 ; 2.1059491912130764E8 ; 1.2162593873438519E10 ; 0.0
18 ; 1.5308926103896454E7 ; 9.339967291789794E8 ; 2.25851417503498E8 ; 1.3064170153011314E10 ; 0.0
19 ; 1.5349031030910369E7 ; 9.682706990498412E8 ; 2.4116034360739446E8 ; 1.3998166882190294E10 ; 0.0
20 ; 1.5403898463066489E7 ; 1.0043981640097417E9 ; 2.5650937463830483E8 ; 1.4966437581240135E10 ; 0.0
21 ; 1.5448125630549675E7 ; 1.0423790966292735E9 ; 2.719132731013713E8 ; 1.5970835745249876E10 ; 0.0
22 ; 1.5499864217815451E7 ; 1.0822134674290645E9 ; 2.8736139873192096E8 ; 1.701321484187915E10 ; 0.0
23 ; 1.5543400386113612E7 ; 1.123901245090206E9 ; 3.028612629497364E8 ; 1.8095428309308216E10 ; 0.0
24 ; 1.5587488595192458E7 ; 1.1674423966681447E9 ; 3.1840466333585E8 ; 1.9219329554398422E10 ; 0.0
25 ; 1.563101987010621E7 ; 1.2049651331961784E9 ; 3.3399215193104243E8 ; 2.0386771951066566E10 ; 0.0
26 ; 1.5674727184228558E7 ; 1.204990706118969E9 ; 3.4962317180114865E8 ; 2.1591737084262745E10 ; 0.0
27 ; 1.572591765044631E7 ; 1.2050176946494064E9 ; 3.652978989853772E8 ; 2.2796727790381714E10 ; 0.0
28 ; 1.5769091129915506E7 ; 1.2050460614498277E9 ; 3.810238166358235E8 ; 2.400174548503112E10 ; 0.0
29 ; 1.5822387490147522E7 ; 1.2050757685834122E9 ; 3.9679290776573896E8 ; 2.520679154648095E10 ; 0.0
30 ; 1.5861313487158444E7 ; 1.20510677769595E9 ; 4.126152952558865E8 ; 2.641186731506436E10 ; 0.0
31 ; 1.5904967091817155E7 ; 1.2051390501863108E9 ; 4.284766087430449E8 ; 2.761697409276031E10 ; 0.0
32 ; 1.5950610669998024E7 ; 1.2051725473647656E9 ; 4.4438157583486205E8 ; 2.882211314294662E10 ; 0.0
33 ; 1.5991236716154644E7 ; 1.205207230598626E9 ; 4.603321865048601E8 ; 3.0027285690311386E10 ; 0.0
34 ; 1.6027393762454493E7 ; 1.2052430614449067E9 ; 4.7632342322101474E8 ; 3.123249292091001E10 ; 0.0
35 ; 1.6068551565602519E7 ; 1.2052800017699785E9 ; 4.9235081698346925E8 ; 3.243773598235492E10 ; 0.0
36 ; 1.6106803530332953E7 ; 1.2053180138563628E9 ; 5.084193685490718E8 ; 3.3643015984124897E10 ; 0.0
37 ; 1.6148065742498562E7 ; 1.2053570604969969E9 ; 5.245261720794047E8 ; 3.484833399798126E10 ; 0.0
38 ; 1.6173566905430296E7 ; 1.2053971050774405E9 ; 5.406742378219032E8 ; 3.605369105847826E10 ; 0.0
39 ; 1.6209327068888264E7 ; 1.2054381116466014E9 ; 5.568478047273335E8 ; 3.7259088163555695E10 ; 0.0
40 ; 1.6251252398849417E7 ; 1.2054800449766355E9 ; 5.730571317962219E8 ; 3.846452627520229E10 ; 0.0
41 ; 1.6275867789531775E7 ; 1.205522870612743E9 ; 5.893083841950712E8 ; 3.967000632017893E10 ; 0.0
42 ; 1.6310057005264826E7 ; 1.2055665549136071E9 ; 6.05584251984603E8 ; 4.087552919079167E10 ; 0.0
43 ; 1.6339935950500399E7 ; 1.2056110650832486E9 ; 6.218943089898679E8 ; 4.208109574570528E10 ; 0.0
44 ; 1.6363410642094327E7 ; 1.2056563691950555E9 ; 6.382342449403683E8 ; 4.328670681078853E10 ; 0.0
45 ; 1.6378879313096043E7 ; 1.2057024362087522E9 ; 6.545976555824627E8 ; 4.449236317998358E10 ; 0.0
46 ; 1.6402550774606237E7 ; 1.2057492359810321E9 ; 6.709765348955587E8 ; 4.569806561619234E10 ; 0.0
47 ; 1.6424300349460926E7 ; 1.2057967392705603E9 ; 6.87379085670165E8 ; 4.690381485217337E10 ; 0.0
48 ; 1.64382516045606E7 ; 1.2058449177380037E9 ; 7.038033860196259E8 ; 4.810961159144393E10 ; 0.0
49 ; 1.6454043026334463E7 ; 1.20589374394172E9 ; 7.202416376241865E8 ; 4.931545650918194E10 ; 0.0
50 ; 1.647265686213022E7 ; 1.2059431913296714E9 ; 7.366956806505209E8 ; 5.052135025312366E10 ; 0.0
51 ; 1.6481026482460897E7 ; 1.2059932342281134E9 ; 7.531683375126511E8 ; 5.172729344445333E10 ; 0.0
52 ; 1.649717736012121E7 ; 1.2060438478275325E9 ; 7.69649363995112E8 ; 5.293328667868144E10 ; 0.0
53 ; 1.6510161698646728E7 ; 1.2060950081662884E9 ; 7.861465413552332E8 ; 5.413933052650897E10 ; 0.0
54 ; 1.6521615200781487E7 ; 1.2061466921123586E9 ; 8.0265670305388E8 ; 5.534542553467526E10 ; 0.0
55 ; 1.6528406355428062E7 ; 1.206198877343547E9 ; 8.191783182546614E8 ; 5.655157222678762E10 ; 0.0
56 ; 1.6541692182028502E7 ; 1.2062515423264804E9 ; 8.357067246100895E8 ; 5.7757771104131165E10 ; 0.0
57 ; 1.6554897190522874E7 ; 1.2063046662946765E9 ; 8.522484167921181E8 ; 5.896402264645764E10 ; 0.0
58 ; 1.6565156428461917E7 ; 1.2063582292259402E9 ; 8.68803313982641E8 ; 6.017032731275232E10 ; 0.0
59 ; 1.6579135370856982E7 ; 1.2064122118193054E9 ; 8.853684704111029E8 ; 6.137668554197826E10 ; 0.0
60 ; 1.6584461791203393E7 ; 1.206466595471715E9 ; 9.019476057819599E8 ; 6.258309775379756E10 ; 0.0
61 ; 1.6598001148762558E7 ; 1.2065213622546117E9 ; 9.185320675731633E8 ; 6.378956434926928E10 ; 0.0
62 ; 1.660963310312393E7 ; 1.2065764948905745E9 ; 9.351300687219259E8 ; 6.499608571152389E10 ; 0.0
63 ; 1.661453000942723E7 ; 1.2066319767301292E9 ; 9.517397018250498E8 ; 6.620266220641446E10 ; 0.0
64 ; 1.6617000073416777E7 ; 1.2066877917288327E9 ; 9.68354231834477E8 ; 6.740929418314459E10 ; 0.0
65 ; 1.6630430634596705E7 ; 1.2067439244247203E9 ; 9.849712319078938E8 ; 6.861598197487343E10 ; 0.0
66 ; 1.6643666178614497E7 ; 1.2068003599161813E9 ; 1.0016016625424905E9 ; 6.982272589929814E10 ; 0.0
67 ; 1.6645388523457903E7 ; 1.2068570838403282E9 ; 1.018245328721105E9 ; 7.102952625921432E10 ; 0.0
68 ; 1.6658911266176138E7 ; 1.2069140823518994E9 ; 1.0348907172445629E9 ; 7.223638334305466E10 ; 0.0
69 ; 1.66611737626175E7 ; 1.2069713421027336E9 ; 1.051549628510739E9 ; 7.344329742540656E10 ; 0.0
70 ; 1.6668318823303306E7 ; 1.2070288502218432E9 ; 1.0682108022733564E9 ; 7.46502687675093E10 ; 0.0
71 ; 1.667018891690034E7 ; 1.2070865942961056E9 ; 1.0848791210966597E9 ; 7.585729761773114E10 ; 0.0
72 ; 1.6680441377828453E7 ; 1.2071445623515835E9 ; 1.10154931001356E9 ; 7.706438421202725E10 ; 0.0
73 ; 1.6692086537322167E7 ; 1.2072027428354826E9 ; 1.1182297513913884E9 ; 7.827152877437883E10 ; 0.0
74 ; 1.669070747683961E7 ; 1.2072611245987477E9 ; 1.1349218379287107E9 ; 7.947873151721431E10 ; 0.0
75 ; 1.6701545623253893E7 ; 1.207319696879295E9 ; 1.1516125454055502E9 ; 8.068599264181306E10 ; 0.0
76 ; 1.6698639556536684E7 ; 1.2073784492858772E9 ; 1.168314091028804E9 ; 8.189331233869235E10 ; 0.0
77 ; 1.6705567273092996E7 ; 1.2074373717825663E9 ; 1.1850127305853407E9 ; 8.310069078797823E10 ; 0.0
78 ; 1.670075061415077E7 ; 1.2074964546738513E9 ; 1.2017182978584337E9 ; 8.430812815976079E10 ; 0.0
79 ; 1.6688791728799798E7 ; 1.207555688590333E9 ; 1.2184190484725845E9 ; 8.551562461443465E10 ; 0.0
80 ; 1.6680761417784393E7 ; 1.2076150644750032E9 ; 1.2351078402013843E9 ; 8.672318030302498E10 ; 0.0
81 ; 1.6676554208431795E7 ; 1.2076745735700884E9 ; 1.2517886016191688E9 ; 8.793079536749998E10 ; 0.0
82 ; 1.6659147773979705E7 ; 1.2077342074044511E9 ; 1.2684651558276005E9 ; 8.913846994107007E10 ; 0.0
83 ; 1.6654769746683173E7 ; 1.2077939577815206E9 ; 1.2851243036015801E9 ; 9.034620414847452E10 ; 0.0
84 ; 1.6639511697455734E7 ; 1.2078538167677426E9 ; 1.3017790733482633E9 ; 9.155399810625604E10 ; 0.0
85 ; 1.6631782610911783E7 ; 1.2079137766815276E9 ; 1.318418585045719E9 ; 9.276185192302379E10 ; 0.0
86 ; 1.6625803556360498E7 ; 1.2079738300826797E9 ; 1.3350503676566308E9 ; 9.396976569970532E10 ; 0.0
87 ; 1.6606705680546505E7 ; 1.2080339697622888E9 ; 1.3516761712129912E9 ; 9.5177739529788E10 ; 0.0
88 ; 1.659974203541943E7 ; 1.208094188733068E9 ; 1.3682828768935378E9 ; 9.638577349955028E10 ; 0.0
89 ; 1.658247193516448E7 ; 1.208154480220118E9 ; 1.3848826189289572E9 ; 9.759386768828334E10 ; 0.0
90 ; 1.6564700499649394E7 ; 1.2082148376521015E9 ; 1.4014650908641217E9 ; 9.880202216850346E10 ; 0.0
91 ; 1.6561017397147318E7 ; 1.2082752546528125E9 ; 1.418029791363771E9 ; 1.0001023700615556E11 ; 0.0
92 ; 1.6545588178681146E7 ; 1.2083357250331202E9 ; 1.4345908087609184E9 ; 1.0121851226080838E11 ; 0.0
93 ; 1.6535006407586105E7 ; 1.2083962427832751E9 ; 1.4511363969395995E9 ; 1.024268479858415E11 ; 0.0
94 ; 1.6520366024996351E7 ; 1.2084568020655608E9 ; 1.4676714033471856E9 ; 1.0363524422862479E11 ; 0.0
95 ; 1.6504873181071222E7 ; 1.2085173972072732E9 ; 1.484191769372182E9 ; 1.0484370103069035E11 ; 0.0
96 ; 1.649619744881436E7 ; 1.2085780226940174E9 ; 1.5006966425532532E9 ; 1.0605221842789763E11 ; 0.0
97 ; 1.6479963798528971E7 ; 1.2086386731633053E9 ; 1.5171928400020676E9 ; 1.0726079645059164E11 ; 0.0
98 ; 1.6466619966293074E7 ; 1.2086993433984418E9 ; 1.5336728038005965E9 ; 1.0846943512375494E11 ; 0.0
99 ; 1.6453994755741093E7 ; 1.2087600283226826E9 ; 1.5501394237668896E9 ; 1.0967813446715338E11 ; 0.0
100 ; 1.6438342935165918E7 ; 1.2088207229936593E9 ; 1.5665934185226307E9 ; 1.1088689449547606E11 ; 0.0
101 ; 1.6416454081986714E7 ; 1.2088814225980496E9 ; 1.5830317614577966E9 ; 1.1209571521846971E11 ; 0.0
102 ; 1.6402346601585072E7 ; 1.2089421224464898E9 ; 1.5994482155397832E9 ; 1.1330459664106776E11 ; 0.0
103 ; 1.6392649031884884E7 ; 1.209002817968712E9 ; 1.6158505621413684E9 ; 1.1451353876351425E11 ; 0.0
104 ; 1.6373839550164063E7 ; 1.209063504708903E9 ; 1.6322432111732533E9 ; 1.1572254158148297E11 ; 0.0
105 ; 1.6353903191749502E7 ; 1.2091241783212633E9 ; 1.6486170507234173E9 ; 1.1693160508619188E11 ; 0.0
106 ; 1.6336054992483627E7 ; 1.20918483456577E9 ; 1.6649709539151669E9 ; 1.1814072926451314E11 ; 0.0
107 ; 1.6317118237097189E7 ; 1.2092454693041236E9 ; 1.6813070089076505E9 ; 1.193499140990789E11 ; 0.0
108 ; 1.6300969115065373E7 ; 1.209306078495877E9 ; 1.6976241271447477E9 ; 1.2055915956838303E11 ; 0.0
109 ; 1.6290104868456142E7 ; 1.2093666581947327E9 ; 1.713925096259813E9 ; 1.217684656468789E11 ; 0.0
110 ; 1.6267362671857687E7 ; 1.209427204545006E9 ; 1.7302152011282692E9 ; 1.2297783230507364E11 ; 0.0
111 ; 1.6245439896143083E7 ; 1.20948771377824E9 ; 1.7464825638001268E9 ; 1.2418725950961865E11 ; 0.0
112 ; 1.6222914154160127E7 ; 1.2095481822099717E9 ; 1.76272800369627E9 ; 1.253967472233969E11 ; 0.0
113 ; 1.620980892955079E7 ; 1.2096086062366385E9 ; 1.77895091785043E9 ; 1.2660629540560687E11 ; 0.0
114 ; 1.6184098018334087E7 ; 1.2096689823326178E9 ; 1.795160726779981E9 ; 1.278159040118435E11 ; 0.0
115 ; 1.617559250950009E7 ; 1.2097293070473971E9 ; 1.811344824798315E9 ; 1.2902557299417612E11 ; 0.0
116 ; 1.6142418666274924E7 ; 1.2097895770028644E9 ; 1.827520417307815E9 ; 1.3023530230122351E11 ; 0.0
117 ; 1.6121837213929512E7 ; 1.2098497888907166E9 ; 1.84366283597409E9 ; 1.3144509187822638E11 ; 0.0
118 ; 1.6108158021812648E7 ; 1.2099099394699783E9 ; 1.8597846731880195E9 ; 1.326549416671171E11 ; 0.0
119 ; 1.6089675713387102E7 ; 1.2099700255646281E9 ; 1.8758928312098322E9 ; 1.3386485160658707E11 ; 0.0
120 ; 1.6066049772350501E7 ; 1.2100300440613217E9 ; 1.8919825069232192E9 ; 1.3507482163215169E11 ; 0.0
121 ; 1.6041765913283976E7 ; 1.2100899919072192E9 ; 1.9080485566955698E9 ; 1.3628485167621301E11 ; 0.0
122 ; 1.6017395561836895E7 ; 1.2101498661078959E9 ; 1.9240903226088538E9 ; 1.3749494166812024E11 ; 0.0
123 ; 1.5989075211550467E7 ; 1.210209663725347E9 ; 1.9401077181706908E9 ; 1.3870509153422815E11 ; 0.0
124 ; 1.5975652855923861E7 ; 1.210269381876074E9 ; 1.9560967933822412E9 ; 1.399153011979535E11 ; 0.0
125 ; 1.595359304104064E7 ; 1.2103290177292495E9 ; 1.9720724462381651E9 ; 1.4112557057982956E11 ; 0.0
126 ; 1.5921552812455345E7 ; 1.2103885685049613E9 ; 1.9880260392792058E9 ; 1.423358995975588E11 ; 0.0
127 ; 1.5898644828673806E7 ; 1.210448031472527E9 ; 2.0039475920916612E9 ; 1.4354628816606378E11 ; 0.0
128 ; 1.5876679568366483E7 ; 1.2105074039488795E9 ; 2.019846236920335E9 ; 1.4475673619753632E11 ; 0.0
129 ; 1.5850124385966454E7 ; 1.2105666832970188E9 ; 2.0357229164887016E9 ; 1.459672436014852E11 ; 0.0
130 ; 1.5818438505100504E7 ; 1.2106258669245253E9 ; 2.0515730408746681E9 ; 1.4717781028478223E11 ; 0.0
131 ; 1.5786152380522102E7 ; 1.210684952282137E9 ; 2.0673914793797686E9 ; 1.4838843615170676E11 ; 0.0
132 ; 1.5751478768715266E7 ; 1.210743936862381E9 ; 2.0831776317602906E9 ; 1.495991211039889E11 ; 0.0
133 ; 1.5712041449578267E7 ; 1.210802818198264E9 ; 2.098929110529006E9 ; 1.5080986504085126E11 ; 0.0
134 ; 1.566691596104151E7 ; 1.2108615938620124E9 ; 2.1146411519785843E9 ; 1.5202066785904953E11 ; 0.0
135 ; 1.5624005813996416E7 ; 1.2109202614638648E9 ; 2.1303080679396257E9 ; 1.5323152945291153E11 ; 0.0
136 ; 1.5588667926252268E7 ; 1.2109788186509113E9 ; 2.145932073753622E9 ; 1.544424497143754E11 ; 0.0
137 ; 1.5548649168871732E7 ; 1.2110372631059813E9 ; 2.1615207416798744E9 ; 1.556534285330263E11 ; 0.0
138 ; 1.550470905852785E7 ; 1.2110955925465727E9 ; 2.1770693908487463E9 ; 1.568644657961323E11 ; 0.0
139 ; 1.546699439552769E7 ; 1.2111538047238262E9 ; 2.1925740999072742E9 ; 1.5807556138867886E11 ; 0.0
140 ; 1.542857803886818E7 ; 1.2112118974215362E9 ; 2.208041094302802E9 ; 1.5928671519340268E11 ; 0.0
141 ; 1.538557406860067E7 ; 1.2112698684552042E9 ; 2.22346967234167E9 ; 1.6049792709082422E11 ; 0.0
142 ; 1.534160959560324E7 ; 1.2113277156711276E9 ; 2.2388552464102707E9 ; 1.6170919695927942E11 ; 0.0
143 ; 1.5306692609477673E7 ; 1.2113854369455228E9 ; 2.254196856005874E9 ; 1.6292052467495056E11 ; 0.0
144 ; 1.5262574716077551E7 ; 1.2114430301836848E9 ; 2.2695035486153517E9 ; 1.641319101118961E11 ; 0.0
145 ; 1.5232013189838452E7 ; 1.2115004933191752E9 ; 2.284766123331429E9 ; 1.6534335314207977E11 ; 0.0
146 ; 1.521365487963228E7 ; 1.211557824313047E9 ; 2.2999981365212674E9 ; 1.6655485363539896E11 ; 0.0
147 ; 1.5189453020548299E7 ; 1.211615021153093E9 ; 2.3152117914009E9 ; 1.67766411459712E11 ; 0.0
148 ; 1.5164060447975287E7 ; 1.2116720818531275E9 ; 2.330401244421448E9 ; 1.689780264808651E11 ; 0.0
149 ; 1.5130856672225881E7 ; 1.2117290044522922E9 ; 2.3455653048694234E9 ; 1.7018969856271823E11 ; 0.0
150 ; 1.5107499118644144E7 ; 1.2117857870143912E9 ; 2.3606961615416493E9 ; 1.7140142756717053E11 ; 0.0
151 ; 1.5088401373938162E7 ; 1.2118424276272469E9 ; 2.3758036606602936E9 ; 1.7261321335418494E11 ; 0.0
152 ; 1.5062128442447647E7 ; 1.2118989244020853E9 ; 2.3908920620342317E9 ; 1.738250557818122E11 ; 0.0
153 ; 1.502997830618523E7 ; 1.211955275472939E9 ; 2.4059541904766793E9 ; 1.750369547062143E11 ; 0.0
154 ; 1.50015250361246E7 ; 1.212011478996077E9 ; 2.4209841687828646E9 ; 1.7624890998168723E11 ; 0.0
155 ; 1.4973425788603796E7 ; 1.2120675331494522E9 ; 2.4359856938189893E9 ; 1.774609214606833E11 ; 0.0
156 ; 1.4950686052380659E7 ; 1.2121234361321712E9 ; 2.450959119607593E9 ; 1.7867298899383273E11 ; 0.0
157 ; 1.4927068018927872E7 ; 1.2121791861639824E9 ; 2.4659098056599736E9 ; 1.798851124299649E11 ; 0.0
158 ; 1.4897605004986346E7 ; 1.2122347814847848E9 ; 2.4808368736789017E9 ; 1.8109729161612888E11 ; 0.0
159 ; 1.4881723211025055E7 ; 1.2122902203541527E9 ; 2.495734478683888E9 ; 1.8230952639761365E11 ; 0.0
160 ; 1.4848054348757617E7 ; 1.2123455010508785E9 ; 2.510616201894913E9 ; 1.835218166179678E11 ; 0.0
161 ; 1.4818986036866825E7 ; 1.2124006218725317E9 ; 2.525464256243671E9 ; 1.8473416211901868E11 ; 0.0
162 ; 1.4795390043083692E7 ; 1.2124555811350348E9 ; 2.5402832422805376E9 ; 1.859465627408912E11 ; 0.0
163 ; 1.4773804653032009E7 ; 1.2125103771722548E9 ; 2.5550786323236213E9 ; 1.8715901832202625E11 ; 0.0
164 ; 1.4738662535718672E7 ; 1.2125650083356063E9 ; 2.569852436976653E9 ; 1.883715286991985E11 ; 0.0
165 ; 1.4710096450757269E7 ; 1.2126194729936726E9 ; 2.5845910995123715E9 ; 1.895840937075341E11 ; 0.0
166 ; 1.4684591782725126E7 ; 1.2126737695318384E9 ; 2.599301195963129E9 ; 1.9079671318052777E11 ; 0.0
167 ; 1.465836920644515E7 ; 1.2127278963519354E9 ; 2.6139857877458544E9 ; 1.920093869500596E11 ; 0.0
168 ; 1.4631545977491718E7 ; 1.212781851871901E9 ; 2.6286441569522996E9 ; 1.9322211484641153E11 ; 0.0
169 ; 1.4608796230292631E7 ; 1.2128356345254505E9 ; 2.6432757029297915E9 ; 1.9443489669828342E11 ; 0.0
170 ; 1.4579645261011716E7 ; 1.2128892427617562E9 ; 2.6578844991600842E9 ; 1.9564773233280887E11 ; 0.0
171 ; 1.4547714180890143E7 ; 1.2129426750451436E9 ; 2.672464144421096E9 ; 1.9686062157557062E11 ; 0.0
172 ; 1.4521262787349723E7 ; 1.2129959298547947E9 ; 2.687011858601986E9 ; 1.9807356425061575E11 ; 0.0
173 ; 1.45019524769159E7 ; 1.2130490056844623E9 ; 2.7015331213893356E9 ; 1.9928656018047055E11 ; 0.0
174 ; 1.447725843274216E7 ; 1.2131019010421944E9 ; 2.7160350738662515E9 ; 2.00499609186155E11 ; 0.0
175 ; 1.4465837737638192E7 ; 1.213154614450068E9 ; 2.7305123322989936E9 ; 2.017127110871972E11 ; 0.0
176 ; 1.4441837593567275E7 ; 1.2132071444439335E9 ; 2.7449781700366316E9 ; 2.0292586570164728E11 ; 0.0
177 ; 1.4413819853897085E7 ; 1.213259489573164E9 ; 2.759420007630199E9 ; 2.0413907284609122E11 ; 0.0
178 ; 1.4394433683845466E7 ; 1.2133116484004197E9 ; 2.773833827484096E9 ; 2.0535233233566437E11 ; 0.0
179 ; 1.4380433225764396E7 ; 1.2133636195014136E9 ; 2.7882282611679416E9 ; 2.065656439840648E11 ; 0.0
180 ; 1.435362060632032E7 ; 1.2134154014646893E9 ; 2.802608694393706E9 ; 2.077790076035662E11 ; 0.0
181 ; 1.4336290925358353E7 ; 1.213466992891405E9 ; 2.816962315000026E9 ; 2.0899242300503088E11 ; 0.0
182 ; 1.431528520052999E7 ; 1.2135183923951263E9 ; 2.8312986059253845E9 ; 2.102058899979223E11 ; 0.0
183 ; 1.4293326624073055E7 ; 1.213569598601624E9 ; 2.8456138911259146E9 ; 2.1141940839031744E11 ; 0.0
184 ; 1.4272911769242765E7 ; 1.2136206101486793E9 ; 2.8599072177499876E9 ; 2.1263297798891907E11 ; 0.0
185 ; 1.426101232341606E7 ; 1.2136714256858964E9 ; 2.8741801295192304E9 ; 2.1384659859906775E11 ; 0.0
186 ; 1.4228588031563653E7 ; 1.2137220438745217E9 ; 2.8884411418426466E9 ; 2.1506027002475363E11 ; 0.0
187 ; 1.42156068686897E7 ; 1.2137724633872676E9 ; 2.9026697298742104E9 ; 2.1627399206862814E11 ; 0.0
188 ; 1.4196557152631775E7 ; 1.213822682908143E9 ; 2.9168853367429E9 ; 2.174877645320154E11 ; 0.0
189 ; 1.417072209508558E7 ; 1.2138727011322904E9 ; 2.9310818938955317E9 ; 2.1870158721492355E11 ; 0.0
190 ; 1.4150845999528468E7 ; 1.2139225167658253E9 ; 2.9452526159906173E9 ; 2.1991545991605585E11 ; 0.0
191 ; 1.4125083703044947E7 ; 1.2139721285256863E9 ; 2.9594034619901457E9 ; 2.211293824328217E11 ; 0.0
192 ; 1.411172278440402E7 ; 1.2140215351394854E9 ; 2.9735285456931906E9 ; 2.2234335456134738E11 ; 0.0
193 ; 1.4088008684359241E7 ; 1.2140707353453639E9 ; 2.9876402684775944E9 ; 2.2355737609648688E11 ; 0.0
194 ; 1.4067940850547567E7 ; 1.2141197278918574E9 ; 3.0017282771619534E9 ; 2.2477144683183224E11 ; 0.0
195 ; 1.4044477458552346E7 ; 1.2141685115377588E9 ; 3.0157962180125012E9 ; 2.259855665597241E11 ; 0.0
196 ; 1.4027320835921152E7 ; 1.2142170850519905E9 ; 3.0298406954710536E9 ; 2.2719973507126184E11 ; 0.0
197 ; 1.4006680472387971E7 ; 1.2142654472134807E9 ; 3.043868016306975E9 ; 2.2841395215631384E11 ; 0.0
198 ; 1.3979725947220925E7 ; 1.21431359681104E9 ; 3.0578746967793627E9 ; 2.296282176035273E11 ; 0.0
199 ; 1.3963728565525869E7 ; 1.2143615326432457E9 ; 3.0718544227265835E9 ; 2.3084253120033835E11 ; 0.0
200 ; 1.3942541985902883E7 ; 1.1830593183408244E9 ; 3.0858181512921095E9 ; 2.320568927329816E11 ; 0.0
201 ; 1.3920136131019274E7 ; 1.0536274553750362E9 ; 3.0997606932780123E9 ; 2.3323995205132242E11 ; 0.0
202 ; 1.390204122947285E7 ; 9.325492727165469E8 ; 3.1136808294090314E9 ; 2.3429357950669745E11 ; 0.0
203 ; 1.388103824908419E7 ; 9.173487200662384E8 ; 3.127582870638504E9 ; 2.35226128779414E11 ; 0.0
204 ; 1.385992379856703E7 ; 9.153215209619628E8 ; 3.141463908887588E9 ; 2.3614347749948022E11 ; 0.0
205 ; 1.3836125327804074E7 ; 9.132988659125471E8 ; 3.155323832686155E9 ; 2.370587990204422E11 ; 0.0
206 ; 1.3815488908827366E7 ; 9.112807428354586E8 ; 3.169159958013959E9 ; 2.3797209788635474E11 ; 0.0
207 ; 1.3799056175006626E7 ; 9.092671396822721E8 ; 3.182975446922786E9 ; 2.388833786291902E11 ; 0.0
208 ; 1.377920597040759E7 ; 9.072580444385262E8 ; 3.1967745030977926E9 ; 2.3979264576887247E11 ; 0.0
209 ; 1.3760264167331522E7 ; 9.052534451235831E8 ; 3.2105537090682E9 ; 2.40699903813311E11 ; 0.0
210 ; 1.3737028158239402E7 ; 9.032533297904887E8 ; 3.224313973235532E9 ; 2.416051572584346E11 ; 0.0
211 ; 1.3718591688970659E7 ; 9.012576865258372E8 ; 3.238051001393771E9 ; 2.425084105882251E11 ; 0.0
212 ; 1.3697165380100071E7 ; 8.992665034496396E8 ; 3.2517695930827417E9 ; 2.4340966827475095E11 ; 0.0
213 ; 1.3678143161477124E7 ; 8.972797687151904E8 ; 3.265466758462842E9 ; 2.443089347782006E11 ; 0.0
214 ; 1.365801491672692E7 ; 8.952974705089428E8 ; 3.279144901624319E9 ; 2.4520621454691577E11 ; 0.0
215 ; 1.3635765730438687E7 ; 8.933195970503808E8 ; 3.292802916541046E9 ; 2.461015120174247E11 ; 0.0
216 ; 1.3614656020877047E7 ; 8.913461365918986E8 ; 3.306438682271485E9 ; 2.469948316144751E11 ; 0.0
217 ; 1.3593519491482439E7 ; 8.89377077418677E8 ; 3.3200533382923617E9 ; 2.47886177751067E11 ; 0.0
218 ; 1.3574194859724868E7 ; 8.874124078485676E8 ; 3.333646857783844E9 ; 2.4877555482848566E11 ; 0.0
219 ; 1.3554350507962875E7 ; 8.854521162319747E8 ; 3.347221052643569E9 ; 2.4966296723633423E11 ; 0.0
220 ; 1.353491509390166E7 ; 8.834961909517413E8 ; 3.3607754031515317E9 ; 2.505484193525662E11 ; 0.0
221 ; 1.3508695858312642E7 ; 8.81544620423038E8 ; 3.3743103182454333E9 ; 2.5143191554351794E11 ; 0.0
222 ; 1.349317956659396E7 ; 8.795973930932505E8 ; 3.387819014103746E9 ; 2.5231346016394098E11 ; 0.0
223 ; 1.3471083583673269E7 ; 8.776544974418737E8 ; 3.40131219367034E9 ; 2.5319305755703424E11 ; 0.0
224 ; 1.3453739816516154E7 ; 8.757159219804041E8 ; 3.4147832772540135E9 ; 2.540707120544761E11 ; 0.0
225 ; 1.3430886314695176E7 ; 8.737816552522342E8 ; 3.4282370170705295E9 ; 2.549464279764565E11 ; 0.0
226 ; 1.3408361968434023E7 ; 8.718516858325505E8 ; 3.441667903385225E9 ; 2.5582020963170874E11 ; 0.0
227 ; 1.3390776142064268E7 ; 8.699260023282332E8 ; 3.4550762653536587E9 ; 2.566920613175413E11 ; 0.0
228 ; 1.3365842821395189E7 ; 8.680045933777546E8 ; 3.468467041495723E9 ; 2.5756198731986954E11 ; 0.0
229 ; 1.3343243126035856E7 ; 8.660874476510816E8 ; 3.481832884317118E9 ; 2.5842999191324728E11 ; 0.0
230 ; 1.3330601267563682E7 ; 8.641745538495804E8 ; 3.495176127443154E9 ; 2.5929607936089838E11 ; 0.0
231 ; 1.3306228911090273E7 ; 8.622659007059202E8 ; 3.5085067287107177E9 ; 2.6016025391474796E11 ; 0.0
232 ; 1.328771242296853E7 ; 8.603614769839804E8 ; 3.521812957621808E9 ; 2.610225198154539E11 ; 0.0
233 ; 1.3264537935240954E7 ; 8.584612714787575E8 ; 3.5351006700447764E9 ; 2.6188288129243787E11 ; 0.0
234 ; 1.3242972699066876E7 ; 8.56565273016276E8 ; 3.548365207980017E9 ; 2.6274134256391663E11 ; 0.0
235 ; 1.322854144870455E7 ; 8.546734704534974E8 ; 3.561608180679084E9 ; 2.635979078369329E11 ; 0.0
236 ; 1.3206045475344688E7 ; 8.527858526782334E8 ; 3.5748367221277885E9 ; 2.6445258130738638E11 ; 0.0
237 ; 1.3181110283103894E7 ; 8.50902408609057E8 ; 3.588042767603133E9 ; 2.653053671600646E11 ; 0.0
238 ; 1.3161728733843975E7 ; 8.490231271952202E8 ; 3.601223877886237E9 ; 2.6615626956867368E11 ; 0.0
239 ; 1.313912933217656E7 ; 8.471479974165671E8 ; 3.614385606620081E9 ; 2.670052926958689E11 ; 0.0
240 ; 1.3120446069833094E7 ; 8.452770082834496E8 ; 3.6275247359522576E9 ; 2.6785244069328546E11 ; 0.0
241 ; 1.3123953721103923E7 ; 8.434101488366494E8 ; 3.640645182022091E9 ; 2.686977177015689E11 ; 0.0
242 ; 1.3113919865431294E7 ; 8.415474081472926E8 ; 3.653769135743195E9 ; 2.6954112785040555E11 ; 0.0
243 ; 1.3115210347072005E7 ; 8.396887753167723E8 ; 3.6668830556086264E9 ; 2.7038267525855283E11 ; 0.0
244 ; 1.310324561076169E7 ; 8.378342394766686E8 ; 3.6799982659556985E9 ; 2.712223640338696E11 ; 0.0
245 ; 1.3095440770058071E7 ; 8.359837897886707E8 ; 3.69310151156646E9 ; 2.7206019827334625E11 ; 0.0
246 ; 1.309664004131644E7 ; 8.341374154445013E8 ; 3.7061969523365183E9 ; 2.7289618206313492E11 ; 0.0
247 ; 1.309227882090713E7 ; 8.322951056658379E8 ; 3.719293592377835E9 ; 2.737303194785794E11 ; 0.0
248 ; 1.3085078146333504E7 ; 8.304568497042402E8 ; 3.732385871198742E9 ; 2.7456261458424524E11 ; 0.0
249 ; 1.3082328221072737E7 ; 8.28622636841075E8 ; 3.7454709493450756E9 ; 2.7539307143394946E11 ; 0.0
250 ; 1.3077894886418829E7 ; 8.267924563874425E8 ; 3.7585532775661483E9 ; 2.762216940707905E11 ; 0.0
251 ; 1.3071502065627981E7 ; 8.249662976841042E8 ; 3.771631172452567E9 ; 2.77048486527178E11 ; 0.0
252 ; 1.3062167337303938E7 ; 8.231441501014116E8 ; 3.784702674518195E9 ; 2.7787345282486206E11 ; 0.0
253 ; 1.3088938829215184E7 ; 8.213260030392349E8 ; 3.7977648418554993E9 ; 2.786965969749635E11 ; 0.0
254 ; 1.3105007921413826E7 ; 8.195118459268926E8 ; 3.8108537806847143E9 ; 2.7951792297800275E11 ; 0.0
255 ; 1.3118582934431985E7 ; 8.177016682230834E8 ; 3.823958788606128E9 ; 2.803374348239296E11 ; 0.0
256 ; 1.3137553911835093E7 ; 8.158954594158167E8 ; 3.8370773715405602E9 ; 2.811551364921527E11 ; 0.0
257 ; 1.3155204077293325E7 ; 8.14093209022345E8 ; 3.8502149254523954E9 ; 2.8197103195156854E11 ; 0.0
258 ; 1.3173834555520603E7 ; 8.122949065890968E8 ; 3.863370129529689E9 ; 2.827851251605909E11 ; 0.0
259 ; 1.3184344804575482E7 ; 8.105005416916108E8 ; 3.8765439640852094E9 ; 2.8359742006718E11 ; 0.0
260 ; 1.321099029247816E7 ; 8.087101039344689E8 ; 3.889728308889785E9 ; 2.844079206088716E11 ; 0.0
261 ; 1.322495399345553E7 ; 8.069235829512322E8 ; 3.902939299182263E9 ; 2.85216630712806E11 ; 0.0
262 ; 1.3241182737550203E7 ; 8.051409684043757E8 ; 3.9161642531757183E9 ; 2.8602355429575726E11 ; 0.0
263 ; 1.3261667530661548E7 ; 8.033622499852262E8 ; 3.9294054359132686E9 ; 2.868286952641616E11 ; 0.0
264 ; 1.3274680758926213E7 ; 8.015874174138961E8 ; 3.94266710344393E9 ; 2.8763205751414685E11 ; 0.0
265 ; 1.3292898884253755E7 ; 7.998164604392232E8 ; 3.9559417842028565E9 ; 2.884336449315607E11 ; 0.0
266 ; 1.331592428931759E7 ; 7.980493688387083E8 ; 3.9692346830871105E9 ; 2.8923346139199994E11 ; 0.0
267 ; 1.3329559360408213E7 ; 7.962861324184527E8 ; 3.982550607376428E9 ; 2.900315107608386E11 ; 0.0
268 ; 1.3342564335300708E7 ; 7.945267410130976E8 ; 3.9958801667368364E9 ; 2.908277968932571E11 ; 0.0
269 ; 1.3350602410971135E7 ; 7.92771184485764E8 ; 4.0092227310721374E9 ; 2.916223236342702E11 ; 0.0
270 ; 1.3369918800330743E7 ; 7.91019452727993E8 ; 4.0225733334831085E9 ; 2.92415094818756E11 ; 0.0
271 ; 1.3375226537793623E7 ; 7.89271535659685E8 ; 4.035943252283439E9 ; 2.9320611427148395E11 ; 0.0
272 ; 1.339707475370496E7 ; 7.875274232290429E8 ; 4.049318478821233E9 ; 2.939953858071436E11 ; 0.0
273 ; 1.3416378423819384E7 ; 7.85787105412511E8 ; 4.062715553574938E9 ; 2.947829132303727E11 ; 0.0
274 ; 1.342801092114538E7 ; 7.8405057221472E8 ; 4.0761319319987574E9 ; 2.955687003357852E11 ; 0.0
275 ; 1.343978934349202E7 ; 7.823178136684268E8 ; 4.089559942919903E9 ; 2.9635275090799994E11 ; 0.0
276 ; 1.3454135064975627E7 ; 7.805888198344588E8 ; 4.102999732263395E9 ; 2.971350687216684E11 ; 0.0
277 ; 1.3467909521746559E7 ; 7.788635808016572E8 ; 4.1164538673283706E9 ; 2.9791565754150287E11 ; 0.0
278 ; 1.3478601881808257E7 ; 7.771420866868203E8 ; 4.129921776850117E9 ; 2.986945211223045E11 ; 0.0
279 ; 1.3494991894184846E7 ; 7.754243276346481E8 ; 4.1434003787319255E9 ; 2.9947166320899133E11 ; 0.0
280 ; 1.3505078757434981E7 ; 7.737102938176862E8 ; 4.1568953706261106E9 ; 3.00247087536626E11 ; 0.0
281 ; 1.3516857131279081E7 ; 7.719999754362719E8 ; 4.1704004493835454E9 ; 3.0102079783044366E11 ; 0.0
282 ; 1.3533581568340916E7 ; 7.702933627184783E8 ; 4.1839173065148244E9 ; 3.0179279780587994E11 ; 0.0
283 ; 1.3543427324214987E7 ; 7.685904459200609E8 ; 4.197450888083165E9 ; 3.0256309116859845E11 ; 0.0
284 ; 1.355777344466268E7 ; 7.66891215324403E8 ; 4.21099431540738E9 ; 3.033316816145185E11 ; 0.0
285 ; 1.356772943331993E7 ; 7.651956612424637E8 ; 4.2245520888520427E9 ; 3.040985728298429E11 ; 0.0
286 ; 1.3576253467221554E7 ; 7.635037740127221E8 ; 4.2381198182853627E9 ; 3.048637684910854E11 ; 0.0
287 ; 1.3591037523096453E7 ; 7.618155440011263E8 ; 4.2516960717525845E9 ; 3.056272722650981E11 ; 0.0
288 ; 1.3598204455713112E7 ; 7.601309616010405E8 ; 4.265287109275681E9 ; 3.063890878090992E11 ; 0.0
289 ; 1.3618069385474678E7 ; 7.584500172331934E8 ; 4.2788853137313943E9 ; 3.071492187707002E11 ; 0.0
290 ; 1.3632357511811975E7 ; 7.567727013456242E8 ; 4.292503383116869E9 ; 3.079076687879334E11 ; 0.0
291 ; 1.3649898259683808E7 ; 7.550990044136336E8 ; 4.306135740628681E9 ; 3.0866444148927905E11 ; 0.0
292 ; 1.3669228374137374E7 ; 7.534289169397308E8 ; 4.319785638888365E9 ; 3.094195404936927E11 ; 0.0
293 ; 1.3687785408380028E7 ; 7.517624294535826E8 ; 4.333454867262502E9 ; 3.1017296941063245E11 ; 0.0
294 ; 1.3699720801720256E7 ; 7.500995325119637E8 ; 4.347142652670881E9 ; 3.10924731840086E11 ; 0.0
295 ; 1.3718612122098349E7 ; 7.484402166987057E8 ; 4.360842373472602E9 ; 3.1167483137259796E11 ; 0.0
296 ; 1.3727311864914993E7 ; 7.467844726246465E8 ; 4.3745609855947E9 ; 3.124232715892967E11 ; 0.0
297 ; 1.3747057441187438E7 ; 7.45132290927581E8 ; 4.388288297459615E9 ; 3.131700560619213E11 ; 0.0
298 ; 1.3759880574208628E7 ; 7.434836622722111E8 ; 4.402035354900803E9 ; 3.139151883528489E11 ; 0.0
299 ; 1.3766412778821496E7 ; 7.418385773500968E8 ; 4.415795235475011E9 ; 3.146586720151211E11 ; 0.0
300 ; 1.3786600292082405E7 ; 7.40197026879607E8 ; 4.429561648253833E9 ; 3.154005105924712E11 ; 0.0
301 ; 1.3810979466525111E7 ; 7.385590016058693E8 ; 4.443348248545916E9 ; 3.1614070761935077E11 ; 0.0
302 ; 1.3816700954544172E7 ; 7.369244923007237E8 ; 4.457159228012441E9 ; 3.1687926662095667E11 ; 0.0
303 ; 1.3821528708544306E7 ; 7.352934897626723E8 ; 4.470975928966985E9 ; 3.176161911132574E11 ; 0.0
304 ; 1.3835466475763833E7 ; 7.33665984816832E8 ; 4.4847974576755295E9 ; 3.183514846030201E11 ; 0.0
305 ; 1.3846565844659755E7 ; 7.32041968314886E8 ; 4.498632924151294E9 ; 3.190851505878369E11 ; 0.0
306 ; 1.3849411116643772E7 ; 7.304214311350371E8 ; 4.512479489995954E9 ; 3.198171925561518E11 ; 0.0
307 ; 1.385684004467684E7 ; 7.288043641819583E8 ; 4.526328901112597E9 ; 3.205476139872868E11 ; 0.0
308 ; 1.3860022611364163E7 ; 7.271907583867478E8 ; 4.540185741157274E9 ; 3.2127641835146875E11 ; 0.0
309 ; 1.385942667619157E7 ; 7.255806047068801E8 ; 4.554045763768639E9 ; 3.2200360910985547E11 ; 0.0
310 ; 1.3858152803510629E7 ; 7.239738941261597E8 ; 4.56790519044483E9 ; 3.227291897145624E11 ; 0.0
311 ; 1.386357205062991E7 ; 7.223706176546744E8 ; 4.581763343248341E9 ; 3.2345316360868854E11 ; 0.0
312 ; 1.3859001102654666E7 ; 7.207707663287491E8 ; 4.59562691529897E9 ; 3.241755342263432E11 ; 0.0
313 ; 1.3855473328665549E7 ; 7.191743312108988E8 ; 4.609485916401625E9 ; 3.2489630499267194E11 ; 0.0
314 ; 1.3857708710850576E7 ; 7.175813033897828E8 ; 4.62334138973029E9 ; 3.256154793238828E11 ; 0.0
315 ; 1.3847578918843392E7 ; 7.159916739801587E8 ; 4.637199098441141E9 ; 3.263330606272726E11 ; 0.0
316 ; 1.3841925582599211E7 ; 7.144054341228367E8 ; 4.651046677359984E9 ; 3.2704905230125275E11 ; 0.0
317 ; 1.3838912026446141E7 ; 7.128225749846338E8 ; 4.664888602942584E9 ; 3.277634577353756E11 ; 0.0
318 ; 1.3828271354778845E7 ; 7.112430877583282E8 ; 4.67872751496903E9 ; 3.284762803103602E11 ; 0.0
319 ; 1.3820818843045764E7 ; 7.096669636626143E8 ; 4.69255578632381E9 ; 3.291875233981185E11 ; 0.0
320 ; 1.3808914392790155E7 ; 7.08094193942058E8 ; 4.706376605166856E9 ; 3.298971903617811E11 ; 0.0
321 ; 1.379715730708718E7 ; 7.0652476986705E8 ; 4.720185519559646E9 ; 3.306052845557232E11 ; 0.0
322 ; 1.3789564712225467E7 ; 7.049586827337632E8 ; 4.733982676866733E9 ; 3.313118093255903E11 ; 0.0
323 ; 1.3774684525646616E7 ; 7.033959238641067E8 ; 4.7477722415789585E9 ; 3.3201676800832404E11 ; 0.0
324 ; 1.3754609159927716E7 ; 7.018364846056812E8 ; 4.761546926104605E9 ; 3.327201639321882E11 ; 0.0
325 ; 1.3752173506152099E7 ; 7.002803563317354E8 ; 4.775301535264532E9 ; 3.334220004167938E11 ; 0.0
326 ; 1.3738793004382642E7 ; 6.987275304411213E8 ; 4.789053708770684E9 ; 3.3412228077312555E11 ; 0.0
327 ; 1.372155846899847E7 ; 6.971779983582501E8 ; 4.802792501775067E9 ; 3.3482100830356665E11 ; 0.0
328 ; 1.3714478374402048E7 ; 6.956317515330482E8 ; 4.816514060244066E9 ; 3.355181863019249E11 ; 0.0
329 ; 1.369714294056253E7 ; 6.940887814409134E8 ; 4.830228538618468E9 ; 3.3621381805345795E11 ; 0.0
330 ; 1.3680921980511587E7 ; 6.925490795826715E8 ; 4.843925681559031E9 ; 3.3690790683489886E11 ; 0.0
331 ; 1.3664799298359772E7 ; 6.910126374845328E8 ; 4.857606603539542E9 ; 3.376004559144815E11 ; 0.0
332 ; 1.365814268622933E7 ; 6.894794466980478E8 ; 4.871271402837902E9 ; 3.3829146855196606E11 ; 0.0
333 ; 1.3644940247672973E7 ; 6.879494988000647E8 ; 4.884929545524132E9 ; 3.389809479986641E11 ; 0.0
334 ; 1.3631977050393578E7 ; 6.864227853926862E8 ; 4.898574485771805E9 ; 3.396688974974642E11 ; 0.0
335 ; 1.3614213655985665E7 ; 6.848992981032264E8 ; 4.912206462822198E9 ; 3.403553202828569E11 ; 0.0
336 ; 1.3594787387764748E7 ; 6.833790285841668E8 ; 4.925820676478184E9 ; 3.410402195809601E11 ; 0.0
337 ; 1.358290662370895E7 ; 6.818619685131153E8 ; 4.939415463865949E9 ; 3.4172359860954425E11 ; 0.0
338 ; 1.3572839568422861E7 ; 6.803481095927626E8 ; 4.952998370489657E9 ; 3.424054605780574E11 ; 0.0
339 ; 1.3560023968653467E7 ; 6.78837443550839E8 ; 4.966571210058081E9 ; 3.4308580868765015E11 ; 0.0
340 ; 1.3552300199725922E7 ; 6.773299621400722E8 ; 4.980131234026734E9 ; 3.43764646131201E11 ; 0.0
341 ; 1.353763841034011E7 ; 6.758256571381465E8 ; 4.99368353422646E9 ; 3.4444197609334106E11 ; 0.0
342 ; 1.3537623437178694E7 ; 6.74324520347658E8 ; 5.007221172636801E9 ; 3.451178017504792E11 ; 0.0
343 ; 1.351673152653943E7 ; 6.728265435960739E8 ; 5.020758796073979E9 ; 3.4579212627082684E11 ; 0.0
344 ; 1.3515149229314528E7 ; 6.713317187356904E8 ; 5.034275527600519E9 ; 3.464649528144229E11 ; 0.0
345 ; 1.3508558461895823E7 ; 6.698432699414002E8 ; 5.047790676829834E9 ; 3.471362845331586E11 ; 0.0
346 ; 1.3499725735659879E7 ; 6.683595630753736E8 ; 5.06129923529173E9 ; 3.4780612780310004E11 ; 0.0
347 ; 1.3495584219742628E7 ; 6.668789719370873E8 ; 5.07479896102739E9 ; 3.484744873661754E11 ; 0.0
348 ; 1.34886480394019E7 ; 6.654014884777335E8 ; 5.088294545247132E9 ; 3.491413663381125E11 ; 0.0
349 ; 1.3493028100669632E7 ; 6.639271046731249E8 ; 5.101783193286534E9 ; 3.498067678265902E11 ; 0.0
350 ; 1.3482280707838347E7 ; 6.62455812523653E8 ; 5.115276221387204E9 ; 3.504706949312633E11 ; 0.0
351 ; 1.348026824686727E7 ; 6.609876040542454E8 ; 5.128758502095042E9 ; 3.51133150743787E11 ; 0.0
352 ; 1.3480861621948993E7 ; 6.595224713143263E8 ; 5.142238770341909E9 ; 3.5179413834784125E11 ; 0.0
353 ; 1.347778859897685E7 ; 6.580604063777744E8 ; 5.155719631963859E9 ; 3.524536608191556E11 ; 0.0
354 ; 1.3470963596300319E7 ; 6.566014013428817E8 ; 5.169197420562836E9 ; 3.531117212255333E11 ; 0.0
355 ; 1.3476768674025368E7 ; 6.551454483323131E8 ; 5.182668384159136E9 ; 3.537683226268762E11 ; 0.0
356 ; 1.3478616040136835E7 ; 6.536925394930645E8 ; 5.196145152833161E9 ; 3.5442346807520856E11 ; 0.0
357 ; 1.3479658212192094E7 ; 6.522426669964232E8 ; 5.209623768873299E9 ; 3.550771606147016E11 ; 0.0
358 ; 1.3480850009814318E7 ; 6.507958230379258E8 ; 5.223103427085491E9 ; 3.55729403281698E11 ; 0.0
359 ; 1.3483684965492148E7 ; 6.493519998373189E8 ; 5.236584277095305E9 ; 3.563801991047359E11 ; 0.0
360 ; 1.527357127037619E7 ; 6.479111896385176E8 ; 5.250067962060798E9 ; 3.5702955110457324E11 ; 0.0
361 ; 1.527852533775264E7 ; 6.488447342781968E8 ; 5.265341533331174E9 ; 3.5767746229421173E11 ; 0.0
362 ; 1.5293929245272426E7 ; 6.516298076775454E8 ; 5.280620058668926E9 ; 3.583263070284899E11 ; 0.0
363 ; 1.5309658515282288E7 ; 6.562664097814703E8 ; 5.295913987914199E9 ; 3.589779368361675E11 ; 0.0
364 ; 1.5337443851788413E7 ; 6.62754540541359E8 ; 5.3112236464294815E9 ; 3.59634203245949E11 ; 0.0
365 ; 1.5372860783762388E7 ; 6.710941999150811E8 ; 5.32656109028127E9 ; 3.6029695778649036E11 ; 0.0
366 ; 1.5427838255970359E7 ; 6.812853878669877E8 ; 5.341933951065032E9 ; 3.6096805198640546E11 ; 0.0
367 ; 1.5525753866983946E7 ; 6.933281043679109E8 ; 5.357361789321002E9 ; 3.6164933737427246E11 ; 0.0
368 ; 1.568529053246634E7 ; 7.07222349395165E8 ; 5.372887543187986E9 ; 3.623426654786404E11 ; 0.0
369 ; 1.5922981852965726E7 ; 7.229681229325457E8 ; 5.388572833720452E9 ; 3.630498878280355E11 ; 0.0
370 ; 1.6307436086886128E7 ; 7.405654249703307E8 ; 5.404495815573418E9 ; 3.637728559509681E11 ; 0.0
371 ; 1.693959663490303E7 ; 7.600142555052787E8 ; 5.420803251660304E9 ; 3.645134213759384E11 ; 0.0
372 ; 1.8000911513256866E7 ; 7.813146145406306E8 ; 5.437742848295207E9 ; 3.6527343563144366E11 ; 0.0
373 ; 1.899899050697302E7 ; 8.044665020861092E8 ; 5.455743759808464E9 ; 3.660547502459843E11 ; 0.0
374 ; 1.907421158022723E7 ; 8.294699181579186E8 ; 5.474742750315437E9 ; 3.6685921674807043E11 ; 0.0
375 ; 1.9070032520338148E7 ; 8.563248627787447E8 ; 5.493816961895664E9 ; 3.6768868666622833E11 ; 0.0
376 ; 1.905743421348674E7 ; 8.850313359777553E8 ; 5.512886994416002E9 ; 3.685450115290071E11 ; 0.0
377 ; 1.9055500447399754E7 ; 9.155893377905993E8 ; 5.531944428629489E9 ; 3.6943004286498486E11 ; 0.0
378 ; 1.9044154269247938E7 ; 9.479988682594073E8 ; 5.550999929076889E9 ; 3.7034563220277545E11 ; 0.0
379 ; 1.9036227029101133E7 ; 9.822599274327915E8 ; 5.570044083346137E9 ; 3.7129363107103485E11 ; 0.0
380 ; 1.902444416692546E7 ; 1.0183725153658446E9 ; 5.589080310375238E9 ; 3.7227589099846765E11 ; 0.0
381 ; 1.901750981426193E7 ; 1.0563366321201419E9 ; 5.608104754542164E9 ; 3.732942635138335E11 ; 0.0
382 ; 1.9013642843303442E7 ; 1.0961522777637384E9 ; 5.627122264356426E9 ; 3.743506001459536E11 ; 0.0
383 ; 1.8993121348044097E7 ; 1.1378194523711715E9 ; 5.64613590719973E9 ; 3.7544675242371735E11 ; 0.0
384 ; 1.8988725954181567E7 ; 1.1813381560234575E9 ; 5.665129028547774E9 ; 3.765845718760885E11 ; 0.0
385 ; 1.8997639205587123E7 ; 1.2188366341971962E9 ; 5.684117754501956E9 ; 3.7776591003211194E11 ; 0.0
386 ; 1.8992331027804743E7 ; 1.2188361739859424E9 ; 5.703115393707543E9 ; 3.7898474666630914E11 ; 0.0
387 ; 1.8995663685262024E7 ; 1.218835391249626E9 ; 5.722107724735348E9 ; 3.802035828402951E11 ; 0.0
388 ; 1.9000199705791064E7 ; 1.2188342860951862E9 ; 5.741103388420609E9 ; 3.8142241823154474E11 ; 0.0
389 ; 1.900229666299156E7 ; 1.2188328586360424E9 ; 5.760103588126401E9 ; 3.8264125251763995E11 ; 0.0
390 ; 1.899626514792938E7 ; 1.2188311089920933E9 ; 5.779105884789392E9 ; 3.83860085376276E11 ; 0.0
391 ; 1.9000785854560927E7 ; 1.2188290372897184E9 ; 5.798102149937322E9 ; 3.8507891648526807E11 ; 0.0
392 ; 1.900226293498823E7 ; 1.2188266436617756E9 ; 5.8171029357918825E9 ; 3.862977455225578E11 ; 0.0
393 ; 1.899312961967338E7 ; 1.218823928247602E9 ; 5.836105198726871E9 ; 3.875165721662196E11 ; 0.0
394 ; 1.899180934413273E7 ; 1.2188208911930141E9 ; 5.855098328346544E9 ; 3.887353960944672E11 ; 0.0
395 ; 1.8984902248036224E7 ; 1.2188175326503081E9 ; 5.874090137690677E9 ; 3.899542169856602E11 ; 0.0
396 ; 1.8982876174978998E7 ; 1.2188138527782574E9 ; 5.893075039938713E9 ; 3.9117303451831055E11 ; 0.0
397 ; 1.897535621257613E7 ; 1.2188098517421143E9 ; 5.912057916113692E9 ; 3.923918483710888E11 ; 0.0
398 ; 1.8968100477313835E7 ; 1.2188055297136097E9 ; 5.931033272326268E9 ; 3.9361065822283093E11 ; 0.0
399 ; 1.8955724461988796E7 ; 1.2188008868709526E9 ; 5.950001372803582E9 ; 3.9482946375254456E11 ; 0.0
400 ; 1.893968042874444E7 ; 1.2187959233988292E9 ; 5.968957097265571E9 ; 3.960482646394155E11 ; 0.0
401 ; 1.8708935526538152E7 ; 1.2187906394884038E9 ; 5.987896777694315E9 ; 3.9726706056281433E11 ; 0.0
402 ; 1.8695129149069797E7 ; 1.2187850353373184E9 ; 6.006605713220853E9 ; 3.9848585120230273E11 ; 0.0
403 ; 1.8677346679797042E7 ; 1.218779111149692E9 ; 6.025300842369923E9 ; 3.997046362376401E11 ; 0.0
404 ; 1.86578020242581E7 ; 1.2187728671361203E9 ; 6.04397818904972E9 ; 4.009234153487898E11 ; 0.0
405 ; 1.864774819399652E7 ; 1.218766303513677E9 ; 6.062635991073977E9 ; 4.021421882159259E11 ; 0.0
406 ; 1.8623687505650457E7 ; 1.2187594205059116E9 ; 6.081283739267974E9 ; 4.033609545194396E11 ; 0.0
407 ; 1.861008176437195E7 ; 1.218752218342851E9 ; 6.099907426773624E9 ; 4.045797139399455E11 ; 0.0
408 ; 1.8585987999273308E7 ; 1.2187446972609982E9 ; 6.118517508537996E9 ; 4.057984661582883E11 ; 0.0
409 ; 1.856368922187465E7 ; 1.2187368575033333E9 ; 6.13710349653727E9 ; 4.070172108555493E11 ; 0.0
410 ; 1.8540293581570692E7 ; 1.2187286993193123E9 ; 6.155667185759144E9 ; 4.082359477130527E11 ; 0.0
411 ; 1.8510348438301686E7 ; 1.2187202229648674E9 ; 6.174207479340714E9 ; 4.09454676412372E11 ; 0.0
412 ; 1.84869516777665E7 ; 1.2187114287024078E9 ; 6.1927178277790165E9 ; 4.1067339663533685E11 ; 0.0
413 ; 1.846558762468213E7 ; 1.2187023168008182E9 ; 6.211204779456783E9 ; 4.1189210806403925E11 ; 0.0
414 ; 1.8436227307030506E7 ; 1.2186928875354605E9 ; 6.229670367081466E9 ; 4.131108103808401E11 ; 0.0
415 ; 1.8408086371993616E7 ; 1.2186831411881726E9 ; 6.248106594388496E9 ; 4.1432950326837555E11 ; 0.0
416 ; 1.838005097329656E7 ; 1.2186730780472684E9 ; 6.26651468076049E9 ; 4.155481864095637E11 ; 0.0
417 ; 1.8345080415223442E7 ; 1.2186626984075391E9 ; 6.284894731733787E9 ; 4.1676685948761096E11 ; 0.0
418 ; 1.8319357017578453E7 ; 1.2186520025702527E9 ; 6.30323981214901E9 ; 4.179855221860185E11 ; 0.0
419 ; 1.8283417932669673E7 ; 1.218640990843153E9 ; 6.321559169166588E9 ; 4.1920417418858875E11 ; 0.0
420 ; 1.825958547702624E7 ; 1.2186296635404625E9 ; 6.339842587099257E9 ; 4.204228151794319E11 ; 0.0
421 ; 1.822645037622922E7 ; 1.21861802098288E9 ; 6.358102172576283E9 ; 4.2164144484297235E11 ; 0.0
422 ; 1.8191582243100576E7 ; 1.218606063497583E9 ; 6.376328622952513E9 ; 4.2286006286395526E11 ; 0.0
423 ; 1.8152454468077324E7 ; 1.2185937914182258E9 ; 6.394520205195613E9 ; 4.240786689274528E11 ; 0.0
424 ; 1.8124926419108547E7 ; 1.218581205084943E9 ; 6.412672659663691E9 ; 4.2529726271887103E11 ; 0.0
425 ; 1.809124283262245E7 ; 1.2185683048443468E9 ; 6.430797586082799E9 ; 4.26515843923956E11 ; 0.0
426 ; 1.805832160479079E7 ; 1.2185550910495296E9 ; 6.4488888289154215E9 ; 4.2773441222880035E11 ; 0.0
427 ; 1.8021433973206744E7 ; 1.218541564060064E9 ; 6.466947150520212E9 ; 4.2895296731984985E11 ; 0.0
428 ; 1.7983170078936882E7 ; 1.2185277242420037E9 ; 6.484968584493419E9 ; 4.301715088839099E11 ; 0.0
429 ; 1.7949048272950713E7 ; 1.218513571967883E9 ; 6.502951754572355E9 ; 4.313900366081519E11 ; 0.0
430 ; 1.7917880213990282E7 ; 1.2184991076167204E9 ; 6.520900802845306E9 ; 4.326085501801198E11 ; 0.0
431 ; 1.7887313699667297E7 ; 1.2184843315740159E9 ; 6.538818683059297E9 ; 4.338270492877365E11 ; 0.0
432 ; 1.7850275468496993E7 ; 1.2184692442317543E9 ; 6.556705996758964E9 ; 4.3504553361931055E11 ; 0.0
433 ; 1.7822213862095114E7 ; 1.2184538459884062E9 ; 6.574556272227461E9 ; 4.362640028635423E11 ; 0.0
434 ; 1.7792299026565764E7 ; 1.2184381372489283E9 ; 6.592378486089556E9 ; 4.374824567095307E11 ; 0.0
435 ; 1.7758936368572533E7 ; 1.2184221184247649E9 ; 6.610170785116121E9 ; 4.387008948467796E11 ; 0.0
436 ; 1.7722916942310534E7 ; 1.2184057899338489E9 ; 6.627929721484694E9 ; 4.3991931696520435E11 ; 0.0
437 ; 1.769023862513141E7 ; 1.2183891522006044E9 ; 6.645652638427004E9 ; 4.411377227551382E11 ; 0.0
438 ; 1.765396750496517E7 ; 1.2183722056559472E9 ; 6.663342877052135E9 ; 4.423561119073388E11 ; 0.0
439 ; 1.7606077889321715E7 ; 1.2183549507372859E9 ; 6.6809968445571E9 ; 4.4357448411299475E11 ; 0.0
440 ; 1.7573151640617646E7 ; 1.218337387888525E9 ; 6.698602922446422E9 ; 4.4479283906373206E11 ; 0.0
441 ; 1.7527524546790153E7 ; 1.218319517560066E9 ; 6.716176074087039E9 ; 4.460111764516206E11 ; 0.0
442 ; 1.7486099719481308E7 ; 1.218301340208809E9 ; 6.733703598633829E9 ; 4.4722949596918066E11 ; 0.0
443 ; 1.7450626775488637E7 ; 1.2182828562981563E9 ; 6.751189698353311E9 ; 4.4844779730938947E11 ; 0.0
444 ; 1.7406488604267947E7 ; 1.2182640662980125E9 ; 6.768640325128799E9 ; 4.496660801656876E11 ; 0.0
445 ; 1.7376220414604325E7 ; 1.218244970684789E9 ; 6.7860468137330675E9 ; 4.5088434423198566E11 ; 0.0
446 ; 1.7338154980408303E7 ; 1.2182255699414043E9 ; 6.803423034147672E9 ; 4.521025892026705E11 ; 0.0
447 ; 1.7314067520176597E7 ; 1.2182058645572891E9 ; 6.82076118912808E9 ; 4.533208147726119E11 ; 0.0
448 ; 1.7279397420953333E7 ; 1.218185855028387E9 ; 6.838075256648257E9 ; 4.545390206371692E11 ; 0.0
449 ; 1.724631381804901E7 ; 1.2181655418571587E9 ; 6.855354654069211E9 ; 4.557572064921976E11 ; 0.0
450 ; 1.7212103171489164E7 ; 1.2181449255525846E9 ; 6.87260096788726E9 ; 4.5697537203405475E11 ; 0.0
451 ; 1.718502459397601E7 ; 1.2181240066301682E9 ; 6.889813071058749E9 ; 4.5819351695960736E11 ; 0.0
452 ; 1.716037272865697E7 ; 1.2181027856119401E9 ; 6.906998095652725E9 ; 4.5941164096623755E11 ; 0.0
453 ; 1.712552944821459E7 ; 1.2180812630264606E9 ; 6.924158468381382E9 ; 4.606297437518495E11 ; 0.0
454 ; 1.7103407611341454E7 ; 1.2180594394088247E9 ; 6.9412839978295965E9 ; 4.61847825014876E11 ; 0.0
455 ; 1.7064817915631913E7 ; 1.2180373153006654E9 ; 6.958387405440938E9 ; 4.630658844542848E11 ; 0.0
456 ; 1.7048506003275387E7 ; 1.2180148912501583E9 ; 6.97545222335657E9 ; 4.6428392176958545E11 ; 0.0
457 ; 1.7022149593229093E7 ; 1.2179921678120255E9 ; 6.992500729359845E9 ; 4.6550193666083563E11 ; 0.0
458 ; 1.69961812036894E7 ; 1.217969145547542E9 ; 7.009522878953074E9 ; 4.6671992882864764E11 ; 0.0
459 ; 1.697184711701835E7 ; 1.217945825024538E9 ; 7.026519060156764E9 ; 4.679378979741952E11 ; 0.0
460 ; 1.6950034475717805E7 ; 1.2179222068174064E9 ; 7.043490907273783E9 ; 4.691558437992197E11 ; 0.0
461 ; 1.6934140753927276E7 ; 1.2178982915071068E9 ; 7.0604409417495E9 ; 4.703737660060371E11 ; 0.0
462 ; 1.6923316388879E7 ; 1.217874079681172E9 ; 7.0773750825034275E9 ; 4.715916642975442E11 ; 0.0
463 ; 1.6913118285733998E7 ; 1.217849571933713E9 ; 7.094298398892306E9 ; 4.7280953837722534E11 ; 0.0
464 ; 1.690695756133898E7 ; 1.2178247688654265E9 ; 7.1112115171780405E9 ; 4.7402738794915906E11 ; 0.0
465 ; 1.6891959717035085E7 ; 1.2177996710835996E9 ; 7.12811847473938E9 ; 4.752452127180245E11 ; 0.0
466 ; 1.6882809194211833E7 ; 1.2177742792021189E9 ; 7.145010434456415E9 ; 4.764630123891081E11 ; 0.0
467 ; 1.687466039095991E7 ; 1.2177485938414748E9 ; 7.161893243650627E9 ; 4.7768078666831024E11 ; 0.0
468 ; 1.6858747107238844E7 ; 1.2177226156287713E9 ; 7.178767904041587E9 ; 4.7889853526215173E11 ; 0.0
469 ; 1.686007844972805E7 ; 1.2176963451977324E9 ; 7.195626651148826E9 ; 4.801162578777805E11 ; 0.0
470 ; 1.6853988927888926E7 ; 1.2176697831887102E9 ; 7.212486729598554E9 ; 4.813339542229783E11 ; 0.0
471 ; 1.6849019349644274E7 ; 1.2176429302486932E9 ; 7.229340718526443E9 ; 4.82551624006167E11 ; 0.0
472 ; 1.68367139369611E7 ; 1.2176157870313163E9 ; 7.246189737876087E9 ; 4.837692669364157E11 ; 0.0
473 ; 1.683524795825219E7 ; 1.2175883541968672E9 ; 7.263026451813048E9 ; 4.84986882723447E11 ; 0.0
474 ; 1.683741782701497E7 ; 1.2175606324122992E9 ; 7.2798616997713E9 ; 4.8620447107764386E11 ; 0.0
475 ; 1.6833396440745577E7 ; 1.2175326223512383E9 ; 7.296699117598315E9 ; 4.8742203171005615E11 ; 0.0
476 ; 1.682301650311233E7 ; 1.2175043246939945E9 ; 7.313532514039061E9 ; 4.886395643324074E11 ; 0.0
477 ; 1.6814515756294306E7 ; 1.2174757401275723E9 ; 7.330355530542173E9 ; 4.898570686571014E11 ; 0.0
478 ; 1.6814363390686065E7 ; 1.2174468693456826E9 ; 7.347170046298468E9 ; 4.9107454439722894E11 ; 0.0
479 ; 1.6807405410616763E7 ; 1.2174177130487528E9 ; 7.363984409689154E9 ; 4.9229199126657465E11 ; 0.0
480 ; 1.5028826203013353E7 ; 1.2173882719439392E9 ; 7.380791815099771E9 ; 4.935094089796234E11 ; 0.0
481 ; 1.5036154067972515E7 ; 1.2173585467451408E9 ; 7.395820641302784E9 ; 4.947267972515674E11 ; 0.0
482 ; 1.50521981898436E7 ; 1.2173285381730103E9 ; 7.410856795370756E9 ; 4.959441557983125E11 ; 0.0
483 ; 1.5063317047339369E7 ; 1.2172982469549685E9 ; 7.425908993560599E9 ; 4.9716148433648553E11 ; 0.0
484 ; 1.5065677405339975E7 ; 1.2172676738252182E9 ; 7.440972310607939E9 ; 4.983787825834405E11 ; 0.0
485 ; 1.50762147516125E7 ; 1.2172368195247588E9 ; 7.456037988013279E9 ; 4.995960502572657E11 ; 0.0
486 ; 1.509560485464456E7 ; 1.2172056848014007E9 ; 7.471114202764892E9 ; 5.0081328707679047E11 ; 0.0
487 ; 1.5095170356256347E7 ; 1.2171742704097817E9 ; 7.486209807619536E9 ; 5.0203049276159186E11 ; 0.0
488 ; 1.5092909904543405E7 ; 1.217142577111383E9 ; 7.501304977975793E9 ; 5.0324766703200165E11 ; 0.0
489 ; 1.5104767385080885E7 ; 1.217110605674545E9 ; 7.516397887880337E9 ; 5.0446480960911304E11 ; 0.0
490 ; 1.5096340280904565E7 ; 1.2170783568744867E9 ; 7.531502655265418E9 ; 5.056819202147876E11 ; 0.0
491 ; 1.5091350558473274E7 ; 1.2170458314933217E9 ; 7.546598995546323E9 ; 5.068989985716621E11 ; 0.0
492 ; 1.508035116609296E7 ; 1.2170130303200786E9 ; 7.561690346104796E9 ; 5.0811604440315546E11 ; 0.0
493 ; 1.5068272073445765E7 ; 1.2169799541507192E9 ; 7.576770697270889E9 ; 5.093330574334755E11 ; 0.0
494 ; 1.5048624233701762E7 ; 1.216946603788159E9 ; 7.591838969344335E9 ; 5.105500373876262E11 ; 0.0
495 ; 1.503804220755342E7 ; 1.2169129800422885E9 ; 7.606887593578036E9 ; 5.1176698399141437E11 ; 0.0
496 ; 1.5026532781991862E7 ; 1.2168790837299945E9 ; 7.62192563578559E9 ; 5.1298389697145667E11 ; 0.0
497 ; 1.5002156652701555E7 ; 1.2168449156751826E9 ; 7.636952168567582E9 ; 5.1420077605518665E11 ; 0.0
498 ; 1.4985517018236272E7 ; 1.2168104767087996E9 ; 7.6519543252202835E9 ; 5.154176209708618E11 ; 0.0
499 ; 1.4969304450797388E7 ; 1.2167757676688588E9 ; 7.66693984223852E9 ; 5.166344314475706E11 ; 0.0
500 ; 1.4938098854414785E7 ; 1.2167407894004645E9 ; 7.681909146689317E9 ; 5.178512072152395E11 ; 0.0
501 ; 1.4918562827828223E7 ; 1.2167055427558367E9 ; 7.696847245543732E9 ; 5.1906794800463995E11 ; 0.0
502 ; 1.4891352205076106E7 ; 1.2166700285943394E9 ; 7.71176580837156E9 ; 5.202846535473958E11 ; 0.0
503 ; 1.4873423613060294E7 ; 1.2166342477825072E9 ; 7.726657160576636E9 ; 5.215013235759902E11 ; 0.0
504 ; 1.4841969888174323E7 ; 1.2165982011940746E9 ; 7.741530584189696E9 ; 5.227179578237727E11 ; 0.0
505 ; 1.480796015954274E7 ; 1.2165618897100039E9 ; 7.75637255407787E9 ; 5.239345560249668E11 ; 0.0
506 ; 1.4773415896330457E7 ; 1.2165253142185187E9 ; 7.771180514237413E9 ; 5.251511179146768E11 ; 0.0
507 ; 1.4743173995183654E7 ; 1.2164884756151328E9 ; 7.785953930133744E9 ; 5.263676432288953E11 ; 0.0
508 ; 1.4709237319316413E7 ; 1.2164513748026843E9 ; 7.800697104128928E9 ; 5.2758413170451044E11 ; 0.0
509 ; 1.4678896597766742E7 ; 1.2164140126913702E9 ; 7.815406341448245E9 ; 5.288005830793131E11 ; 0.0
510 ; 1.4638316148071334E7 ; 1.2163763901987798E9 ; 7.830085238046012E9 ; 5.3001699709200446E11 ; 0.0
511 ; 1.4603672871148227E7 ; 1.2163385082499323E9 ; 7.844723554194083E9 ; 5.3123337348220325E11 ; 0.0
512 ; 1.4564886957809187E7 ; 1.2163003677773142E9 ; 7.859327227065231E9 ; 5.324497119904532E11 ; 0.0
513 ; 1.4529179925527629E7 ; 1.2162619697209175E9 ; 7.873892114023041E9 ; 5.336660123582305E11 ; 0.0
514 ; 1.4486716008254258E7 ; 1.2162233150282805E9 ; 7.888421293948568E9 ; 5.348822743279515E11 ; 0.0
515 ; 1.4444194863800637E7 ; 1.2161844046545296E9 ; 7.902908009956822E9 ; 5.3609849764297974E11 ; 0.0
516 ; 1.4403098847488958E7 ; 1.216145239562421E9 ; 7.917352204820623E9 ; 5.373146820476343E11 ; 0.0
517 ; 1.4353580885576177E7 ; 1.2161058207223873E9 ; 7.931755303668113E9 ; 5.385308272871967E11 ; 0.0
518 ; 1.4313766330359306E7 ; 1.2160661491125813E9 ; 7.946108884553689E9 ; 5.397469331079191E11 ; 0.0
519 ; 1.4268102461129572E7 ; 1.2160259735368848E9 ; 7.960422650884048E9 ; 5.4096299925703174E11 ; 0.0
520 ; 1.4225825170915348E7 ; 1.2159830259862087E9 ; 7.974690753345178E9 ; 5.421790252305686E11 ; 0.0
521 ; 1.4177708617367184E7 ; 1.2159398405159328E9 ; 7.988916578516093E9 ; 5.433950082565548E11 ; 0.0
522 ; 1.4130495338965958E7 ; 1.2158964181355863E9 ; 8.00309428713346E9 ; 5.4461094809707074E11 ; 0.0
523 ; 1.4076359955806978E7 ; 1.2158527598626742E9 ; 8.017224782472426E9 ; 5.458268445152063E11 ; 0.0
524 ; 1.4030733734763384E7 ; 1.215808866722733E9 ; 8.031301142428233E9 ; 5.47042697275069E11 ; 0.0
525 ; 1.3983622475697827E7 ; 1.2157647397493894E9 ; 8.045331876162996E9 ; 5.482585061417917E11 ; 0.0
526 ; 1.393230158572384E7 ; 1.2157203799844196E9 ; 8.059315498638694E9 ; 5.494742708815411E11 ; 0.0
527 ; 1.3885448146762572E7 ; 1.2156757884778116E9 ; 8.073247800224418E9 ; 5.506899912615255E11 ; 0.0
528 ; 1.3838060679443398E7 ; 1.2156309662878296E9 ; 8.087133248371181E9 ; 5.519056670500033E11 ; 0.0
529 ; 1.3789789660042245E7 ; 1.21558591448108E9 ; 8.100971309050624E9 ; 5.531212980162911E11 ; 0.0
530 ; 1.3734724200171728E7 ; 1.2155406341325803E9 ; 8.114761098710666E9 ; 5.543368839307722E11 ; 0.0
531 ; 1.3688534487529792E7 ; 1.2154951263258295E9 ; 8.128495822910837E9 ; 5.555524245649048E11 ; 0.0
532 ; 1.3636910171628896E7 ; 1.215449392152882E9 ; 8.142184357398367E9 ; 5.567679196912306E11 ; 0.0
533 ; 1.3587803120156802E7 ; 1.215403432714423E9 ; 8.155821267569996E9 ; 5.579833690833834E11 ; 0.0
534 ; 1.3535468994171064E7 ; 1.215357249119846E9 ; 8.169409070690153E9 ; 5.591987725160979E11 ; 0.0
535 ; 1.348688881741701E7 ; 1.215310842487336E9 ; 8.182944539684324E9 ; 5.604141297652178E11 ; 0.0
536 ; 1.3438749756503088E7 ; 1.215264213943951E9 ; 8.196431428501741E9 ; 5.616294406077051E11 ; 0.0
537 ; 1.3390706788243704E7 ; 1.215217364625709E9 ; 8.2098701782582445E9 ; 5.62844704821649E11 ; 0.0
538 ; 1.3344446896240361E7 ; 1.215170295677678E9 ; 8.223260885046488E9 ; 5.640599221862748E11 ; 0.0
539 ; 1.3303719247220658E7 ; 1.2151230082540693E9 ; 8.236605331942728E9 ; 5.652750924819525E11 ; 0.0
540 ; 1.3183712533347689E7 ; 1.2150755035183303E9 ; 8.249909051189949E9 ; 5.664902154902065E11 ; 0.0
541 ; 1.3158778054842949E7 ; 1.2150277826432457E9 ; 8.263092763723297E9 ; 5.677052909937249E11 ; 0.0
542 ; 1.3122850754161354E7 ; 1.21497984681104E9 ; 8.27625154177814E9 ; 5.68920318776368E11 ; 0.0
543 ; 1.3089119946578316E7 ; 1.2149316972134807E9 ; 8.289374392532301E9 ; 5.701352986231791E11 ; 0.0
544 ; 1.305148842478906E7 ; 1.2148833350519905E9 ; 8.302463512478879E9 ; 5.713502303203926E11 ; 0.0
545 ; 1.3015084706627257E7 ; 1.2148347615377588E9 ; 8.315515000903668E9 ; 5.725651136554446E11 ; 0.0
546 ; 1.2983016008716691E7 ; 1.2147859778918574E9 ; 8.328530085610295E9 ; 5.737799484169823E11 ; 0.0
547 ; 1.2945657872929212E7 ; 1.2147369853453639E9 ; 8.341513101619012E9 ; 5.749947343948741E11 ; 0.0
548 ; 1.2907733341411028E7 ; 1.2146877851394854E9 ; 8.354458759491941E9 ; 5.762094713802195E11 ; 0.0
549 ; 1.2876878800024595E7 ; 1.2146383785256863E9 ; 8.367366492833352E9 ; 5.77424159165359E11 ; 0.0
550 ; 1.2836433663052596E7 ; 1.2145887667658253E9 ; 8.380243371633377E9 ; 5.786387975438846E11 ; 0.0
551 ; 1.280396697635455E7 ; 1.2145389511322904E9 ; 8.39307980529643E9 ; 5.798533863106505E11 ; 0.0
552 ; 1.276486259379469E7 ; 1.214488932908143E9 ; 8.405883772272784E9 ; 5.810679252617828E11 ; 0.0
553 ; 1.2731563045434266E7 ; 1.2144387133872676E9 ; 8.418648634866579E9 ; 5.82282414194691E11 ; 0.0
554 ; 1.2693013916247226E7 ; 1.177957931707834E9 ; 8.431380197912013E9 ; 5.834968529080782E11 ; 0.0
555 ; 1.2661403840524994E7 ; 1.1627795450742908E9 ; 8.44407321182826E9 ; 5.846748108397861E11 ; 0.0
556 ; 1.2614129874127787E7 ; 1.0900731494095623E9 ; 8.456734615668785E9 ; 5.858375903848605E11 ; 0.0
557 ; 1.2583120661029736E7 ; 1.0719071353955302E9 ; 8.4693487455429125E9 ; 5.8692766353427E11 ; 0.0
558 ; 1.2541873750456948E7 ; 1.0708044948424125E9 ; 8.481931866203942E9 ; 5.879995706696655E11 ; 0.0
559 ; 1.2512234518560395E7 ; 1.0626483699655212E9 ; 8.494473739954399E9 ; 5.890703751645079E11 ; 0.0
560 ; 1.2465889129815254E7 ; 9.716220260730003E8 ; 8.5069859744729595E9 ; 5.901330235344735E11 ; 0.0
561 ; 1.2433983308327824E7 ; 9.563590087867335E8 ; 8.519451863602775E9 ; 5.911046455605465E11 ; 0.0
562 ; 1.2388880954955246E7 ; 9.188543280649049E8 ; 8.531885846911102E9 ; 5.920610045693333E11 ; 0.0
563 ; 1.2352252319464622E7 ; 9.167233450136936E8 ; 8.544274727866057E9 ; 5.929798588973982E11 ; 0.0
564 ; 1.2316328460226547E7 ; 9.14596951461945E8 ; 8.556626980185522E9 ; 5.938965822424119E11 ; 0.0
565 ; 1.2279798631006436E7 ; 9.124751378752792E8 ; 8.568943308645749E9 ; 5.948111791938738E11 ; 0.0
566 ; 1.223763459274123E7 ; 9.103578947578068E8 ; 8.581223107276755E9 ; 5.95723654331749E11 ; 0.0
567 ; 1.219235058625951E7 ; 9.082452126523114E8 ; 8.593460741869497E9 ; 5.966340122265068E11 ; 0.0
568 ; 1.2151983623442762E7 ; 9.061370821404389E8 ; 8.605653092455757E9 ; 5.975422574391592E11 ; 0.0
569 ; 1.211842342868298E7 ; 9.040334938428969E8 ; 8.6178050760792E9 ; 5.984483945212996E11 ; 0.0
570 ; 1.206795641074505E7 ; 9.019344384196644E8 ; 8.629923499507883E9 ; 5.993524280151425E11 ; 0.0
571 ; 1.2030340487925343E7 ; 8.998399065702076E8 ; 8.641991455918629E9 ; 6.002543624535621E11 ; 0.0
572 ; 1.1991337030571006E7 ; 8.977498890337111E8 ; 8.654021796406553E9 ; 6.011542023601323E11 ; 0.0
573 ; 1.1954649060074814E7 ; 8.95664376589314E8 ; 8.666013133437124E9 ; 6.02051952249166E11 ; 0.0
574 ; 1.1909526149327606E7 ; 8.935833600563616E8 ; 8.6779677824972E9 ; 6.029476166257554E11 ; 0.0
575 ; 1.186931081516235E7 ; 8.915068302946641E8 ; 8.689877308646528E9 ; 6.038411999858118E11 ; 0.0
576 ; 1.1821244206715353E7 ; 8.894347782047718E8 ; 8.70174661946169E9 ; 6.047327068161064E11 ; 0.0
577 ; 1.178952736166991E7 ; 8.873671947282577E8 ; 8.713567863668406E9 ; 6.056221415943112E11 ; 0.0
578 ; 1.1755416626424711E7 ; 8.853040708480163E8 ; 8.725357391030075E9 ; 6.065095087890394E11 ; 0.0
579 ; 1.1713111560581852E7 ; 8.832453975885735E8 ; 8.7371128076565E9 ; 6.073948128598875E11 ; 0.0
580 ; 1.1683167001278527E7 ; 8.811911660164111E8 ; 8.748825919217081E9 ; 6.082780582574761E11 ; 0.0
581 ; 1.1642244209465303E7 ; 8.791413672403061E8 ; 8.760509086218359E9 ; 6.091592494234924E11 ; 0.0
582 ; 1.160592538028741E7 ; 8.770959924116832E8 ; 8.772151330427824E9 ; 6.100383907907328E11 ; 0.0
583 ; 1.1573781569867902E7 ; 8.750550327249842E8 ; 8.783757255808111E9 ; 6.109154867831445E11 ; 0.0
584 ; 1.1532334459109113E7 ; 8.730184794180532E8 ; 8.79533103737798E9 ; 6.117905418158695E11 ; 0.0
585 ; 1.1496261264659423E7 ; 8.70986323772537E8 ; 8.806863371837088E9 ; 6.126635602952876E11 ; 0.0
586 ; 1.1448655769964518E7 ; 8.689585571143059E8 ; 8.818359633101748E9 ; 6.135345466190602E11 ; 0.0
587 ; 1.1414300270131227E7 ; 8.669351708138894E8 ; 8.829808288871712E9 ; 6.144035051761744E11 ; 0.0
588 ; 1.1371471510063197E7 ; 8.649161562869332E8 ; 8.841222589141844E9 ; 6.152704403469883E11 ; 0.0
589 ; 1.133910986467178E7 ; 8.629015049946746E8 ; 8.852594060651907E9 ; 6.161353565032753E11 ; 0.0
590 ; 1.1297433163452575E7 ; 8.608912084444382E8 ; 8.863933170516579E9 ; 6.169982580082699E11 ; 0.0
591 ; 1.1256900685866043E7 ; 8.588852581901542E8 ; 8.87523060368003E9 ; 6.178591492167144E11 ; 0.0
592 ; 1.1220227440281542E7 ; 8.568836458328981E8 ; 8.886487504365896E9 ; 6.187180344749045E11 ; 0.0
593 ; 1.1181500411029307E7 ; 8.548863630214527E8 ; 8.897707731806177E9 ; 6.195749181207374E11 ; 0.0
594 ; 1.1141514931750065E7 ; 8.528934014528968E8 ; 8.908889232217207E9 ; 6.204298044837589E11 ; 0.0
595 ; 1.1098253825407818E7 ; 8.509047528732163E8 ; 8.920030747148956E9 ; 6.212826978852118E11 ; 0.0
596 ; 1.1059604891122183E7 ; 8.489204090779434E8 ; 8.931129000974363E9 ; 6.22133602638085E11 ; 0.0
597 ; 1.1005750122666847E7 ; 8.469403619128222E8 ; 8.942188605865486E9 ; 6.22982523047163E11 ; 0.0
598 ; 1.0973943556303132E7 ; 8.449646032745054E8 ; 8.953194355988153E9 ; 6.238294634090758E11 ; 0.0
599 ; 1.0932036529615384E7 ; 8.42993125111276E8 ; 8.964168299544456E9 ; 6.246744280123503E11 ; 0.0
600 ; 1.088464887932749E7 ; 8.41025919423805E8 ; 8.975100336074072E9 ; 6.255174211374617E11 ; 0.0
601 ; 1.0843831000739442E7 ; 8.390629782659398E8 ; 8.9859849849534E9 ; 6.263584470568855E11 ; 0.0
602 ; 1.079989707069832E7 ; 8.371042937455256E8 ; 8.99682881595414E9 ; 6.271975100351515E11 ; 0.0
603 ; 1.075509644798006E7 ; 8.35149858025265E8 ; 9.007628713024837E9 ; 6.28034614328897E11 ; 0.0
604 ; 1.0708689296580888E7 ; 8.331996633236107E8 ; 9.018383809472818E9 ; 6.288697641869222E11 ; 0.0
605 ; 1.0670745297130663E7 ; 8.312537019157014E8 ; 9.0290924987694E9 ; 6.297029638502458E11 ; 0.0
606 ; 1.0625178617732814E7 ; 8.293119661343356E8 ; 9.03976324406653E9 ; 6.305342175521615E11 ; 0.0
607 ; 1.0583533082786515E7 ; 8.273744483709875E8 ; 9.050388422684263E9 ; 6.313635295182958E11 ; 0.0
608 ; 1.053480394364003E7 ; 8.254411410768683E8 ; 9.06097195576705E9 ; 6.321909039666667E11 ; 0.0
609 ; 1.0487034149917137E7 ; 8.235120367640345E8 ; 9.07150675971069E9 ; 6.330163451077437E11 ; 0.0
610 ; 1.0443320661392227E7 ; 8.215871280065415E8 ; 9.081993793860607E9 ; 6.338398571445077E11 ; 0.0
611 ; 1.0400368615223514E7 ; 8.196664074416518E8 ; 9.092437114522E9 ; 6.346614442725143E11 ; 0.0
612 ; 1.0343680574432246E7 ; 8.17749867771093E8 ; 9.102837483137222E9 ; 6.354811106799559E11 ; 0.0
613 ; 1.032510302248275E7 ; 8.158375017623726E8 ; 9.113181163711655E9 ; 6.36298860547727E11 ; 0.0
614 ; 1.0307769535956372E7 ; 8.139293022501514E8 ; 9.123506266734137E9 ; 6.371146980494894E11 ; 0.0
615 ; 1.028489517913783E7 ; 8.12025262137675E8 ; 9.133814036270092E9 ; 6.379286273517395E11 ; 0.0
616 ; 1.0264577797798278E7 ; 8.101253743982737E8 ; 9.14409893144923E9 ; 6.387406526138772E11 ; 0.0
617 ; 1.024064370851211E7 ; 8.082296320769228E8 ; 9.154363509247028E9 ; 6.395507779882755E11 ; 0.0
618 ; 1.021591754605853E7 ; 8.063380282918767E8 ; 9.16460415295554E9 ; 6.403590076203524E11 ; 0.0
619 ; 1.0187707782040846E7 ; 8.044505562363758E8 ; 9.174820070501598E9 ; 6.411653456486443E11 ; 0.0
620 ; 1.0170938863522846E7 ; 8.02567209180428E8 ; 9.18500777828364E9 ; 6.419697962048806E11 ; 0.0
621 ; 1.0147049126892246E7 ; 8.006879804726715E8 ; 9.195178717147163E9 ; 6.42772363414061E11 ; 0.0
622 ; 1.0120559166687727E7 ; 7.988128635423205E8 ; 9.205325766274055E9 ; 6.435730513945337E11 ; 0.0
623 ; 1.009678993735829E7 ; 7.969418519012012E8 ; 9.215446325440742E9 ; 6.44371864258076E11 ; 0.0
624 ; 1.0066914361663202E7 ; 7.950749391458764E8 ; 9.225543115378101E9 ; 6.451688061099773E11 ; 0.0
625 ; 1.0065523157531943E7 ; 7.932121189598693E8 ; 9.235610029739765E9 ; 6.459638810491232E11 ; 0.0
626 ; 1.0057506034202427E7 ; 7.913533851159884E8 ; 9.245675552897297E9 ; 6.46757093168083E11 ; 0.0
627 ; 1.0058332372439101E7 ; 7.89498731478757E8 ; 9.2557330589315E9 ; 6.47548446553199E11 ; 0.0
628 ; 1.0037591394866094E7 ; 7.876481520069555E8 ; 9.265791391303938E9 ; 6.483379452846777E11 ; 0.0
629 ; 1.0029151408240238E7 ; 7.858016407562797E8 ; 9.275828982698805E9 ; 6.491255934366847E11 ; 0.0
630 ; 1.0024634710456967E7 ; 7.839591918821217E8 ; 9.285858134107044E9 ; 6.499113950774409E11 ; 0.0
631 ; 1.0018053677092364E7 ; 7.821207996424795E8 ; 9.295882768817501E9 ; 6.50695354269323E11 ; 0.0
632 ; 1.0007493055222992E7 ; 7.802864584010012E8 ; 9.305900822494593E9 ; 6.514774750689655E11 ; 0.0
633 ; 9998851.077358125 ; 7.784561626301684E8 ; 9.315908315549816E9 ; 6.522577615273665E11 ; 0.0
634 ; 9987111.315013487 ; 7.766299069146333E8 ; 9.325907166627174E9 ; 6.530362176899966E11 ; 0.0
635 ; 9986161.552818451 ; 7.748076859547035E8 ; 9.335894277942188E9 ; 6.538128475969113E11 ; 0.0
636 ; 9976668.326119654 ; 7.729894945699968E8 ; 9.345880439495007E9 ; 6.54587655282866E11 ; 0.0
637 ; 9957158.32987969 ; 7.711753277032634E8 ; 9.355857107821127E9 ; 6.553606447774359E11 ; 0.0
638 ; 9951246.609376263 ; 7.69365180424388E8 ; 9.365814266151007E9 ; 6.561318201051392E11 ; 0.0
639 ; 9945257.319739453 ; 7.675590479345813E8 ; 9.375765512760384E9 ; 6.569011852855636E11 ; 0.0
640 ; 9938821.336206349 ; 7.657569255707674E8 ; 9.385710770080124E9 ; 6.576687443334982E11 ; 0.0
641 ; 9926560.427126108 ; 7.6395880881018E8 ; 9.39564959141633E9 ; 6.58434501259069E11 ; 0.0
642 ; 9918549.943779396 ; 7.621646932751741E8 ; 9.405576151843456E9 ; 6.591984600678792E11 ; 0.0
643 ; 9913718.129458126 ; 7.603745747382667E8 ; 9.415494701787235E9 ; 6.599606247611543E11 ; 0.0
644 ; 9896423.61421074 ; 7.585884491274159E8 ; 9.425408419916693E9 ; 6.607209993358926E11 ; 0.0
645 ; 9889928.375674067 ; 7.568063125315499E8 ; 9.435304843530903E9 ; 6.6147958778502E11 ; 0.0
646 ; 9880712.202960385 ; 7.550281612063588E8 ; 9.445194771906576E9 ; 6.622363940975515E11 ; 0.0
647 ; 9867000.702197751 ; 7.532539915803609E8 ; 9.455075484109537E9 ; 6.629914222587578E11 ; 0.0
648 ; 9858159.405923001 ; 7.514838002612576E8 ; 9.464942484811735E9 ; 6.637446762503381E11 ; 0.0
649 ; 9852143.438518895 ; 7.497175840425891E8 ; 9.474800644217659E9 ; 6.644961600505994E11 ; 0.0
650 ; 9843079.343144849 ; 7.479553399107046E8 ; 9.484652787656178E9 ; 6.65245877634642E11 ; 0.0
651 ; 9831048.401337758 ; 7.461970650520655E8 ; 9.494495866999323E9 ; 6.659938329745526E11 ; 0.0
652 ; 9823771.375560569 ; 7.444427568608909E8 ; 9.504326915400661E9 ; 6.667400300396047E11 ; 0.0
653 ; 9802820.8648273 ; 7.426924129471653E8 ; 9.514150686776222E9 ; 6.674844727964656E11 ; 0.0
654 ; 9798354.041584402 ; 7.409460311450233E8 ; 9.52395350764105E9 ; 6.682271652094127E11 ; 0.0
655 ; 9794253.522938648 ; 7.392036095215276E8 ; 9.533751861682634E9 ; 6.689681112405577E11 ; 0.0
656 ; 9777111.37010425 ; 7.374651463858559E8 ; 9.543546115205572E9 ; 6.697073148500792E11 ; 0.0
657 ; 9771741.300870635 ; 7.357306402989184E8 ; 9.553323226575676E9 ; 6.704447799964651E11 ; 0.0
658 ; 9754950.48968467 ; 7.340000900834172E8 ; 9.563094967876547E9 ; 6.71180510636764E11 ; 0.0
659 ; 9743730.19192532 ; 7.322734948343718E8 ; 9.572849918366232E9 ; 6.719145107268474E11 ; 0.0
660 ; 9735986.085285949 ; 7.305508539301231E8 ; 9.582593648558157E9 ; 6.726467842216818E11 ; 0.0
661 ; 9724627.786871899 ; 7.288321670438378E8 ; 9.592329634643442E9 ; 6.733773350756119E11 ; 0.0
662 ; 9717252.686944507 ; 7.271174341555294E8 ; 9.602054262430313E9 ; 6.741061672426558E11 ; 0.0
663 ; 9702432.099576324 ; 7.254066555646137E8 ; 9.611771515117258E9 ; 6.748332846768113E11 ; 0.0
664 ; 9691535.453805666 ; 7.236998319030153E8 ; 9.621473947216835E9 ; 6.755586913323759E11 ; 0.0
665 ; 9682493.98354977 ; 7.219969641488444E8 ; 9.63116548267064E9 ; 6.762823911642789E11 ; 0.0
666 ; 9671439.721824411 ; 7.202980536406543E8 ; 9.64084797665419E9 ; 6.770043881284277E11 ; 0.0
667 ; 9665678.467843834 ; 7.186031020923002E8 ; 9.650519416376015E9 ; 6.777246861820684E11 ; 0.0
668 ; 9647887.368898595 ; 7.169121116084075E8 ; 9.660185094843859E9 ; 6.784432892841606E11 ; 0.0
669 ; 9633452.329824135 ; 7.152250847004626E8 ; 9.669832982212757E9 ; 6.79160201395769E11 ; 0.0
670 ; 9626577.476968698 ; 7.135420243035346E8 ; 9.679466434542582E9 ; 6.798754264804695E11 ; 0.0
671 ; 9617606.08461761 ; 7.118629337936339E8 ; 9.68909301201955E9 ; 6.805889685047731E11 ; 0.0
672 ; 9600185.955236286 ; 7.101878170057087E8 ; 9.698710618104168E9 ; 6.813008314385667E11 ; 0.0
673 ; 9594409.201931292 ; 7.085166782522787E8 ; 9.708310804059404E9 ; 6.820110192555724E11 ; 0.0
674 ; 9580574.955333527 ; 7.068495223426996E8 ; 9.717905213261335E9 ; 6.827195359338247E11 ; 0.0
675 ; 9568140.035510011 ; 7.051863546030439E8 ; 9.72748578821667E9 ; 6.834263854561674E11 ; 0.0
676 ; 9554147.020157242 ; 7.035271808965825E8 ; 9.737053928252178E9 ; 6.841315718107704E11 ; 0.0
677 ; 9547892.826434694 ; 7.018720076448344E8 ; 9.746608075272335E9 ; 6.84835098991667E11 ; 0.0
678 ; 9532854.994922573 ; 7.002208418491561E8 ; 9.75615596809877E9 ; 6.855369709993118E11 ; 0.0
679 ; 9522045.840658205 ; 6.985736911128185E8 ; 9.765688823093693E9 ; 6.862371918411609E11 ; 0.0
680 ; 9500638.542261917 ; 6.969305636635168E8 ; 9.775210868934351E9 ; 6.869357655322737E11 ; 0.0
681 ; 9493308.694005491 ; 6.952914683762395E8 ; 9.784711507476612E9 ; 6.876326960959373E11 ; 0.0
682 ; 9478983.526667167 ; 6.936564147964166E8 ; 9.794204816170618E9 ; 6.883279875643135E11 ; 0.0
683 ; 9463881.105652824 ; 6.920254131632355E8 ; 9.803683799697285E9 ; 6.890216439791099E11 ; 0.0
684 ; 9454771.099023318 ; 6.90398474433008E8 ; 9.813147680802938E9 ; 6.897136693922731E11 ; 0.0
685 ; 9444496.527198292 ; 6.887756103024457E8 ; 9.822602451901962E9 ; 6.90404067866706E11 ; 0.0
686 ; 9428983.722047888 ; 6.87156833231673E8 ; 9.832046948429161E9 ; 6.910928434770085E11 ; 0.0
687 ; 9418685.51506932 ; 6.855421564667894E8 ; 9.841475932151209E9 ; 6.917800003102402E11 ; 0.0
688 ; 9402592.988033077 ; 6.839315940617547E8 ; 9.850894617666279E9 ; 6.92465542466707E11 ; 0.0
689 ; 9393572.472169127 ; 6.823251608993515E8 ; 9.860297210654312E9 ; 6.931494740607688E11 ; 0.0
690 ; 9377611.397312144 ; 6.807228727109303E8 ; 9.869690783126482E9 ; 6.938317992216681E11 ; 0.0
691 ; 9368399.011733787 ; 6.79124746094624E8 ; 9.879068394523794E9 ; 6.94512522094379E11 ; 0.0
692 ; 9349432.458017519 ; 6.775307985316603E8 ; 9.888436793535528E9 ; 6.951916468404736E11 ; 0.0
693 ; 9337905.120738178 ; 6.759410484003807E8 ; 9.897786225993546E9 ; 6.958691776390052E11 ; 0.0
694 ; 9320130.84869138 ; 6.743555149875109E8 ; 9.907124131114285E9 ; 6.965451186874056E11 ; 0.0
695 ; 9310369.351841219 ; 6.727742184962001E8 ; 9.916444261962976E9 ; 6.972194742023932E11 ; 0.0
696 ; 9295674.952818217 ; 6.711971800502927E8 ; 9.925754631314817E9 ; 6.978922484208894E11 ; 0.0
697 ; 9284389.21145023 ; 6.696244216942523E8 ; 9.935050306267635E9 ; 6.985634456009397E11 ; 0.0
698 ; 9276655.942095153 ; 6.680559663881183E8 ; 9.944334695479086E9 ; 6.992330700226339E11 ; 0.0
699 ; 9259061.874538207 ; 6.664918379968289E8 ; 9.95361135142118E9 ; 6.99901125989022E11 ; 0.0
700 ; 9245066.552325768 ; 6.649320612732114E8 ; 9.96287041329572E9 ; 7.005676178270188E11 ; 0.0
701 ; 9229936.408978643 ; 6.63376661833907E8 ; 9.972115479848045E9 ; 7.01232549888292E11 ; 0.0
702 ; 9212454.719849885 ; 6.618256661274767E8 ; 9.981345416257025E9 ; 7.018959265501259E11 ; 0.0
703 ; 9202241.280642536 ; 6.60279101393918E8 ; 9.990557870976875E9 ; 7.025577522162533E11 ; 0.0
704 ; 9185620.908850979 ; 6.58736995614829E8 ; 9.999760112257519E9 ; 7.032180313176472E11 ; 0.0
705 ; 9168188.44272892 ; 6.571993774534627E8 ; 1.000894573316637E10 ; 7.038767683132621E11 ; 0.0
706 ; 9159957.04664857 ; 6.556662761839623E8 ; 1.0018113921609098E10 ; 7.045339676907156E11 ; 0.0
707 ; 9148107.502135605 ; 6.541377216091121E8 ; 1.0027273878655746E10 ; 7.051896339668995E11 ; 0.0
708 ; 9127540.88194779 ; 6.526137439660289E8 ; 1.0036421986157883E10 ; 7.058437716885087E11 ; 0.0
709 ; 9115014.055365534 ; 6.510943738193266E8 ; 1.0045549527039831E10 ; 7.064963854324747E11 ; 0.0
710 ; 9095493.894614132 ; 6.495796419414233E8 ; 1.0054664541095196E10 ; 7.071474798062941E11 ; 0.0
711 ; 9084765.321894798 ; 6.480695791798332E8 ; 1.0063760034989809E10 ; 7.077970594482355E11 ; 0.0
712 ; 9063752.81360297 ; 6.465642163114902E8 ; 1.0072844800311705E10 ; 7.084451290274153E11 ; 0.0
713 ; 9051307.710394323 ; 6.450635838843814E8 ; 1.0081908553125307E10 ; 7.090916932437268E11 ; 0.0
714 ; 9041453.745771598 ; 6.435677120470395E8 ; 1.0090959860835701E10 ; 7.097367568276112E11 ; 0.0
715 ; 9023549.9550659 ; 6.420766303667305E8 ; 1.0100001314581472E10 ; 7.103803245396582E11 ; 0.0
716 ; 9011849.276137656 ; 6.405903676374915E8 ; 1.010902486453654E10 ; 7.110224011700249E11 ; 0.0
717 ; 8995426.391011007 ; 6.391089516795015E8 ; 1.0118036713812677E10 ; 7.116629915376624E11 ; 0.0
718 ; 8975010.658349209 ; 6.376324091316003E8 ; 1.0127032140203688E10 ; 7.123021004893418E11 ; 0.0
719 ; 8963435.224104019 ; 6.361607652391031E8 ; 1.0136007150862038E10 ; 7.129397328984734E11 ; 0.0
720 ; 8954038.692057773 ; 6.346940436393715E8 ; 1.0144970586086142E10 ; 7.135758936637125E11 ; 0.0
721 ; 8987053.939876165 ; 6.356036157165077E8 ; 1.01539246247782E10 ; 7.142105877073519E11 ; 0.0
722 ; 9013383.06545949 ; 6.383666828826832E8 ; 1.0162911678718077E10 ; 7.148461913230685E11 ; 0.0
723 ; 9043073.354331708 ; 6.429832703135371E8 ; 1.0171925061783537E10 ; 7.154845580059512E11 ; 0.0
724 ; 9091964.706717975 ; 6.494534007370136E8 ; 1.0180968135137869E10 ; 7.161275412762646E11 ; 0.0
725 ; 9142181.80243786 ; 6.577770942525904E8 ; 1.0190060099844587E10 ; 7.167769946770017E11 ; 0.0
726 ; 9211869.07124399 ; 6.679543681668702E8 ; 1.0199202281647026E10 ; 7.174347717712543E11 ; 0.0
727 ; 9322639.895374037 ; 6.799852368485769E8 ; 1.020841415071827E10 ; 7.181027261394211E11 ; 0.0
728 ; 9491470.654278152 ; 6.938697116057312E8 ; 1.0217736790613644E10 ; 7.187827113762698E11 ; 0.0
729 ; 9740486.175792608 ; 7.096078005874317E8 ; 1.0227228261267921E10 ; 7.194765810878755E11 ; 0.0
730 ; 1.0156164704638844E7 ; 7.271995087122145E8 ; 1.0236968747443714E10 ; 7.201861888884629E11 ; 0.0
731 ; 1.082270603073939E7 ; 7.466448376244689E8 ; 1.0247124912148354E10 ; 7.20913388397175E11 ; 0.0
732 ; 1.190470601077399E7 ; 7.679437856798055E8 ; 1.0257947618179092E10 ; 7.216600332347996E11 ; 0.0
733 ; 1.2938615182519756E7 ; 7.91096347959688E8 ; 1.0269852324189867E10 ; 7.224279770204794E11 ; 0.0
734 ; 1.3032004691622904E7 ; 8.161025163150184E8 ; 1.0282790939372387E10 ; 7.232190733684391E11 ; 0.0
735 ; 1.3049198279512342E7 ; 8.429622794377754E8 ; 1.029582294406401E10 ; 7.240351758847542E11 ; 0.0
736 ; 1.3073977828931065E7 ; 8.716756229592358E8 ; 1.0308872142343523E10 ; 7.248781381641919E11 ; 0.0
737 ; 1.3084384551160598E7 ; 9.022425295727965E8 ; 1.0321946120172455E10 ; 7.257498137871511E11 ; 0.0
738 ; 1.3107038828729961E7 ; 9.346629791789794E8 ; 1.0335030504723616E10 ; 7.266520563167239E11 ; 0.0
739 ; 1.3118237676306518E7 ; 9.689369490498412E8 ; 1.0348137543552345E10 ; 7.275867192959028E11 ; 0.0
740 ; 1.3143209006877042E7 ; 1.0050644140097417E9 ; 1.0361255781228651E10 ; 7.285556562449526E11 ; 0.0
741 ; 1.3154603041126216E7 ; 1.0430453466292735E9 ; 1.0374398990235529E10 ; 7.295607206589624E11 ; 0.0
742 ; 1.317481951050419E7 ; 1.0828797174290645E9 ; 1.0387553593276655E10 ; 7.306037660055917E11 ; 0.0
743 ; 1.3192191671842776E7 ; 1.124567495090206E9 ; 1.0400728412787159E10 ; 7.316866457230208E11 ; 0.0
744 ; 1.3210492895627402E7 ; 1.1681086466681447E9 ; 1.0413920604459002E10 ; 7.32811213218111E11 ; 0.0
745 ; 1.3220250820604518E7 ; 1.2056313831961784E9 ; 1.042713109735463E10 ; 7.33979321864779E11 ; 0.0
746 ; 1.324258785300352E7 ; 1.205656956118969E9 ; 1.0440351348175234E10 ; 7.351849532479752E11 ; 0.0
747 ; 1.32504830312859E7 ; 1.2056839446494064E9 ; 1.0453593936028238E10 ; 7.363906102040942E11 ; 0.0
748 ; 1.3267929406436188E7 ; 1.2057123114498277E9 ; 1.0466844419059525E10 ; 7.375962941487437E11 ; 0.0
749 ; 1.3281496436078873E7 ; 1.205742018583412E9 ; 1.0480112348465961E10 ; 7.388020064601935E11 ; 0.0
750 ; 1.3303923078784999E7 ; 1.20577302769595E9 ; 1.049339384490204E10 ; 7.400077484787769E11 ; 0.0
751 ; 1.3326606185132513E7 ; 1.2058053001863108E9 ; 1.0506697767980825E10 ; 7.412135215064728E11 ; 0.0
752 ; 1.3346091675219042E7 ; 1.2058387973647656E9 ; 1.0520024374165958E10 ; 7.42419326806659E11 ; 0.0
753 ; 1.3368911778768506E7 ; 1.205873480598626E9 ; 1.0533370465841177E10 ; 7.436251656040238E11 ; 0.0
754 ; 1.3384441971451884E7 ; 1.2059093114449067E9 ; 1.0546739377619946E10 ; 7.448310390846224E11 ; 0.0
755 ; 1.3405761416173778E7 ; 1.2059462517699785E9 ; 1.0560123819591398E10 ; 7.460369483960674E11 ; 0.0
756 ; 1.3422833277557692E7 ; 1.2059842638563628E9 ; 1.0573529581007572E10 ; 7.472428946478374E11 ; 0.0
757 ; 1.3452575857242927E7 ; 1.2060233104969969E9 ; 1.058695241428513E10 ; 7.484488789116937E11 ; 0.0
758 ; 1.3465166616654567E7 ; 1.2060633550774405E9 ; 1.0600404990142372E10 ; 7.496549022221907E11 ; 0.0
759 ; 1.3478669651328012E7 ; 1.2061043616466014E9 ; 1.0613870156759027E10 ; 7.508609655772681E11 ; 0.0
760 ; 1.3496965232207665E7 ; 1.2061462949766355E9 ; 1.0627348826410355E10 ; 7.520670699389147E11 ; 0.0
761 ; 1.3519516981433826E7 ; 1.206189120612743E9 ; 1.0640845791642563E10 ; 7.532732162338914E11 ; 0.0
762 ; 1.3540008337201234E7 ; 1.2062328049136071E9 ; 1.0654365308623997E10 ; 7.544794053545042E11 ; 0.0
763 ; 1.3560503563538315E7 ; 1.2062773150832486E9 ; 1.0667905316961199E10 ; 7.556856381594177E11 ; 0.0
764 ; 1.3571916906215386E7 ; 1.2063226191950555E9 ; 1.0681465820524736E10 ; 7.56891915474501E11 ; 0.0
765 ; 1.3590682737972988E7 ; 1.2063686862087522E9 ; 1.0695037737430952E10 ; 7.58098238093696E11 ; 0.0
766 ; 1.3614705004042586E7 ; 1.2064154859810321E9 ; 1.0708628420168924E10 ; 7.593046067799048E11 ; 0.0
767 ; 1.3624957438374743E7 ; 1.2064629892705603E9 ; 1.0722243125172966E10 ; 7.605110222658859E11 ; 0.0
768 ; 1.3639839307572946E7 ; 1.2065111677380037E9 ; 1.0735868082611341E10 ; 7.617174852551564E11 ; 0.0
769 ; 1.3653653517391784E7 ; 1.20655999394172E9 ; 1.0749507921918915E10 ; 7.629239964228944E11 ; 0.0
770 ; 1.3670651851892427E7 ; 1.2066094413296714E9 ; 1.0763161575436306E10 ; 7.641305564168362E11 ; 0.0
771 ; 1.3692618690099332E7 ; 1.2066594842281134E9 ; 1.0776832227288198E10 ; 7.653371658581659E11 ; 0.0
772 ; 1.3710183055372085E7 ; 1.2067100978275325E9 ; 1.0790524845978298E10 ; 7.66543825342394E11 ; 0.0
773 ; 1.3725613841491794E7 ; 1.2067612581662884E9 ; 1.080423502903367E10 ; 7.677505354402216E11 ; 0.0
774 ; 1.373663030586494E7 ; 1.2068129421123586E9 ; 1.0817960642875162E10 ; 7.689572966983878E11 ; 0.0
775 ; 1.3751314693216242E7 ; 1.206865127343547E9 ; 1.0831697273181026E10 ; 7.701641096405001E11 ; 0.0
776 ; 1.3769591066619562E7 ; 1.2069177923264804E9 ; 1.0845448587874243E10 ; 7.713709747678436E11 ; 0.0
777 ; 1.3781775846083649E7 ; 1.2069709162946765E9 ; 1.0859218178940863E10 ; 7.725778925601702E11 ; 0.0
778 ; 1.3793767952464946E7 ; 1.2070244792259402E9 ; 1.0872999954786947E10 ; 7.737848634764648E11 ; 0.0
779 ; 1.3810281407283071E7 ; 1.2070784618193054E9 ; 1.0886793722739412E10 ; 7.749918879556908E11 ; 0.0
780 ; 1.382158858896596E7 ; 1.207132845471715E9 ; 1.0900604004146696E10 ; 7.761989664175101E11 ; 0.0
781 ; 1.3838746083359284E7 ; 1.2071876122546117E9 ; 1.0914425592735662E10 ; 7.774060992629818E11 ; 0.0
782 ; 1.3855562495537614E7 ; 1.2072427448905745E9 ; 1.0928264338819021E10 ; 7.786132868752365E11 ; 0.0
783 ; 1.3870198467569422E7 ; 1.2072982267301292E9 ; 1.0942119901314558E10 ; 7.798205296201271E11 ; 0.0
784 ; 1.387969057157273E7 ; 1.2073540417288327E9 ; 1.0955990099782127E10 ; 7.810278278468572E11 ; 0.0
785 ; 1.3894313923615405E7 ; 1.2074101744247203E9 ; 1.09698697903537E10 ; 7.82235181888586E11 ; 0.0
786 ; 1.390515503555436E7 ; 1.2074666099161813E9 ; 1.0983764104277315E10 ; 7.834425920630107E11 ; 0.0
787 ; 1.3917288961996563E7 ; 1.2075233338403282E9 ; 1.099766925931287E10 ; 7.846500586729269E11 ; 0.0
788 ; 1.3931726524997933E7 ; 1.2075803323518994E9 ; 1.1011586548274866E10 ; 7.858575820067672E11 ; 0.0
789 ; 1.3935917271022808E7 ; 1.2076375921027336E9 ; 1.1025518274799864E10 ; 7.870651623391191E11 ; 0.0
790 ; 1.3950108343655761E7 ; 1.2076951002218432E9 ; 1.1039454192070887E10 ; 7.882727999312219E11 ; 0.0
791 ; 1.396213593023304E7 ; 1.2077528442961056E9 ; 1.1053404300414543E10 ; 7.894804950314437E11 ; 0.0
792 ; 1.3972526005879814E7 ; 1.2078108123515835E9 ; 1.1067366436344776E10 ; 7.906882478757399E11 ; 0.0
793 ; 1.3984174049247058E7 ; 1.2078689928354826E9 ; 1.1081338962350657E10 ; 7.918960586880914E11 ; 0.0
794 ; 1.3998558931202527E7 ; 1.2079273745987477E9 ; 1.1095323136399904E10 ; 7.931039276809269E11 ; 0.0
795 ; 1.3999896787122997E7 ; 1.207985946879295E9 ; 1.1109321695331106E10 ; 7.943118550555256E11 ; 0.0
796 ; 1.401828864811492E7 ; 1.2080446992858772E9 ; 1.1123321592118229E10 ; 7.955198410024049E11 ; 0.0
797 ; 1.4025310972182186E7 ; 1.2081036217825663E9 ; 1.1137339880766344E10 ; 7.967278857016908E11 ; 0.0
798 ; 1.4023956231879713E7 ; 1.2081627046738513E9 ; 1.1151365191738525E10 ; 7.979359893234734E11 ; 0.0
799 ; 1.4017053471448887E7 ; 1.208221938590333E9 ; 1.1165389147970406E10 ; 7.991441520281472E11 ; 0.0
800 ; 1.4023586980103431E7 ; 1.2082813144750032E9 ; 1.1179406201441854E10 ; 8.003523739667375E11 ; 0.0
801 ; 1.4009538768021008E7 ; 1.2083408235700884E9 ; 1.1193429788421957E10 ; 8.015606552812125E11 ; 0.0
802 ; 1.4008915266784687E7 ; 1.2084004574044511E9 ; 1.1207439327189978E10 ; 8.027689961047826E11 ; 0.0
803 ; 1.4004650183143161E7 ; 1.2084602077815206E9 ; 1.1221448242456762E10 ; 8.03977396562187E11 ; 0.0
804 ; 1.4001590976753168E7 ; 1.2085200667677424E9 ; 1.1235452892639906E10 ; 8.051858567699685E11 ; 0.0
805 ; 1.3991605993225431E7 ; 1.2085800266815276E9 ; 1.124945448361666E10 ; 8.063943768367362E11 ; 0.0
806 ; 1.3991010012611281E7 ; 1.2086400800826797E9 ; 1.1263446089609884E10 ; 8.076029568634177E11 ; 0.0
807 ; 1.3991804946325855E7 ; 1.2087002197622888E9 ; 1.1277437099622496E10 ; 8.088115969435004E11 ; 0.0
808 ; 1.398117179821974E7 ; 1.208760438733068E9 ; 1.129142890456882E10 ; 8.100202971632627E11 ; 0.0
809 ; 1.3980966851489622E7 ; 1.208820730220118E9 ; 1.130541007636704E10 ; 8.112290576019957E11 ; 0.0
810 ; 1.3966013369252708E7 ; 1.2088810876521015E9 ; 1.131939104321853E10 ; 8.124378783322158E11 ; 0.0
811 ; 1.3965610920930762E7 ; 1.2089415046528125E9 ; 1.1333357056587784E10 ; 8.136467594198679E11 ; 0.0
812 ; 1.3957343502224948E7 ; 1.2090019750331202E9 ; 1.1347322667508715E10 ; 8.148557009245208E11 ; 0.0
813 ; 1.3946002027987808E7 ; 1.2090624927832751E9 ; 1.136128001101094E10 ; 8.160647028995538E11 ; 0.0
814 ; 1.3942491102970798E7 ; 1.2091230520655608E9 ; 1.1375226013038929E10 ; 8.172737653923372E11 ; 0.0
815 ; 1.3942063386064557E7 ; 1.2091836472072732E9 ; 1.13891685041419E10 ; 8.184828884444027E11 ; 0.0
816 ; 1.3923425653102683E7 ; 1.2092442726940174E9 ; 1.1403110567527964E10 ; 8.1969207209161E11 ; 0.0
817 ; 1.3917265449411703E7 ; 1.2093049231633053E9 ; 1.1417033993181067E10 ; 8.20901316364304E11 ; 0.0
818 ; 1.39113314386532E7 ; 1.2093655933984418E9 ; 1.1430951258630478E10 ; 8.221106212874673E11 ; 0.0
819 ; 1.3903548625187248E7 ; 1.2094262783226826E9 ; 1.1444862590069132E10 ; 8.233199868808657E11 ; 0.0
820 ; 1.3897821700623164E7 ; 1.2094869729936593E9 ; 1.1458766138694319E10 ; 8.245294131591884E11 ; 0.0
821 ; 1.388774410328943E7 ; 1.2095476725980496E9 ; 1.1472663960394941E10 ; 8.25738900132182E11 ; 0.0
822 ; 1.3880154079476891E7 ; 1.2096083724464898E9 ; 1.148655170449823E10 ; 8.2694844780478E11 ; 0.0
823 ; 1.3870126572773425E7 ; 1.209669067968712E9 ; 1.1500431858577707E10 ; 8.281580561772266E11 ; 0.0
824 ; 1.385814277271372E7 ; 1.209729754708903E9 ; 1.151430198515048E10 ; 8.293677252451953E11 ; 0.0
825 ; 1.385750757543806E7 ; 1.2097904283212633E9 ; 1.1528160127923195E10 ; 8.305774549999042E11 ; 0.0
826 ; 1.3842238788110139E7 ; 1.20985108456577E9 ; 1.1542017635498632E10 ; 8.317872454282255E11 ; 0.0
827 ; 1.3833252870045278E7 ; 1.2099117193041236E9 ; 1.1555859874286743E10 ; 8.329970965127913E11 ; 0.0
828 ; 1.382396837744016E7 ; 1.209972328495877E9 ; 1.1569693127156788E10 ; 8.342070082320953E11 ; 0.0
829 ; 1.3812894522058446E7 ; 1.2100329081947327E9 ; 1.1583517095534227E10 ; 8.354169805605912E11 ; 0.0
830 ; 1.3798132101481058E7 ; 1.210093454545006E9 ; 1.1597329990056286E10 ; 8.366270134687859E11 ; 0.0
831 ; 1.3789542943260947E7 ; 1.21015396377824E9 ; 1.1611128122157766E10 ; 8.378371069233309E11 ; 0.0
832 ; 1.3778291624904849E7 ; 1.2102144322099717E9 ; 1.1624917665101027E10 ; 8.390472608871091E11 ; 0.0
833 ; 1.376726916457331E7 ; 1.2102748562366385E9 ; 1.1638695956725931E10 ; 8.402574753193191E11 ; 0.0
834 ; 1.375517701916266E7 ; 1.2103352323326178E9 ; 1.1652463225890505E10 ; 8.414677501755558E11 ; 0.0
835 ; 1.3740362991854977E7 ; 1.2103955570473971E9 ; 1.1666218402909668E10 ; 8.426780854078884E11 ; 0.0
836 ; 1.3724915486805912E7 ; 1.2104558270028644E9 ; 1.1679958765901524E10 ; 8.438884809649358E11 ; 0.0
837 ; 1.3718092073856192E7 ; 1.2105160388907166E9 ; 1.1693683681388329E10 ; 8.450989367919386E11 ; 0.0
838 ; 1.3708884573446536E7 ; 1.2105761894699783E9 ; 1.1707401773462185E10 ; 8.463094528308293E11 ; 0.0
839 ; 1.3694410363763778E7 ; 1.2106362755646281E9 ; 1.1721110658035631E10 ; 8.475200290202993E11 ; 0.0
840 ; 1.3681693347686192E7 ; 1.2106962940613217E9 ; 1.1734805068399395E10 ; 8.487306652958639E11 ; 0.0
841 ; 1.3667661005730223E7 ; 1.2107562419072192E9 ; 1.1748486761747082E10 ; 8.499413615899252E11 ; 0.0
842 ; 1.3656918074374964E7 ; 1.2108161161078959E9 ; 1.1762154422752811E10 ; 8.511521178318324E11 ; 0.0
843 ; 1.3638913692140298E7 ; 1.210875913725347E9 ; 1.1775811340827187E10 ; 8.523629339479403E11 ; 0.0
844 ; 1.3629551631415896E7 ; 1.210935631876074E9 ; 1.1789450254519327E10 ; 8.535738098616656E11 ; 0.0
845 ; 1.3611544357535873E7 ; 1.2109952677292495E9 ; 1.1803079806150743E10 ; 8.547847454935417E11 ; 0.0
846 ; 1.3599415520779425E7 ; 1.2110548185049613E9 ; 1.181669135050828E10 ; 8.55995740761271E11 ; 0.0
847 ; 1.358563638439817E7 ; 1.211114281472527E9 ; 1.1830290766029058E10 ; 8.57206795579776E11 ; 0.0
848 ; 1.356551965656951E7 ; 1.2111736539488795E9 ; 1.1843876402413456E10 ; 8.584179098612485E11 ; 0.0
849 ; 1.3560176931564264E7 ; 1.2112329332970188E9 ; 1.1857441922070026E10 ; 8.596290835151974E11 ; 0.0
850 ; 1.353365675119191E7 ; 1.2112921169245253E9 ; 1.187100209900159E10 ; 8.608403164484944E11 ; 0.0
851 ; 1.3500461291773167E7 ; 1.211351202282137E9 ; 1.1884535755752783E10 ; 8.62051608565419E11 ; 0.0
852 ; 1.3473644880343355E7 ; 1.211410186862381E9 ; 1.1898036217044556E10 ; 8.63262959767701E11 ; 0.0
853 ; 1.3446155128015539E7 ; 1.211469068198264E9 ; 1.1911509861924898E10 ; 8.644743699545635E11 ; 0.0
854 ; 1.3419775797403116E7 ; 1.2115278438620124E9 ; 1.1924956017052914E10 ; 8.656858390227617E11 ; 0.0
855 ; 1.338245179792194E7 ; 1.2115865114638648E9 ; 1.1938375792850317E10 ; 8.668973668666238E11 ; 0.0
856 ; 1.3356233252720078E7 ; 1.2116450686509113E9 ; 1.195175824464824E10 ; 8.681089533780876E11 ; 0.0
857 ; 1.3330299998214684E7 ; 1.2117035131059813E9 ; 1.1965114477900959E10 ; 8.693205984467385E11 ; 0.0
858 ; 1.3295655616666552E7 ; 1.2117618425465727E9 ; 1.1978444777899174E10 ; 8.705323019598445E11 ; 0.0
859 ; 1.3265802284648532E7 ; 1.2118200547238262E9 ; 1.199174043351584E10 ; 8.717440638023911E11 ; 0.0
860 ; 1.3236598759335212E7 ; 1.2118781474215362E9 ; 1.200500623580049E10 ; 8.72955883857115E11 ; 0.0
861 ; 1.3208758225637503E7 ; 1.2119361184552042E9 ; 1.2018242834559824E10 ; 8.741677620045365E11 ; 0.0
862 ; 1.3170431889568346E7 ; 1.2119939656711276E9 ; 1.2031451592785461E10 ; 8.753796981229917E11 ; 0.0
863 ; 1.3141798972439744E7 ; 1.2120516869455228E9 ; 1.204462202467503E10 ; 8.765916920886628E11 ; 0.0
864 ; 1.3116643408155728E7 ; 1.2121092801836848E9 ; 1.2057763823647469E10 ; 8.778037437756084E11 ; 0.0
865 ; 1.3108718135800617E7 ; 1.2121667433191752E9 ; 1.2070880467055624E10 ; 8.790158530557921E11 ; 0.0
866 ; 1.3097602562037338E7 ; 1.212224074313047E9 ; 1.2083989185191425E10 ; 8.802280197991113E11 ; 0.0
867 ; 1.309243313296748E7 ; 1.212281271153093E9 ; 1.2097086787753462E10 ; 8.814402438734243E11 ; 0.0
868 ; 1.3084539018002214E7 ; 1.2123383318531275E9 ; 1.2110179220886429E10 ; 8.826525251445774E11 ; 0.0
869 ; 1.308027431053846E7 ; 1.2123952544522922E9 ; 1.212326375990443E10 ; 8.838648634764305E11 ; 0.0
870 ; 1.3064531104090068E7 ; 1.2124520370143912E9 ; 1.213634403421497E10 ; 8.850772587308828E11 ; 0.0
871 ; 1.305995826179105E7 ; 1.2125086776272469E9 ; 1.214940856531906E10 ; 8.862897107678972E11 ; 0.0
872 ; 1.3052498504724441E7 ; 1.2125651744020853E9 ; 1.216246852358085E10 ; 8.875022194455244E11 ; 0.0
873 ; 1.3041878760984816E7 ; 1.212621525472939E9 ; 1.2175521022085575E10 ; 8.887147846199265E11 ; 0.0
874 ; 1.3033100991348568E7 ; 1.212677728996077E9 ; 1.218856290084656E10 ; 8.899274061453994E11 ; 0.0
875 ; 1.3025154600345435E7 ; 1.2127337831494522E9 ; 1.2201596001837908E10 ; 8.911400838743955E11 ; 0.0
876 ; 1.3013160548880875E7 ; 1.2127896861321712E9 ; 1.2214621156438253E10 ; 8.923528176575449E11 ; 0.0
877 ; 1.3004413641422292E7 ; 1.2128454361639824E9 ; 1.2227634316987135E10 ; 8.935656073436771E11 ; 0.0
878 ; 1.3001888036602946E7 ; 1.2129010314847848E9 ; 1.2240638730628557E10 ; 8.947784527798411E11 ; 0.0
879 ; 1.2994556840009954E7 ; 1.2129564703541527E9 ; 1.225364061866516E10 ; 8.959913538113258E11 ; 0.0
880 ; 1.2976377102430955E7 ; 1.2130117510508785E9 ; 1.2266635175505169E10 ; 8.972043102816799E11 ; 0.0
881 ; 1.2977491071472436E7 ; 1.2130668718725317E9 ; 1.22796115526076E10 ; 8.984173220327308E11 ; 0.0
882 ; 1.296660778494871E7 ; 1.2131218311350348E9 ; 1.2292589043679071E10 ; 8.996303889046034E11 ; 0.0
883 ; 1.2953696453690695E7 ; 1.2131766271722548E9 ; 1.230555565146402E10 ; 9.008435107357384E11 ; 0.0
884 ; 1.2941170270272462E7 ; 1.2132312583356063E9 ; 1.2318509347917711E10 ; 9.020566873629106E11 ; 0.0
885 ; 1.2931354970564855E7 ; 1.2132857229936726E9 ; 1.2331450518187984E10 ; 9.032699186212462E11 ; 0.0
886 ; 1.2929160931110281E7 ; 1.2133400195318384E9 ; 1.234438187315855E10 ; 9.044832043442399E11 ; 0.0
887 ; 1.2915506380201153E7 ; 1.2133941463519354E9 ; 1.235731103408966E10 ; 9.056965443637717E11 ; 0.0
888 ; 1.2906446056878697E7 ; 1.213448101871901E9 ; 1.2370226540469862E10 ; 9.069099385101237E11 ; 0.0
889 ; 1.2895102380356519E7 ; 1.2135018845254505E9 ; 1.2383132986526741E10 ; 9.081233866119956E11 ; 0.0
890 ; 1.2891941700023498E7 ; 1.2135554927617562E9 ; 1.2396028088907097E10 ; 9.09336888496521E11 ; 0.0
891 ; 1.2873314966189777E7 ; 1.2136089250451436E9 ; 1.240892003060712E10 ; 9.105504439892827E11 ; 0.0
892 ; 1.2870191629097585E7 ; 1.2136621798547947E9 ; 1.242179334557331E10 ; 9.117640529143279E11 ; 0.0
893 ; 1.2863107900995165E7 ; 1.2137152556844623E9 ; 1.2434663537202408E10 ; 9.129777150941826E11 ; 0.0
894 ; 1.2848680420905504E7 ; 1.2137681510421944E9 ; 1.2447526645103403E10 ; 9.141914303498671E11 ; 0.0
895 ; 1.2842410684545647E7 ; 1.213820864450068E9 ; 1.246037532552431E10 ; 9.154051985009093E11 ; 0.0
896 ; 1.2826018859747976E7 ; 1.2138733944439335E9 ; 1.2473217736208855E10 ; 9.166190193653594E11 ; 0.0
897 ; 1.2818380731197624E7 ; 1.213925739573164E9 ; 1.2486043755068604E10 ; 9.178328927598033E11 ; 0.0
898 ; 1.2802422791684086E7 ; 1.2139778984004197E9 ; 1.24988621357998E10 ; 9.190468184993765E11 ; 0.0
899 ; 1.2794436425911684E7 ; 1.2140298695014136E9 ; 1.2511664558591484E10 ; 9.202607963977769E11 ; 0.0
900 ; 1.2784325831263931E7 ; 1.2140816514646893E9 ; 1.2524458995017395E10 ; 9.214748262672783E11 ; 0.0
901 ; 1.2778214987488808E7 ; 1.214133242891405E9 ; 1.253724332084866E10 ; 9.22688907918743E11 ; 0.0
902 ; 1.2759387396243986E7 ; 1.2141846423951263E9 ; 1.255002153583615E10 ; 9.239030411616344E11 ; 0.0
903 ; 1.2750234742941124E7 ; 1.214235848601624E9 ; 1.2562780923232393E10 ; 9.251172258040295E11 ; 0.0
904 ; 1.2745029700602306E7 ; 1.2142868601486793E9 ; 1.2575531157975334E10 ; 9.263314616526312E11 ; 0.0
905 ; 1.2732100470303413E7 ; 1.2143376756858964E9 ; 1.2588276187675936E10 ; 9.275457485127799E11 ; 0.0
906 ; 1.2723494924435899E7 ; 1.2143882938745217E9 ; 1.2601008288146238E10 ; 9.287600861884658E11 ; 0.0
907 ; 1.2705998329879388E7 ; 1.2144387133872676E9 ; 1.2613731783070675E10 ; 9.299744744823403E11 ; 0.0
908 ; 1.2700703877677327E7 ; 1.214488932908143E9 ; 1.2626437781400555E10 ; 9.311889131957275E11 ; 0.0
909 ; 1.268400285299565E7 ; 1.2145389511322904E9 ; 1.2639138485278233E10 ; 9.324034021286357E11 ; 0.0
910 ; 1.2680237244431274E7 ; 1.2145887667658253E9 ; 1.2651822488131227E10 ; 9.336179410797681E11 ; 0.0
911 ; 1.2670388235755477E7 ; 1.2146383785256863E9 ; 1.2664502725375658E10 ; 9.348325298465339E11 ; 0.0
912 ; 1.2656949814814888E7 ; 1.2146877851394854E9 ; 1.2677173113611414E10 ; 9.360471682250596E11 ; 0.0
913 ; 1.264895438535847E7 ; 1.2147369853453639E9 ; 1.268983006342623E10 ; 9.372618560101991E11 ; 0.0
914 ; 1.2627781982983798E7 ; 1.2147859778918574E9 ; 1.2702479017811588E10 ; 9.384765929955444E11 ; 0.0
915 ; 1.2619625827611078E7 ; 1.2148347615377588E9 ; 1.2715106799794573E10 ; 9.396913789734363E11 ; 0.0
916 ; 1.2608398874240633E7 ; 1.2148833350519905E9 ; 1.2727726425622185E10 ; 9.40906213734974E11 ; 0.0
917 ; 1.2601143641466998E7 ; 1.2149316972134807E9 ; 1.2740334824496426E10 ; 9.42121097070026E11 ; 0.0
918 ; 1.2581323591633517E7 ; 1.21497984681104E9 ; 1.2752935968137892E10 ; 9.433360287672395E11 ; 0.0
919 ; 1.2573568366258029E7 ; 1.2150277826432457E9 ; 1.2765517291729525E10 ; 9.445510086140505E11 ; 0.0
920 ; 1.2565072719463812E7 ; 1.1631950543704758E9 ; 1.2778090860095783E10 ; 9.457660363966937E11 ; 0.0
921 ; 1.2549830576680701E7 ; 1.0337829693453848E9 ; 1.2790655932815247E10 ; 9.469292314510642E11 ; 0.0
922 ; 1.2538585015461683E7 ; 9.227282727165469E8 ; 1.2803205763391928E10 ; 9.479630144204095E11 ; 0.0
923 ; 1.252480220284726E7 ; 9.180149700662384E8 ; 1.2815744348407389E10 ; 9.488857426931261E11 ; 0.0
924 ; 1.2512266467114994E7 ; 9.159877709619628E8 ; 1.2828269150610235E10 ; 9.498037576631924E11 ; 0.0
925 ; 1.2504791224042723E7 ; 9.139651159125471E8 ; 1.284078141707735E10 ; 9.507197454341543E11 ; 0.0
926 ; 1.2489395023855692E7 ; 9.119469928354586E8 ; 1.2853286208301394E10 ; 9.516337105500669E11 ; 0.0
927 ; 1.2470217064585648E7 ; 9.099333896822721E8 ; 1.2865775603325249E10 ; 9.525456575429023E11 ; 0.0
928 ; 1.245528743639797E7 ; 9.079242944385262E8 ; 1.2878245820389833E10 ; 9.534555909325846E11 ; 0.0
929 ; 1.244117472487934E7 ; 9.059196951235831E8 ; 1.2890701107826231E10 ; 9.543635152270231E11 ; 0.0
930 ; 1.2435220026626812E7 ; 9.039195797904887E8 ; 1.2903142282551111E10 ; 9.552694349221466E11 ; 0.0
931 ; 1.2424294684410341E7 ; 9.019239365258372E8 ; 1.2915577502577738E10 ; 9.561733545019371E11 ; 0.0
932 ; 1.2414718756005598E7 ; 8.999327534496396E8 ; 1.2928001797262148E10 ; 9.57075278438463E11 ; 0.0
933 ; 1.239531906903983E7 ; 8.979460187151904E8 ; 1.2940416516018154E10 ; 9.579752111919126E11 ; 0.0
934 ; 1.2376060764544902E7 ; 8.959637205089428E8 ; 1.2952811835087194E10 ; 9.588731572106278E11 ; 0.0
935 ; 1.2370860101215186E7 ; 8.939858470503808E8 ; 1.296518789585174E10 ; 9.597691209311367E11 ; 0.0
936 ; 1.2356731307830777E7 ; 8.920123865918986E8 ; 1.2977558755952955E10 ; 9.606631067781871E11 ; 0.0
937 ; 1.2341945918769237E7 ; 8.90043327418677E8 ; 1.2989915487260786E10 ; 9.61555119164779E11 ; 0.0
938 ; 1.2327553657549422E7 ; 8.880786578485676E8 ; 1.3002257433179556E10 ; 9.624451624921978E11 ; 0.0
939 ; 1.231250437341744E7 ; 8.861183662319747E8 ; 1.3014584986837105E10 ; 9.633332411500463E11 ; 0.0
940 ; 1.230111453644528E7 ; 8.841624409517413E8 ; 1.3026897491210522E10 ; 9.642193595162782E11 ; 0.0
941 ; 1.228620419285952E7 ; 8.82210870423038E8 ; 1.3039198605746967E10 ; 9.6510352195723E11 ; 0.0
942 ; 1.2274258783212896E7 ; 8.802636430932505E8 ; 1.3051484809939827E10 ; 9.659857328276531E11 ; 0.0
943 ; 1.2255163149803769E7 ; 8.783207474418737E8 ; 1.306375906872304E10 ; 9.668659964707463E11 ; 0.0
944 ; 1.224676150174855E7 ; 8.763821719804041E8 ; 1.3076014231872843E10 ; 9.677443172181882E11 ; 0.0
945 ; 1.222846170716081E7 ; 8.744479052522342E8 ; 1.3088260993374592E10 ; 9.686206993901686E11 ; 0.0
946 ; 1.2218781469419962E7 ; 8.725179358325505E8 ; 1.3100489455081753E10 ; 9.694951472954208E11 ; 0.0
947 ; 1.220703657478276E7 ; 8.705922523282332E8 ; 1.3112708236551172E10 ; 9.703676652312533E11 ; 0.0
948 ; 1.2190201219953574E7 ; 8.686708433777546E8 ; 1.3124915273125956E10 ; 9.712382574835815E11 ; 0.0
949 ; 1.2182784103879828E7 ; 8.667536976510816E8 ; 1.313710547434591E10 ; 9.721069283269594E11 ; 0.0
950 ; 1.2164927313756416E7 ; 8.648408038495804E8 ; 1.314928825844979E10 ; 9.729736820246105E11 ; 0.0
951 ; 1.2146162337009678E7 ; 8.629321507059202E8 ; 1.3161453185763546E10 ; 9.738385228284601E11 ; 0.0
952 ; 1.212725181359933E7 ; 8.610277269839804E8 ; 1.3173599348100555E10 ; 9.74701454979166E11 ; 0.0
953 ; 1.2121165538281139E7 ; 8.591275214787575E8 ; 1.3185726599914154E10 ; 9.7556248270615E11 ; 0.0
954 ; 1.2104731064094618E7 ; 8.57231523016276E8 ; 1.3197847765452435E10 ; 9.764216102276288E11 ; 0.0
955 ; 1.20895053261792E7 ; 8.553397204534974E8 ; 1.320995249651653E10 ; 9.77278841750645E11 ; 0.0
956 ; 1.2068646290003601E7 ; 8.534521026782334E8 ; 1.3222042001842709E10 ; 9.781341814710985E11 ; 0.0
957 ; 1.2054631155237116E7 ; 8.51568658609057E8 ; 1.3234110648132711E10 ; 9.789876335737767E11 ; 0.0
958 ; 1.2046913258076888E7 ; 8.496893771952202E8 ; 1.3246165279287949E10 ; 9.798392022323857E11 ; 0.0
959 ; 1.2022644320625432E7 ; 8.478142474165671E8 ; 1.3258212192546026E10 ; 9.806888916095809E11 ; 0.0
960 ; 1.2013788860205455E7 ; 8.459432582834496E8 ; 1.3270234836866652E10 ; 9.815367058569976E11 ; 0.0
961 ; 1.2010889089971503E7 ; 8.440763988366494E8 ; 1.3282248625726856E10 ; 9.82382649115281E11 ; 0.0
962 ; 1.2016030999029655E7 ; 8.422136581472926E8 ; 1.3294259514816828E10 ; 9.832267255141177E11 ; 0.0
963 ; 1.2011286603659548E7 ; 8.403550253167723E8 ; 1.3306275545815857E10 ; 9.84068939172265E11 ; 0.0
964 ; 1.200932635360738E7 ; 8.385004894766686E8 ; 1.3318286832419516E10 ; 9.849092941975818E11 ; 0.0
965 ; 1.2016221017364904E7 ; 8.366500397886707E8 ; 1.3330296158773123E10 ; 9.857477946870585E11 ; 0.0
966 ; 1.2013897895407885E7 ; 8.348036654445013E8 ; 1.3342312379790487E10 ; 9.865844447268472E11 ; 0.0
967 ; 1.2016375083636433E7 ; 8.329613556658379E8 ; 1.3354326277685896E10 ; 9.874192483922916E11 ; 0.0
968 ; 1.2013625692126527E7 ; 8.311230997042402E8 ; 1.3366342652769533E10 ; 9.882522097479575E11 ; 0.0
969 ; 1.2019168545423035E7 ; 8.29288886841075E8 ; 1.337835627846166E10 ; 9.890833328476617E11 ; 0.0
970 ; 1.2008182726191921E7 ; 8.274587063874425E8 ; 1.3390375447007084E10 ; 9.899126217345028E11 ; 0.0
971 ; 1.2013022730205547E7 ; 8.256325476841042E8 ; 1.3402383629733276E10 ; 9.907400804408903E11 ; 0.0
972 ; 1.2009838744827349E7 ; 8.238104001014116E8 ; 1.3414396652463482E10 ; 9.915657129885743E11 ; 0.0
973 ; 1.2041159066053726E7 ; 8.219922530392349E8 ; 1.342640649120831E10 ; 9.923895233886758E11 ; 0.0
974 ; 1.2055934662969861E7 ; 8.201780959268926E8 ; 1.3438447650274363E10 ; 9.93211515641715E11 ; 0.0
975 ; 1.2080645311521288E7 ; 8.183679182230834E8 ; 1.3450503584937332E10 ; 9.940316937376418E11 ; 0.0
976 ; 1.2101850918303728E7 ; 8.165617094158167E8 ; 1.3462584230248854E10 ; 9.948500616558649E11 ; 0.0
977 ; 1.2126098840804465E7 ; 8.14759459022345E8 ; 1.3474686081167158E10 ; 9.956666233652806E11 ; 0.0
978 ; 1.2143026424357325E7 ; 8.129611565890968E8 ; 1.3486812180007963E10 ; 9.96481382824303E11 ; 0.0
979 ; 1.216308163616041E7 ; 8.111667916916108E8 ; 1.349895520643232E10 ; 9.972943439808921E11 ; 0.0
980 ; 1.218360303182878E7 ; 8.093763539344689E8 ; 1.351111828806848E10 ; 9.981055107725837E11 ; 0.0
981 ; 1.2212691664623922E7 ; 8.075898329512322E8 ; 1.3523301891100307E10 ; 9.989148871265182E11 ; 0.0
982 ; 1.2225916543402355E7 ; 8.058072184043757E8 ; 1.353551458276493E10 ; 9.997224769594694E11 ; 0.0
983 ; 1.2248176371121222E7 ; 8.040284999852262E8 ; 1.3547740499308332E10 ; 1.0005282841778738E12 ; 0.0
984 ; 1.226626476853873E7 ; 8.022536674138961E8 ; 1.3559988675679453E10 ; 1.001332312677859E12 ; 0.0
985 ; 1.2289811363696294E7 ; 8.004827104392232E8 ; 1.3572254940447992E10 ; 1.002134566345273E12 ; 0.0
986 ; 1.2310406534791358E7 ; 7.987156188387083E8 ; 1.358454475181169E10 ; 1.0029350490557122E12 ; 0.0
987 ; 1.2328158367382519E7 ; 7.969523824184527E8 ; 1.3596855158346481E10 ; 1.0037337646745509E12 ; 0.0
988 ; 1.2347772675107222E7 ; 7.951929910130976E8 ; 1.3609183316713863E10 ; 1.0045307170569694E12 ; 0.0
989 ; 1.2366326713762762E7 ; 7.93437434485764E8 ; 1.3621531089388971E10 ; 1.0053259100479824E12 ; 0.0
990 ; 1.2384067816877287E7 ; 7.91685702727993E8 ; 1.3633897416102734E10 ; 1.0061193474824681E12 ; 0.0
991 ; 1.2390208294407338E7 ; 7.89937785659685E8 ; 1.3646281483919611E10 ; 1.0069110331851962E12 ; 0.0
992 ; 1.2417626414742427E7 ; 7.881936732290429E8 ; 1.3658671692214018E10 ; 1.0077009709708558E12 ; 0.0
993 ; 1.2432312883622307E7 ; 7.86453355412511E8 ; 1.367108931862876E10 ; 1.0084891646440848E12 ; 0.0
994 ; 1.2450989158596564E7 ; 7.8471682221472E8 ; 1.3683521631512383E10 ; 1.0092756179994973E12 ; 0.0
995 ; 1.246389631133736E7 ; 7.829840636684268E8 ; 1.3695972620670979E10 ; 1.010060334821712E12 ; 0.0
996 ; 1.248078054356749E7 ; 7.812550698344588E8 ; 1.3708436516982315E10 ; 1.0108433188853805E12 ; 0.0
997 ; 1.2491034328454034E7 ; 7.795298308016572E8 ; 1.3720917297525883E10 ; 1.011624573955215E12 ; 0.0
998 ; 1.2511334122147793E7 ; 7.778083366868203E8 ; 1.3733408331854338E10 ; 1.0124041037860166E12 ; 0.0
999 ; 1.2531397732070584E7 ; 7.760905776346481E8 ; 1.3745919665976486E10 ; 1.0131819121227034E12 ; 0.0
1000 ; 1.2540510452746782E7 ; 7.743765438176862E8 ; 1.3758451063708557E10 ; 1.013958002700338E12 ; 0.0
1001 ; 1.2554420910492104E7 ; 7.726662254362719E8 ; 1.3770991574161304E10 ; 1.0147323792441556E12 ; 0.0
1002 ; 1.2574835942156207E7 ; 7.709596127184783E8 ; 1.3783545995071796E10 ; 1.0155050454695919E12 ; 0.0
1003 ; 1.2581429321189199E7 ; 7.692566959200609E8 ; 1.3796120831013952E10 ; 1.0162760050823104E12 ; 0.0
1004 ; 1.2603768156028258E7 ; 7.67557465324403E8 ; 1.3808702260335142E10 ; 1.0170452617782305E12 ; 0.0
1005 ; 1.261175833314455E7 ; 7.658619112424637E8 ; 1.382130602849117E10 ; 1.0178128192435549E12 ; 0.0
1006 ; 1.2623179467168443E7 ; 7.641700240127221E8 ; 1.3833917786824316E10 ; 1.0185786811547974E12 ; 0.0
1007 ; 1.2637334583199967E7 ; 7.624817940011263E8 ; 1.3846540966291485E10 ; 1.01934285117881E12 ; 0.0
1008 ; 1.2655658457444862E7 ; 7.607972116010405E8 ; 1.3859178300874685E10 ; 1.0201053329728112E12 ; 0.0
1009 ; 1.2656778589572294E7 ; 7.591162672331934E8 ; 1.387183395933213E10 ; 1.0208661301844122E12 ; 0.0
1010 ; 1.2672409811470963E7 ; 7.574389513456242E8 ; 1.3884490737921703E10 ; 1.0216252464516454E12 ; 0.0
1011 ; 1.268403241617253E7 ; 7.557652544136336E8 ; 1.3897163147733173E10 ; 1.022382685402991E12 ; 0.0
1012 ; 1.2691833702174446E7 ; 7.540951669397308E8 ; 1.3909847180149345E10 ; 1.0231384506574045E12 ; 0.0
1013 ; 1.2707606062390676E7 ; 7.524286794535826E8 ; 1.392253901385152E10 ; 1.0238925458243442E12 ; 0.0
1014 ; 1.2726915173344765E7 ; 7.507657825119637E8 ; 1.3935246619913912E10 ; 1.0246449745037979E12 ; 0.0
1015 ; 1.2727339856447205E7 ; 7.491064666987057E8 ; 1.3947973535087257E10 ; 1.0253957402863098E12 ; 0.0
1016 ; 1.2737510787775237E7 ; 7.474507226246465E8 ; 1.3960700874943705E10 ; 1.0261448467530085E12 ; 0.0
1017 ; 1.274442015382382E7 ; 7.45798540927581E8 ; 1.397343838573148E10 ; 1.0268922974756332E12 ; 0.0
1018 ; 1.2752791925415097E7 ; 7.441499122722111E8 ; 1.3986182805885303E10 ; 1.0276380960165608E12 ; 0.0
1019 ; 1.2765551275548689E7 ; 7.425048273500968E8 ; 1.3998935597810719E10 ; 1.028382245928833E12 ; 0.0
1020 ; 1.2776292407502707E7 ; 7.40863276879607E8 ; 1.4011701149086267E10 ; 1.0291247507561831E12 ; 0.0
1021 ; 1.2781415881174877E7 ; 7.392252516058693E8 ; 1.402447744149377E10 ; 1.0298656140330627E12 ; 0.0
1022 ; 1.278925851760589E7 ; 7.375907423007237E8 ; 1.4037258857374945E10 ; 1.0306048392846686E12 ; 0.0
1023 ; 1.2793108368147325E7 ; 7.359597397626723E8 ; 1.4050048115892551E10 ; 1.0313424300269694E12 ; 0.0
1024 ; 1.2803910600050775E7 ; 7.34332234816832E8 ; 1.4062841224260698E10 ; 1.032078389766732E12 ; 0.0
1025 ; 1.2807384742548883E7 ; 7.32708218314886E8 ; 1.4075645134860748E10 ; 1.0328127220015488E12 ; 0.0
1026 ; 1.2814381001412382E7 ; 7.310876811350371E8 ; 1.4088452519603296E10 ; 1.0335454302198638E12 ; 0.0
1027 ; 1.2828977528911978E7 ; 7.294706141819583E8 ; 1.4101266900604708E10 ; 1.0342765179009988E12 ; 0.0
1028 ; 1.2825749594096592E7 ; 7.278570083867478E8 ; 1.411409587813362E10 ; 1.0350059885151808E12 ; 0.0
1029 ; 1.2837189341309238E7 ; 7.262468547068801E8 ; 1.4126921627727716E10 ; 1.0357338455235675E12 ; 0.0
1030 ; 1.2842967050567452E7 ; 7.246401441261597E8 ; 1.4139758817069025E10 ; 1.0364600923782744E12 ; 0.0
1031 ; 1.2843173821816482E7 ; 7.230368676546744E8 ; 1.4152601784119593E10 ; 1.0371847325224006E12 ; 0.0
1032 ; 1.2848736669030923E7 ; 7.214370163287491E8 ; 1.416544495794141E10 ; 1.0379077693900553E12 ; 0.0
1033 ; 1.2847101747306213E7 ; 7.198405812108988E8 ; 1.4178293694610441E10 ; 1.038629206406384E12 ; 0.0
1034 ; 1.2852982243252348E7 ; 7.182475533897828E8 ; 1.4191140796357748E10 ; 1.039349046987595E12 ; 0.0
1035 ; 1.285940363091594E7 ; 7.166579239801587E8 ; 1.4203993778601E10 ; 1.0400672945409847E12 ; 0.0
1036 ; 1.2863264288567485E7 ; 7.150716841228367E8 ; 1.4216853182231916E10 ; 1.0407839524649648E12 ; 0.0
1037 ; 1.2867636148492824E7 ; 7.134888249846338E8 ; 1.4229716446520483E10 ; 1.0414990241490876E12 ; 0.0
1038 ; 1.2883152637074437E7 ; 7.119093377583282E8 ; 1.4242584082668976E10 ; 1.0422125129740723E12 ; 0.0
1039 ; 1.288790367200787E7 ; 7.103332136626143E8 ; 1.425546723530605E10 ; 1.0429244223118306E12 ; 0.0
1040 ; 1.288802827350394E7 ; 7.08760443942058E8 ; 1.4268355138978058E10 ; 1.0436347555254932E12 ; 0.0
1041 ; 1.2903764272875547E7 ; 7.0719101986705E8 ; 1.4281243167251562E10 ; 1.0443435159694352E12 ; 0.0
1042 ; 1.2910898269853728E7 ; 7.056249327337632E8 ; 1.4294146931524437E10 ; 1.0450507069893022E12 ; 0.0
1043 ; 1.2917423029767362E7 ; 7.040621738641067E8 ; 1.430705782979429E10 ; 1.045756331922036E12 ; 0.0
1044 ; 1.2928009875319798E7 ; 7.025027346056812E8 ; 1.4319975252824059E10 ; 1.0464603940959001E12 ; 0.0
1045 ; 1.2940980370150574E7 ; 7.009466063317354E8 ; 1.4332903262699379E10 ; 1.0471628968305059E12 ; 0.0
1046 ; 1.2942846745703097E7 ; 6.993937804411213E8 ; 1.434584424306953E10 ; 1.0478638434368376E12 ; 0.0
1047 ; 1.295352597593173E7 ; 6.978442483582501E8 ; 1.4358787089815233E10 ; 1.0485632372172788E12 ; 0.0
1048 ; 1.295873760032403E7 ; 6.962980015330482E8 ; 1.4371740615791164E10 ; 1.0492610814656371E12 ; 0.0
1049 ; 1.296381200892005E7 ; 6.947550314409134E8 ; 1.4384699353391489E10 ; 1.0499573794671702E12 ; 0.0
1050 ; 1.2968756767887907E7 ; 6.932153295826715E8 ; 1.439766316540041E10 ; 1.0506521344986111E12 ; 0.0
1051 ; 1.2983431351350527E7 ; 6.916788874845328E8 ; 1.4410631922168297E10 ; 1.0513453498281937E12 ; 0.0
1052 ; 1.2981966103780178E7 ; 6.901456966980478E8 ; 1.4423615353519648E10 ; 1.0520370287156782E12 ; 0.0
1053 ; 1.2986857398414217E7 ; 6.886157488000647E8 ; 1.4436597319623428E10 ; 1.0527271744123762E12 ; 0.0
1054 ; 1.2995398253715675E7 ; 6.870890353926862E8 ; 1.4449584177021843E10 ; 1.0534157901611763E12 ; 0.0
1055 ; 1.3005498552857889E7 ; 6.855655481032264E8 ; 1.4462579575275558E10 ; 1.054102879196569E12 ; 0.0
1056 ; 1.3011121337657342E7 ; 6.840452785841668E8 ; 1.4475585073828417E10 ; 1.0547884447446722E12 ; 0.0
1057 ; 1.301517882276536E7 ; 6.825282185131153E8 ; 1.4488596195166075E10 ; 1.0554724900232563E12 ; 0.0
1058 ; 1.3018381112150524E7 ; 6.810143595927626E8 ; 1.450161137398884E10 ; 1.0561550182417694E12 ; 0.0
1059 ; 1.302222307601614E7 ; 6.79503693550839E8 ; 1.451462975510099E10 ; 1.0568360326013622E12 ; 0.0
1060 ; 1.3035732453527749E7 ; 6.779962121400722E8 ; 1.4527651978177006E10 ; 1.057515536294913E12 ; 0.0
1061 ; 1.3034802765215438E7 ; 6.764919071381465E8 ; 1.4540687710630533E10 ; 1.058193532507053E12 ; 0.0
1062 ; 1.3037371643867739E7 ; 6.74990770347658E8 ; 1.4553722513395748E10 ; 1.0588700244141912E12 ; 0.0
1063 ; 1.3040287869242698E7 ; 6.734927935960739E8 ; 1.4566759885039616E10 ; 1.0595450151845388E12 ; 0.0
1064 ; 1.3043686193468485E7 ; 6.719979687356904E8 ; 1.457980017290886E10 ; 1.0602185079781349E12 ; 0.0
1065 ; 1.3048769904188264E7 ; 6.705062876435909E8 ; 1.4592843859102327E10 ; 1.0608905059468706E12 ; 0.0
1066 ; 1.304790165172999E7 ; 6.690177422216028E8 ; 1.4605892629006516E10 ; 1.0615610122345142E12 ; 0.0
1067 ; 1.3060987045764152E7 ; 6.675323243962574E8 ; 1.4618940530658245E10 ; 1.0622300299767357E12 ; 0.0
1068 ; 1.3058074608693084E7 ; 6.660500261187471E8 ; 1.463200151770401E10 ; 1.062897562301132E12 ; 0.0
1069 ; 1.306717747487494E7 ; 6.645708393648849E8 ; 1.4645059592312702E10 ; 1.0635636123272507E12 ; 0.0
1070 ; 1.3057717553480485E7 ; 6.630947561350615E8 ; 1.4658126769787577E10 ; 1.0642281831666156E12 ; 0.0
1071 ; 1.3055939213142084E7 ; 6.616217684542053E8 ; 1.4671184487341057E10 ; 1.0648912779227506E12 ; 0.0
1072 ; 1.3058299755110543E7 ; 6.601518683717403E8 ; 1.46842404265542E10 ; 1.0655528996912048E12 ; 0.0
1073 ; 1.3039793252291726E7 ; 6.586850479615449E8 ; 1.4697298726309309E10 ; 1.0662130515595765E12 ; 0.0
1074 ; 1.301830312599181E7 ; 6.572212993219113E8 ; 1.4710338519561602E10 ; 1.0668717366075381E12 ; 0.0
1075 ; 1.3004454235741494E7 ; 6.557606145755047E8 ; 1.4723356822687593E10 ; 1.06752895790686E12 ; 0.0
1076 ; 1.2995622733902287E7 ; 6.543029858693204E8 ; 1.4736361276923334E10 ; 1.0681847185214355E12 ; 0.0
1077 ; 1.297971206808927E7 ; 6.528484053746462E8 ; 1.4749356899657236E10 ; 1.0688390215073048E12 ; 0.0
1078 ; 1.2959249743018502E7 ; 6.513968652870184E8 ; 1.4762336611725325E10 ; 1.0694918699126794E12 ; 0.0
1079 ; 1.2945146650222404E7 ; 6.499483578261836E8 ; 1.4775295861468344E10 ; 1.0701432667779664E12 ; 0.0
1080 ; 1.2935875485773781E7 ; 6.48502875236057E8 ; 1.4788241008118567E10 ; 1.0707932151357926E12 ; 0.0
1081 ; 1.2923057379111746E7 ; 6.494317593533137E8 ; 1.480117688360434E10 ; 1.0714417180110287E12 ; 0.0
1082 ; 1.2913851523242509E7 ; 6.522121840991424E8 ; 1.4814099940983452E10 ; 1.072091149770382E12 ; 0.0
1083 ; 1.2908394321794549E7 ; 6.568441494184499E8 ; 1.4827013792506695E10 ; 1.0727433619544811E12 ; 0.0
1084 ; 1.2913329405894902E7 ; 6.633276552626238E8 ; 1.483992218682849E10 ; 1.0734002061038995E12 ; 0.0
1085 ; 1.2928294578409119E7 ; 6.716627015895338E8 ; 1.4852835516234385E10 ; 1.0740635337591621E12 ; 0.0
1086 ; 1.296164891120518E7 ; 6.818492883635308E8 ; 1.4865763810812794E10 ; 1.0747351964607516E12 ; 0.0
1087 ; 1.3028798320952808E7 ; 6.938874155554471E8 ; 1.4878725459723999E10 ; 1.0754170457491151E12 ; 0.0
1088 ; 1.3149375290086152E7 ; 7.077770831425968E8 ; 1.4891754258044952E10 ; 1.0761109331646705E12 ; 0.0
1089 ; 1.3375608655936945E7 ; 7.235182911087759E8 ; 1.490490363333504E10 ; 1.0768187102478131E12 ; 0.0
1090 ; 1.374598449035686E7 ; 7.411110394442616E8 ; 1.4918279241990976E10 ; 1.0775422285389219E12 ; 0.0
1091 ; 1.436872276781297E7 ; 7.60555328145813E8 ; 1.4932025226481333E10 ; 1.0782833395783661E12 ; 0.0
1092 ; 1.5408943029076533E7 ; 7.81851157216671E8 ; 1.4946393949249146E10 ; 1.079043894906512E12 ; 0.0
1093 ; 1.6409469996123765E7 ; 8.04998526666558E8 ; 1.4961802892278221E10 ; 1.0798257460637286E12 ; 0.0
1094 ; 1.6466969081994034E7 ; 8.299974365116789E8 ; 1.4978212362274345E10 ; 1.0806307445903951E12 ; 0.0
1095 ; 1.6442529599300409E7 ; 8.568478867747188E8 ; 1.4994679331356339E10 ; 1.0814607420269069E12 ; 0.0
1096 ; 1.6428458970305279E7 ; 8.85549877484846E8 ; 1.5011121860955639E10 ; 1.0823175899136815E12 ; 0.0
1097 ; 1.6410260755713316E7 ; 9.161034086777091E8 ; 1.5027550319925943E10 ; 1.0832031397911664E12 ; 0.0
1098 ; 1.6383324018336765E7 ; 9.485084803954387E8 ; 1.5043960580681656E10 ; 1.0841192431998441E12 ; 0.0
1099 ; 1.6369092173619678E7 ; 9.825056496872771E8 ; 1.5060343904699993E10 ; 1.0850677516802395E12 ; 0.0
1100 ; 1.6347340664754387E7 ; 1.0184850325625327E9 ; 1.5076712996873613E10 ; 1.0860502573299268E12 ; 0.0
1101 ; 1.6324442341251384E7 ; 1.0564406037069547E9 ; 1.5093060337538368E10 ; 1.0870687423624893E12 ; 0.0
1102 ; 1.6302365618333343E7 ; 1.0962477037406764E9 ; 1.510938477987962E10 ; 1.0881251829661962E12 ; 0.0
1103 ; 1.6275063781081684E7 ; 1.1379063327382343E9 ; 1.5125687145497953E10 ; 1.0892214306699369E12 ; 0.0
1104 ; 1.6255500780907428E7 ; 1.1814164907806454E9 ; 1.5141962209279036E10 ; 1.0903593370026752E12 ; 0.0
1105 ; 1.625080765404481E7 ; 1.2189064233445094E9 ; 1.5158217710059942E10 ; 1.0915407534934558E12 ; 0.0
1106 ; 1.6241464125661217E7 ; 1.2188974175233803E9 ; 1.5174468517713987E10 ; 1.0927596599168003E12 ; 0.0
1107 ; 1.6238925718394127E7 ; 1.2188880891771886E9 ; 1.519070998183965E10 ; 1.0939785573343237E12 ; 0.0
1108 ; 1.6242094374885896E7 ; 1.2188784384128737E9 ; 1.5206948907558043E10 ; 1.095197445423501E12 ; 0.0
1109 ; 1.6235054055621434E7 ; 1.218868465343855E9 ; 1.5223191001932928E10 ; 1.0964163238619138E12 ; 0.0
1110 ; 1.6223643782165648E7 ; 1.2188581700900311E9 ; 1.523942605598855E10 ; 1.0976351923272577E12 ; 0.0
1111 ; 1.6221584453421261E7 ; 1.218847552777781E9 ; 1.5255649699770716E10 ; 1.0988540504973478E12 ; 0.0
1112 ; 1.621894045697237E7 ; 1.218836613539963E9 ; 1.5271871284224136E10 ; 1.1000728980501255E12 ; 0.0
1113 ; 1.621484801120989E7 ; 1.2188253525159147E9 ; 1.5288090224681108E10 ; 1.1012917346636655E12 ; 0.0
1114 ; 1.6207167905068286E7 ; 1.2188137698514519E9 ; 1.5304305072692318E10 ; 1.1025105600161814E12 ; 0.0
1115 ; 1.6204488573496018E7 ; 1.2188018656988704E9 ; 1.5320512240597385E10 ; 1.103729373786033E12 ; 0.0
1116 ; 1.6194369132366512E7 ; 1.2187896402169447E9 ; 1.5336716729170881E10 ; 1.104948175651732E12 ; 0.0
1117 ; 1.619364358069484E7 ; 1.2187770935709267E9 ; 1.5352911098303247E10 ; 1.106166965291949E12 ; 0.0
1118 ; 1.6187322047744848E7 ; 1.218764225932547E9 ; 1.5369104741883942E10 ; 1.10738574238552E12 ; 0.0
1119 ; 1.6180909339642268E7 ; 1.2187510374800148E9 ; 1.5385292063931686E10 ; 1.1086045066114526E12 ; 0.0
1120 ; 1.6175218502718545E7 ; 1.2187375283980165E9 ; 1.5401472973271328E10 ; 1.1098232576489326E12 ; 0.0
1121 ; 1.616633222827411E7 ; 1.218723698877716E9 ; 1.5417648191774046E10 ; 1.1110419951773306E12 ; 0.0
1122 ; 1.6166173580146441E7 ; 1.2187095491167555E9 ; 1.543381452400232E10 ; 1.1122607188762083E12 ; 0.0
1123 ; 1.6159906094364543E7 ; 1.218695079319254E9 ; 1.5449980697582466E10 ; 1.113479428425325E12 ; 0.0
1124 ; 1.6158413646070305E7 ; 1.2186802896958075E9 ; 1.546614060367683E10 ; 1.1146981235046443E12 ; 0.0
1125 ; 1.6158720253786761E7 ; 1.218665180463489E9 ; 1.54822990173229E10 ; 1.11591680379434E12 ; 0.0
1126 ; 1.6146820246048696E7 ; 1.2186497518458488E9 ; 1.5498457737576687E10 ; 1.1171354689748035E12 ; 0.0
1127 ; 1.6141139634192418E7 ; 1.2186340040729132E9 ; 1.5514604557822735E10 ; 1.1183541187266494E12 ; 0.0
1128 ; 1.6138083910690494E7 ; 1.2186179373811855E9 ; 1.5530745697456926E10 ; 1.1195727527307224E12 ; 0.0
1129 ; 1.613549024470544E7 ; 1.2186015520136454E9 ; 1.5546883781367617E10 ; 1.1207913706681035E12 ; 0.0
1130 ; 1.612835921175056E7 ; 1.2185848482197492E9 ; 1.5563019271612322E10 ; 1.1220099722201172E12 ; 0.0
1131 ; 1.6123132162027098E7 ; 1.2185678262554295E9 ; 1.5579147630824072E10 ; 1.123228557068337E12 ; 0.0
1132 ; 1.6122389518618722E7 ; 1.2185504863830948E9 ; 1.55952707629861E10 ; 1.1244471248945923E12 ; 0.0
1133 ; 1.6113860442676023E7 ; 1.2185328288716302E9 ; 1.5611393152504719E10 ; 1.1256656753809753E12 ; 0.0
1134 ; 1.6109331547996335E7 ; 1.2185148539963975E9 ; 1.5627507012947395E10 ; 1.126884208209847E12 ; 0.0
1135 ; 1.6107444989056194E7 ; 1.2184965620392342E9 ; 1.5643616344495392E10 ; 1.1281027230638433E12 ; 0.0
1136 ; 1.6100393325167157E7 ; 1.218477953288455E9 ; 1.5659723789484447E10 ; 1.1293212196258826E12 ; 0.0
1137 ; 1.6097245541775938E7 ; 1.218459028038851E9 ; 1.5675824182809614E10 ; 1.1305396975791711E12 ; 0.0
1138 ; 1.6091167100993041E7 ; 1.2184397865916893E9 ; 1.569192142835139E10 ; 1.13175815660721E12 ; 0.0
1139 ; 1.6083871177370636E7 ; 1.2184202292547147E9 ; 1.5708012595452383E10 ; 1.1329765963938018E12 ; 0.0
1140 ; 1.78542812477583E7 ; 1.2184003563421493E9 ; 1.5724096466629753E10 ; 1.1341950166230564E12 ; 0.0
1141 ; 1.784491236601631E7 ; 1.218380168174692E9 ; 1.5741950747877512E10 ; 1.1354134169793984E12 ; 0.0
1142 ; 1.7846927527990393E7 ; 1.2183596650795195E9 ; 1.5759795660243528E10 ; 1.1366317971475732E12 ; 0.0
1143 ; 1.783500665569944E7 ; 1.2183388473902876E9 ; 1.5777642587771519E10 ; 1.1378501568126528E12 ; 0.0
1144 ; 1.7835200357341517E7 ; 1.2183177154471295E9 ; 1.5795477594427217E10 ; 1.1390684956600432E12 ; 0.0
1145 ; 1.783421411890937E7 ; 1.2182962695966582E9 ; 1.581331279478456E10 ; 1.1402868133754902E12 ; 0.0
1146 ; 1.7821820907788318E7 ; 1.218274510191966E9 ; 1.583114700890347E10 ; 1.141505109645087E12 ; 0.0
1147 ; 1.7815034985840835E7 ; 1.2182524375926256E9 ; 1.5848968829811258E10 ; 1.1427233841552788E12 ; 0.0
1148 ; 1.781394691369591E7 ; 1.2182300521646903E9 ; 1.58667838647971E10 ; 1.1439416365928713E12 ; 0.0
1149 ; 1.7809747450411867E7 ; 1.2182073542806947E9 ; 1.5884597811710796E10 ; 1.1451598666450361E12 ; 0.0
1150 ; 1.7804714785462685E7 ; 1.2181843443196568E9 ; 1.590240755916121E10 ; 1.146378073999317E12 ; 0.0
1151 ; 1.780315292902098E7 ; 1.218161022667077E9 ; 1.5920212273946672E10 ; 1.1475962583436365E12 ; 0.0
1152 ; 1.779382773255869E7 ; 1.2181373897149405E9 ; 1.5938015426875694E10 ; 1.1488144193663035E12 ; 0.0
1153 ; 1.7790208288832016E7 ; 1.2181134458617175E9 ; 1.5955809254608253E10 ; 1.1500325567560183E12 ; 0.0
1154 ; 1.780117743488485E7 ; 1.2180891915123644E9 ; 1.5973599462897085E10 ; 1.1512506702018801E12 ; 0.0
1155 ; 1.7795803744229265E7 ; 1.218064627078326E9 ; 1.599140064033197E10 ; 1.1524687593933926E12 ; 0.0
1156 ; 1.7802705573892683E7 ; 1.2180397529775352E9 ; 1.6009196444076199E10 ; 1.153686824020471E12 ; 0.0
1157 ; 1.7806061217814744E7 ; 1.2180145696344159E9 ; 1.6026999149650091E10 ; 1.1549048637734485E12 ; 0.0
1158 ; 1.7797041599145137E7 ; 1.2179890774798832E9 ; 1.6044805210867907E10 ; 1.156122878343083E12 ; 0.0
1159 ; 1.7780410808097593E7 ; 1.217963276951347E9 ; 1.6062602252467052E10 ; 1.157340867420563E12 ; 0.0
1160 ; 1.7767261579074E7 ; 1.217937168492711E9 ; 1.608038266327515E10 ; 1.1585588306975144E12 ; 0.0
1161 ; 1.7759579882666357E7 ; 1.2179107525543768E9 ; 1.6098149924854225E10 ; 1.159776767866007E12 ; 0.0
1162 ; 1.774356537373483E7 ; 1.217884029593245E9 ; 1.611590950473689E10 ; 1.1609946786185615E12 ; 0.0
1163 ; 1.773212314720253E7 ; 1.2178618584101834E9 ; 1.6133653070110626E10 ; 1.1622125626481548E12 ; 0.0
1164 ; 1.7729621326422215E7 ; 1.2178393930065331E9 ; 1.615138519325783E10 ; 1.163430424506565E12 ; 0.0
1165 ; 1.7711543616148006E7 ; 1.2178166338587058E9 ; 1.6169114814584251E10 ; 1.1646482638995715E12 ; 0.0
1166 ; 1.7701601907834284E7 ; 1.21779358144962E9 ; 1.61868263582004E10 ; 1.1658660805334302E12 ; 0.0
1167 ; 1.7686075960818358E7 ; 1.2177702362687063E9 ; 1.6204527960108234E10 ; 1.16708387411488E12 ; 0.0
1168 ; 1.7678617156576015E7 ; 1.2177465988119078E9 ; 1.6222214036069054E10 ; 1.1683016443511487E12 ; 0.0
1169 ; 1.7667914144428935E7 ; 1.217722669581686E9 ; 1.623989265322563E10 ; 1.1695193909499607E12 ; 0.0
1170 ; 1.7650491981036562E7 ; 1.2176984490870214E9 ; 1.6257560567370058E10 ; 1.1707371136195425E12 ; 0.0
1171 ; 1.7637986374854647E7 ; 1.217673937843417E9 ; 1.6275211059351095E10 ; 1.1719548120686294E12 ; 0.0
1172 ; 1.7626392492351618E7 ; 1.2176491363729029E9 ; 1.629284904572595E10 ; 1.173172486006473E12 ; 0.0
1173 ; 1.7616960048865087E7 ; 1.2176240452040405E9 ; 1.6310475438218302E10 ; 1.1743901351428457E12 ; 0.0
1174 ; 1.760176837830874E7 ; 1.2175986648719242E9 ; 1.6328092398267166E10 ; 1.1756077591880498E12 ; 0.0
1175 ; 1.759538596351381E7 ; 1.2175729959181871E9 ; 1.6345694166645475E10 ; 1.1768253578529216E12 ; 0.0
1176 ; 1.7580861910994526E7 ; 1.2175470388910046E9 ; 1.636328955260899E10 ; 1.1780429308488398E12 ; 0.0
1177 ; 1.756746990482004E7 ; 1.2175207943450994E9 ; 1.6380870414519983E10 ; 1.179260477887731E12 ; 0.0
1178 ; 1.755111019837639E7 ; 1.2174942628417459E9 ; 1.6398437884424803E10 ; 1.1804779986820762E12 ; 0.0
1179 ; 1.7543412426493533E7 ; 1.2174674449487746E9 ; 1.6415988994623178E10 ; 1.181695492944918E12 ; 0.0
1180 ; 1.7521193974057812E7 ; 1.2174403412405782E9 ; 1.6433532407049671E10 ; 1.1829129603898667E12 ; 0.0
1181 ; 1.751063976698882E7 ; 1.2174129522981164E9 ; 1.645105360102373E10 ; 1.1841304007311072E12 ; 0.0
1182 ; 1.74961770581446E7 ; 1.217385278708922E9 ; 1.6468564240790718E10 ; 1.1853478136834053E12 ; 0.0
1183 ; 1.748683737750084E7 ; 1.217357321067106E9 ; 1.6486060417848864E10 ; 1.1865651989621143E12 ; 0.0
1184 ; 1.7470601706764366E7 ; 1.217329079973365E9 ; 1.6503547255226364E10 ; 1.1877825562831814E12 ; 0.0
1185 ; 1.7458668319867957E7 ; 1.2173005560349867E9 ; 1.6521017856933128E10 ; 1.1889998853631548E12 ; 0.0
1186 ; 1.7448107647396836E7 ; 1.2172717498658566E9 ; 1.6538476525252996E10 ; 1.1902171859191897E12 ; 0.0
1187 ; 1.7436084119315576E7 ; 1.2172426620864663E9 ; 1.6555924632900393E10 ; 1.1914344576690557E12 ; 0.0
1188 ; 1.7429170608668394E7 ; 1.2172132933239186E9 ; 1.6573360717019709E10 ; 1.192651700331142E12 ; 0.0
1189 ; 1.740580169709433E7 ; 1.2171836442119384E9 ; 1.6590789887628378E10 ; 1.193868913624466E12 ; 0.0
1190 ; 1.7387943648274098E7 ; 1.2171537153908772E9 ; 1.6608195689325472E10 ; 1.195086097268678E12 ; 0.0
1191 ; 1.7381964359671418E7 ; 1.2171235075077245E9 ; 1.6625583632973745E10 ; 1.1963032509840688E12 ; 0.0
1192 ; 1.736252330442635E7 ; 1.2170930212161138E9 ; 1.6642965597333416E10 ; 1.1975203744915767E12 ; 0.0
1193 ; 1.7354018963656448E7 ; 1.2170622571763341E9 ; 1.6660328120637842E10 ; 1.1987374675127927E12 ; 0.0
1194 ; 1.733504442287662E7 ; 1.217031216055338E9 ; 1.66776821396015E10 ; 1.199954529769969E12 ; 0.0
1195 ; 1.7321678235280402E7 ; 1.216999898526751E9 ; 1.6695017184024376E10 ; 1.2011715609860244E12 ; 0.0
1196 ; 1.7308876983550403E7 ; 1.216968305270884E9 ; 1.6712338862259657E10 ; 1.2023885608845513E12 ; 0.0
1197 ; 1.7299228568049908E7 ; 1.2169364369747417E9 ; 1.6729647739243208E10 ; 1.2036055291898223E12 ; 0.0
1198 ; 1.7277220069883436E7 ; 1.2169042943320339E9 ; 1.6746946967811258E10 ; 1.204822465626797E12 ; 0.0
1199 ; 1.7259792712829046E7 ; 1.2168718780431886E9 ; 1.6764224187881142E10 ; 1.2060393699211292E12 ; 0.0
1200 ; 1.725398463658448E7 ; 1.2168391888153627E9 ; 1.6781483980593971E10 ; 1.2072562417991724E12 ; 0.0
1201 ; 1.7253817517516457E7 ; 1.2168062273624542E9 ; 1.6798737965230556E10 ; 1.2084730809879878E12 ; 0.0
1202 ; 1.7253646695624467E7 ; 1.216772994405116E9 ; 1.6815991782748074E10 ; 1.2096898872153503E12 ; 0.0
1203 ; 1.7254212662130427E7 ; 1.2167394906707695E9 ; 1.6833245429443699E10 ; 1.2109066602097554E12 ; 0.0
1204 ; 1.7255161468091987E7 ; 1.216705716893617E9 ; 1.685049964210583E10 ; 1.212123399700426E12 ; 0.0
1205 ; 1.7258000080367483E7 ; 1.2166716738146577E9 ; 1.6867754803573921E10 ; 1.2133401054173196E12 ; 0.0
1206 ; 1.7262005132975806E7 ; 1.2166373621817026E9 ; 1.688501280365429E10 ; 1.2145567770911343E12 ; 0.0
1207 ; 1.726042132721683E7 ; 1.216602782749389E9 ; 1.6902274808787266E10 ; 1.215773414453316E12 ; 0.0
1208 ; 1.7264463047111727E7 ; 1.2165679362791982E9 ; 1.6919535230114483E10 ; 1.2169900172360652E12 ; 0.0
1209 ; 1.7264744828305453E7 ; 1.2165328235394711E9 ; 1.6936799693161594E10 ; 1.2182065851723445E12 ; 0.0
1210 ; 1.7255461204758845E7 ; 1.2164974453054261E9 ; 1.69540644379899E10 ; 1.219423117995884E12 ; 0.0
1211 ; 1.7242166621027187E7 ; 1.2164618023591774E9 ; 1.697131989919466E10 ; 1.2206396154411895E12 ; 0.0
1212 ; 1.723172369948477E7 ; 1.2164258954897525E9 ; 1.6988562065815687E10 ; 1.2218560772435486E12 ; 0.0
1213 ; 1.7213224625502136E7 ; 1.2163897254931145E9 ; 1.7005793789515171E10 ; 1.2230725031390383E12 ; 0.0
1214 ; 1.7196657645298637E7 ; 1.216353293172178E9 ; 1.7023007014140673E10 ; 1.2242888928645315E12 ; 0.0
1215 ; 1.7183490301331695E7 ; 1.216316599336834E9 ; 1.704020367178597E10 ; 1.2255052461577036E12 ; 0.0
1216 ; 1.717198887623742E7 ; 1.2162796448039691E9 ; 1.7057387162087303E10 ; 1.2267215627570405E12 ; 0.0
1217 ; 1.7153668502512414E7 ; 1.2162424303974886E9 ; 1.7074559150963541E10 ; 1.2279378424018445E12 ; 0.0
1218 ; 1.713117151395273E7 ; 1.2162049569483397E9 ; 1.7091712819466053E10 ; 1.229154084832242E12 ; 0.0
1219 ; 1.7119545492062163E7 ; 1.2161672252945359E9 ; 1.7108843990980005E10 ; 1.2303702897891902E12 ; 0.0
1220 ; 1.710082359209869E7 ; 1.2161292362811809E9 ; 1.7125963536472067E10 ; 1.2315864570144846E12 ; 0.0
1221 ; 1.708970010841239E7 ; 1.2160909907604952E9 ; 1.7143064360064165E10 ; 1.2328025862507659E12 ; 0.0
1222 ; 1.706540592501317E7 ; 1.2160524895918424E9 ; 1.7160154060172577E10 ; 1.2340186772415264E12 ; 0.0
1223 ; 1.7049939053796686E7 ; 1.2160137336417575E9 ; 1.717721946609759E10 ; 1.2352347297311182E12 ; 0.0
1224 ; 1.704007295832485E7 ; 1.2159747237839744E9 ; 1.7194269405151386E10 ; 1.23645074346476E12 ; 0.0
1225 ; 1.7024402516251132E7 ; 1.2159354608994565E9 ; 1.721130947810971E10 ; 1.237666718188544E12 ; 0.0
1226 ; 1.7000874694313154E7 ; 1.2158959458764262E9 ; 1.722833388062596E10 ; 1.2388826536494434E12 ; 0.0
1227 ; 1.6984003344075404E7 ; 1.2158561796103978E9 ; 1.7245334755320274E10 ; 1.2400985495953198E12 ; 0.0
1228 ; 1.6958310686782762E7 ; 1.2158161630042095E9 ; 1.726231875866435E10 ; 1.2413144057749302E12 ; 0.0
1229 ; 1.69399396734184E7 ; 1.2157758969680583E9 ; 1.727927706935113E10 ; 1.2425302219379343E12 ; 0.0
1230 ; 1.692259775922255E7 ; 1.2157353824195335E9 ; 1.729621700902455E10 ; 1.2437459978349023E12 ; 0.0
1231 ; 1.6898877968048595E7 ; 1.215694620283654E9 ; 1.7313139606783775E10 ; 1.2449617332173218E12 ; 0.0
1232 ; 1.688602235590652E7 ; 1.2156536114929066E9 ; 1.7330038484751823E10 ; 1.2461774278376055E12 ; 0.0
1233 ; 1.6865210479541965E7 ; 1.215612356987283E9 ; 1.734692450710773E10 ; 1.2473930814490984E12 ; 0.0
1234 ; 1.684686131111443E7 ; 1.215570857714322E9 ; 1.7363789717587273E10 ; 1.2486086938060857E12 ; 0.0
1235 ; 1.6820244209227964E7 ; 1.2155291146291494E9 ; 1.7380636578898388E10 ; 1.2498242646638E12 ; 0.0
1236 ; 1.67985539766953E7 ; 1.2154871286945221E9 ; 1.7397456823107616E10 ; 1.2510397937784292E12 ; 0.0
1237 ; 1.6776522478569563E7 ; 1.215444900880872E9 ; 1.7414255377084312E10 ; 1.2522552809071238E12 ; 0.0
1238 ; 1.6756966899766799E7 ; 1.2154024321663523E9 ; 1.743103189956288E10 ; 1.2534707258080046E12 ; 0.0
1239 ; 1.6735611535147369E7 ; 1.2153597235368848E9 ; 1.7447788866462646E10 ; 1.254686128240171E12 ; 0.0
1240 ; 1.6702650082673494E7 ; 1.2153167759862087E9 ; 1.7464524477997795E10 ; 1.2559014879637078E12 ; 0.0
1241 ; 1.6687108463466972E7 ; 1.2152735905159328E9 ; 1.7481227128080467E10 ; 1.257116804739694E12 ; 0.0
1242 ; 1.6659006907139568E7 ; 1.2152301681355863E9 ; 1.7497914236543934E10 ; 1.25833207833021E12 ; 0.0
1243 ; 1.6634134716353398E7 ; 1.2151865098626742E9 ; 1.7514573243451073E10 ; 1.2595473084983455E12 ; 0.0
1244 ; 1.6610116362182867E7 ; 1.215142616722733E9 ; 1.7531207378167427E10 ; 1.2607624950082083E12 ; 0.0
1245 ; 1.6591487353775412E7 ; 1.2150984897493894E9 ; 1.754781749452961E10 ; 1.261977637624931E12 ; 0.0
1246 ; 1.6566209730028585E7 ; 1.2150541299844196E9 ; 1.7564408981883385E10 ; 1.2631927361146802E12 ; 0.0
1247 ; 1.6535809560684504E7 ; 1.2150095384778116E9 ; 1.7580975191613415E10 ; 1.2644077902446646E12 ; 0.0
1248 ; 1.651817545173071E7 ; 1.2149647162878296E9 ; 1.75975110011741E10 ; 1.2656227997831423E12 ; 0.0
1249 ; 1.6484299072438706E7 ; 1.21491966448108E9 ; 1.7614029176625828E10 ; 1.2668377644994302E12 ; 0.0
1250 ; 1.645828677710804E7 ; 1.2148743841325803E9 ; 1.7630513475698265E10 ; 1.2680526841639114E12 ; 0.0
1251 ; 1.643386004369735E7 ; 1.2148288763258295E9 ; 1.7646971762475372E10 ; 1.269267558548044E12 ; 0.0
1252 ; 1.6410355932524519E7 ; 1.214783142152882E9 ; 1.766340562251907E10 ; 1.2704823874243699E12 ; 0.0
1253 ; 1.63849768283751E7 ; 1.214737182714423E9 ; 1.7679815978451595E10 ; 1.2716971705665227E12 ; 0.0
1254 ; 1.6358074952092186E7 ; 1.214690999119846E9 ; 1.7696200955279972E10 ; 1.272911907749237E12 ; 0.0
1255 ; 1.6327399700813774E7 ; 1.214644592487336E9 ; 1.7712559030232063E10 ; 1.274126598748357E12 ; 0.0
1256 ; 1.6297418788216006E7 ; 1.214597963943951E9 ; 1.7728886429932877E10 ; 1.2753412433408442E12 ; 0.0
1257 ; 1.6276074210558964E7 ; 1.214551114625709E9 ; 1.7745183848721092E10 ; 1.276555841304788E12 ; 0.0
1258 ; 1.6238647684512848E7 ; 1.2145040456776783E9 ; 1.7761459922931652E10 ; 1.2777703924194138E12 ; 0.0
1259 ; 1.6211755548193673E7 ; 1.2144567582540693E9 ; 1.7777698570616165E10 ; 1.2789848964650916E12 ; 0.0
1260 ; 1.4410007637812879E7 ; 1.2144092535183303E9 ; 1.779391032616436E10 ; 1.2801993532233457E12 ; 0.0
1261 ; 1.4387003800840681E7 ; 1.2143615326432457E9 ; 1.7808320333802174E10 ; 1.281413762476864E12 ; 0.0
1262 ; 1.4348194765120992E7 ; 1.21431359681104E9 ; 1.7822707337603016E10 ; 1.2826281240095073E12 ; 0.0
1263 ; 1.4321888510693043E7 ; 1.2142654472134807E9 ; 1.7837055532368137E10 ; 1.2838424376063184E12 ; 0.0
1264 ; 1.4291693898012144E7 ; 1.2142170850519905E9 ; 1.785137742087883E10 ; 1.2850567030535317E12 ; 0.0
1265 ; 1.4263893634105258E7 ; 1.2141685115377588E9 ; 1.786566911477684E10 ; 1.2862709201385837E12 ; 0.0
1266 ; 1.422959624907659E7 ; 1.2141197278918574E9 ; 1.7879933008410946E10 ; 1.2874850886501216E12 ; 0.0
1267 ; 1.419839536612588E7 ; 1.2140707353453639E9 ; 1.7894162604660023E10 ; 1.2886992083780134E12 ; 0.0
1268 ; 1.4172740704259882E7 ; 1.2140215351394854E9 ; 1.790836100002615E10 ; 1.289913279113359E12 ; 0.0
1269 ; 1.4135167766284369E7 ; 1.2139721285256863E9 ; 1.792253374073041E10 ; 1.2911273006484983E12 ; 0.0
1270 ; 1.4102238519317506E7 ; 1.2139225167658253E9 ; 1.7936668908496696E10 ; 1.292341272777024E12 ; 0.0
1271 ; 1.4073388542170255E7 ; 1.2138727011322904E9 ; 1.7950771147016014E10 ; 1.2935551952937898E12 ; 0.0
1272 ; 1.4038764893276772E7 ; 1.213822682908143E9 ; 1.7964844535558186E10 ; 1.294769067994922E12 ; 0.0
1273 ; 1.401017245517585E7 ; 1.2137724633872676E9 ; 1.797888330045146E10 ; 1.2959828906778303E12 ; 0.0
1274 ; 1.3965646232031325E7 ; 1.1771873897217503E9 ; 1.799289347290664E10 ; 1.2971966631412175E12 ; 0.0
1275 ; 1.3941611768983547E7 ; 1.1618340481425261E9 ; 1.800685911913867E10 ; 1.2983738505309392E12 ; 0.0
1276 ; 1.3908194643756721E7 ; 1.0874260875912325E9 ; 1.8020800730907654E10 ; 1.2995356845790818E12 ; 0.0
1277 ; 1.3871355012510974E7 ; 1.0712408853955302E9 ; 1.803470892555141E10 ; 1.300623110666673E12 ; 0.0
1278 ; 1.3836332314327177E7 ; 1.0701382448424125E9 ; 1.8048580280563923E10 ; 1.3016943515520686E12 ; 0.0
1279 ; 1.3798976532093339E7 ; 1.060522780252335E9 ; 1.806241661287825E10 ; 1.3027644897969111E12 ; 0.0
1280 ; 1.3769226473554743E7 ; 9.709557760730003E8 ; 1.8076215589410343E10 ; 1.3038250125771636E12 ; 0.0
1281 ; 1.3720743260516372E7 ; 9.550746061403731E8 ; 1.80899848158839E10 ; 1.3047959683532366E12 ; 0.0
1282 ; 1.3690499445234189E7 ; 9.181880780649049E8 ; 1.8103705559144417E10 ; 1.305751042959377E12 ; 0.0
1283 ; 1.3646366568424594E7 ; 9.160570950136936E8 ; 1.811739605858965E10 ; 1.306669231037442E12 ; 0.0
1284 ; 1.3619819208499974E7 ; 9.13930701461945E8 ; 1.8131042425158073E10 ; 1.3075852881324556E12 ; 0.0
1285 ; 1.3580834701459557E7 ; 9.118088878752792E8 ; 1.8144662244366573E10 ; 1.3084992188339175E12 ; 0.0
1286 ; 1.3540570523782153E7 ; 9.096916447578068E8 ; 1.815824307906803E10 ; 1.3094110277217927E12 ; 0.0
1287 ; 1.3509850217785645E7 ; 9.075789626523114E8 ; 1.8171783649591812E10 ; 1.3103207193665505E12 ; 0.0
1288 ; 1.346224426755279E7 ; 9.054708321404389E8 ; 1.8185293499809597E10 ; 1.311228298329203E12 ; 0.0
1289 ; 1.3429001008983262E7 ; 9.033672438428969E8 ; 1.819875574407715E10 ; 1.3121337691613433E12 ; 0.0
1290 ; 1.3394002509336712E7 ; 9.012681884196644E8 ; 1.8212184745086132E10 ; 1.3130371364051863E12 ; 0.0
1291 ; 1.334889335309856E7 ; 8.991736565702076E8 ; 1.822557874759547E10 ; 1.313938404593606E12 ; 0.0
1292 ; 1.33115311451952E7 ; 8.970836390337111E8 ; 1.823892764094857E10 ; 1.3148375782501763E12 ; 0.0
1293 ; 1.326836524987405E7 ; 8.94998126589314E8 ; 1.8252239172093765E10 ; 1.31573466188921E12 ; 0.0
1294 ; 1.3233682720670447E7 ; 8.929171100563616E8 ; 1.826550753734364E10 ; 1.3166296600157993E12 ; 0.0
1295 ; 1.3195228821497697E7 ; 8.908405802946641E8 ; 1.827874122006431E10 ; 1.3175225771258557E12 ; 0.0
1296 ; 1.3153824335560154E7 ; 8.887685282047718E8 ; 1.8291936448885807E10 ; 1.3184134177061504E12 ; 0.0
1297 ; 1.3114031371982588E7 ; 8.867009447282577E8 ; 1.8305090273221367E10 ; 1.3193021862343552E12 ; 0.0
1298 ; 1.3071539189050026E7 ; 8.846378208480163E8 ; 1.831820430459335E10 ; 1.3201888871790835E12 ; 0.0
1299 ; 1.3024041854142183E7 ; 8.825791475885735E8 ; 1.83312758437824E10 ; 1.3210735249999314E12 ; 0.0
1300 ; 1.2987898095421698E7 ; 8.805249160164111E8 ; 1.834429988563654E10 ; 1.32195610414752E12 ; 0.0
1301 ; 1.2944952919167599E7 ; 8.784751172403061E8 ; 1.835728778373196E10 ; 1.3228366290635364E12 ; 0.0
1302 ; 1.2906246979233846E7 ; 8.764297424116832E8 ; 1.8370232736651127E10 ; 1.3237151041807766E12 ; 0.0
1303 ; 1.285626474130932E7 ; 8.743887827249842E8 ; 1.838313898363036E10 ; 1.3245915339231882E12 ; 0.0
1304 ; 1.2816018433792239E7 ; 8.723522294180532E8 ; 1.839599524837167E10 ; 1.3254659227059133E12 ; 0.0
1305 ; 1.2775740680524549E7 ; 8.70320073772537E8 ; 1.840881126680546E10 ; 1.3263382749353313E12 ; 0.0
1306 ; 1.2727085533072233E7 ; 8.682923071143059E8 ; 1.8421587007485985E10 ; 1.3272085950091038E12 ; 0.0
1307 ; 1.2678738220843136E7 ; 8.662689208138894E8 ; 1.843431409301906E10 ; 1.328076887316218E12 ; 0.0
1308 ; 1.2641277499707207E7 ; 8.642499062869332E8 ; 1.8446992831239902E10 ; 1.328943156237032E12 ; 0.0
1309 ; 1.2594892037300218E7 ; 8.622352549946746E8 ; 1.845963410873961E10 ; 1.3298074061433188E12 ; 0.0
1310 ; 1.254700303260747E7 ; 8.602249584444382E8 ; 1.847222900077691E10 ; 1.3306696413983135E12 ; 0.0
1311 ; 1.2509506486202776E7 ; 8.582190081901542E8 ; 1.8484776003809517E10 ; 1.3315298663567578E12 ; 0.0
1312 ; 1.246058414342802E7 ; 8.562173958328981E8 ; 1.849728551029572E10 ; 1.332388085364948E12 ; 0.0
1313 ; 1.241350314427156E7 ; 8.542201130214527E8 ; 1.8509746094439148E10 ; 1.333244302760781E12 ; 0.0
1314 ; 1.2366802542274367E7 ; 8.522271514528968E8 ; 1.852215959758342E10 ; 1.3340985228738025E12 ; 0.0
1315 ; 1.2319757502080237E7 ; 8.502385028732163E8 ; 1.8534526400125694E10 ; 1.3349507500252554E12 ; 0.0
1316 ; 1.2275115850572444E7 ; 8.482541590779434E8 ; 1.8546846157627773E10 ; 1.3358009885281287E12 ; 0.0
1317 ; 1.2227663755493574E7 ; 8.462741119128222E8 ; 1.8559121273478344E10 ; 1.3366492426872065E12 ; 0.0
1318 ; 1.217758126015527E7 ; 8.442983532745054E8 ; 1.8571348937233837E10 ; 1.3374955167991194E12 ; 0.0
1319 ; 1.213445539834445E7 ; 8.423268751112761E8 ; 1.858352651849399E10 ; 1.3383398151523938E12 ; 0.0
1320 ; 1.2087671462692544E7 ; 8.40359669423805E8 ; 1.8595660973892338E10 ; 1.3391821420275051E12 ; 0.0
1321 ; 1.2036973505809342E7 ; 8.383967282659398E8 ; 1.860774864535503E10 ; 1.340022501696929E12 ; 0.0
1322 ; 1.1982143595201805E7 ; 8.364380437455256E8 ; 1.861978561886084E10 ; 1.3408608984251948E12 ; 0.0
1323 ; 1.193827711707324E7 ; 8.34483608025265E8 ; 1.8631767762456043E10 ; 1.3416973364689404E12 ; 0.0
1324 ; 1.1882731152633954E7 ; 8.325334133236107E8 ; 1.8643706039573116E10 ; 1.3425318200769656E12 ; 0.0
1325 ; 1.183971652802661E7 ; 8.305874519157014E8 ; 1.865558877072575E10 ; 1.3433643534902893E12 ; 0.0
1326 ; 1.1793061555401519E7 ; 8.286457161343356E8 ; 1.8667428487253777E10 ; 1.344194940942205E12 ; 0.0
1327 ; 1.1751928566590644E7 ; 8.267081983709875E8 ; 1.8679221548809177E10 ; 1.3450235866583394E12 ; 0.0
1328 ; 1.1705229121861521E7 ; 8.247748910768683E8 ; 1.8690973477375767E10 ; 1.3458502948567104E12 ; 0.0
1329 ; 1.1658636713592822E7 ; 8.228457867640345E8 ; 1.8702678706497627E10 ; 1.3466750697477874E12 ; 0.0
1330 ; 1.1620499032531248E7 ; 8.209208780065415E8 ; 1.871433734321122E10 ; 1.3474979155345513E12 ; 0.0
1331 ; 1.1574862025959222E7 ; 8.190001574416518E8 ; 1.872595784224375E10 ; 1.3483188364125579E12 ; 0.0
1332 ; 1.152906508057257E7 ; 8.17083617771093E8 ; 1.873753270426971E10 ; 1.3491378365699995E12 ; 0.0
1333 ; 1.1508046021120928E7 ; 8.151712517623726E8 ; 1.8749061769350285E10 ; 1.3499549201877705E12 ; 0.0
1334 ; 1.1495702168965226E7 ; 8.132630522501514E8 ; 1.8760569815371407E10 ; 1.350770091439533E12 ; 0.0
1335 ; 1.1467877991086539E7 ; 8.11359012137675E8 ; 1.877206551754037E10 ; 1.3515833544917832E12 ; 0.0
1336 ; 1.1453878214143353E7 ; 8.094591243982737E8 ; 1.8783533395531456E10 ; 1.352394713503921E12 ; 0.0
1337 ; 1.143284234285721E7 ; 8.075633820769228E8 ; 1.8794987273745598E10 ; 1.353204172628319E12 ; 0.0
1338 ; 1.1418123334050901E7 ; 8.056717782918766E8 ; 1.8806420116088455E10 ; 1.354011736010396E12 ; 0.0
1339 ; 1.1393752322937451E7 ; 8.037843062363758E8 ; 1.8817838239422504E10 ; 1.354817407788688E12 ; 0.0
1340 ; 1.1374043434794355E7 ; 8.01900959180428E8 ; 1.882923199174544E10 ; 1.3556211920949243E12 ; 0.0
1341 ; 1.1351387541740954E7 ; 8.000217304726715E8 ; 1.8840606035180237E10 ; 1.3564230930541047E12 ; 0.0
1342 ; 1.132298765422542E7 ; 7.981466135423205E8 ; 1.8851957422721977E10 ; 1.3572231147845774E12 ; 0.0
1343 ; 1.1308313460854895E7 ; 7.962756019012012E8 ; 1.88632804103762E10 ; 1.3580212613981196E12 ; 0.0
1344 ; 1.1286896243731052E7 ; 7.944086891458764E8 ; 1.8874588723837055E10 ; 1.3588175370000208E12 ; 0.0
1345 ; 1.1279574059597569E7 ; 7.925458689598693E8 ; 1.8885875620080788E10 ; 1.3596119456891667E12 ; 0.0
1346 ; 1.1275542123204837E7 ; 7.906871351159884E8 ; 1.8897155194140385E10 ; 1.3604044915581267E12 ; 0.0
1347 ; 1.1266532152461974E7 ; 7.88832481478757E8 ; 1.8908430736263588E10 ; 1.3611951786932427E12 ; 0.0
1348 ; 1.126485519805838E7 ; 7.869819020069555E8 ; 1.891969726841605E10 ; 1.3619840111747214E12 ; 0.0
1349 ; 1.126464069541885E7 ; 7.851353907562797E8 ; 1.893096212361411E10 ; 1.3627709930767283E12 ; 0.0
1350 ; 1.125405815107233E7 ; 7.832929418821217E8 ; 1.894222676430953E10 ; 1.3635561284674846E12 ; 0.0
1351 ; 1.1247129120152665E7 ; 7.814545496424795E8 ; 1.89534808224606E10 ; 1.3643394214093667E12 ; 0.0
1352 ; 1.124005451154989E7 ; 7.796202084010012E8 ; 1.8964727951580753E10 ; 1.3651208759590093E12 ; 0.0
1353 ; 1.1233170288748393E7 ; 7.777899126301684E8 ; 1.8975968006092304E10 ; 1.3659004961674104E12 ; 0.0
1354 ; 1.123759653637509E7 ; 7.759636569146333E8 ; 1.8987201176381054E10 ; 1.3666782860800405E12 ; 0.0
1355 ; 1.1225282012905585E7 ; 7.741414359547035E8 ; 1.899843877291743E10 ; 1.367454249736955E12 ; 0.0
1356 ; 1.122497491998756E7 ; 7.723232445699968E8 ; 1.9009664054930336E10 ; 1.3682283911729097E12 ; 0.0
1357 ; 1.1225338543297108E7 ; 7.705090777032634E8 ; 1.9020889029850323E10 ; 1.3690007144174797E12 ; 0.0
1358 ; 1.1218884577413019E7 ; 7.68698930424388E8 ; 1.903211436839362E10 ; 1.369771223495183E12 ; 0.0
1359 ; 1.1210508250629943E7 ; 7.668927979345813E8 ; 1.904333325297103E10 ; 1.3705399224256074E12 ; 0.0
1360 ; 1.12013259954129E7 ; 7.650906755707674E8 ; 1.905454376122166E10 ; 1.371306815223542E12 ; 0.0
1361 ; 1.1194413306361001E7 ; 7.6329255881018E8 ; 1.9065745087217075E10 ; 1.3720719058991128E12 ; 0.0
1362 ; 1.1199046111415472E7 ; 7.614984432751741E8 ; 1.9076939500523438E10 ; 1.3728351984579229E12 ; 0.0
1363 ; 1.1196898403703218E7 ; 7.597083247382667E8 ; 1.9088138546634853E10 ; 1.373596696901198E12 ; 0.0
1364 ; 1.1185609062307077E7 ; 7.579221991274159E8 ; 1.9099335445038555E10 ; 1.3743564052259363E12 ; 0.0
1365 ; 1.1180728386102123E7 ; 7.561400625315499E8 ; 1.911052105410086E10 ; 1.3751143274250637E12 ; 0.0
1366 ; 1.1173283257735396E7 ; 7.543619112063588E8 ; 1.912170178248696E10 ; 1.3758704674875952E12 ; 0.0
1367 ; 1.1171875366329363E7 ; 7.525877415803609E8 ; 1.9132875065744698E10 ; 1.3766248293988015E12 ; 0.0
1368 ; 1.116620753799113E7 ; 7.508175502612576E8 ; 1.9144046941111027E10 ; 1.3773774171403818E12 ; 0.0
1369 ; 1.1162024821556263E7 ; 7.490513340425891E8 ; 1.9155213148649017E10 ; 1.378128234690643E12 ; 0.0
1370 ; 1.115832633357831E7 ; 7.472890899107046E8 ; 1.9166375173470573E10 ; 1.3788772860246855E12 ; 0.0
1371 ; 1.1150963841632921E7 ; 7.455308150520655E8 ; 1.9177533499804153E10 ; 1.3796245751145962E12 ; 0.0
1372 ; 1.1143930029933074E7 ; 7.437765068608909E8 ; 1.9188684463645786E10 ; 1.3803701059296482E12 ; 0.0
1373 ; 1.1142608780107986E7 ; 7.420261629471653E8 ; 1.919982839367572E10 ; 1.381113882436509E12 ; 0.0
1374 ; 1.1137650600380693E7 ; 7.402797811450233E8 ; 1.921097100245583E10 ; 1.3818559085994563E12 ; 0.0
1375 ; 1.112591095213325E7 ; 7.385373595215276E8 ; 1.922210865305621E10 ; 1.3825961883806013E12 ; 0.0
1376 ; 1.1124325119456585E7 ; 7.367988963858559E8 ; 1.9233234564008343E10 ; 1.3833347257401228E12 ; 0.0
1377 ; 1.1120933618721915E7 ; 7.350643902989184E8 ; 1.92443588891278E10 ; 1.3840715246365085E12 ; 0.0
1378 ; 1.1116632255188998E7 ; 7.333338400834172E8 ; 1.925547982274652E10 ; 1.3848065890268074E12 ; 0.0
1379 ; 1.1109698568782937E7 ; 7.316072448343718E8 ; 1.926659645500171E10 ; 1.3855399228668909E12 ; 0.0
1380 ; 1.1115983184180368E7 ; 7.298846039301232E8 ; 1.927770615357049E10 ; 1.3862715301117253E12 ; 0.0
1381 ; 1.110009233209877E7 ; 7.281659170438378E8 ; 1.9288822136754673E10 ; 1.3870014147156555E12 ; 0.0
1382 ; 1.1101367652198939E7 ; 7.264511841555294E8 ; 1.9299922229086773E10 ; 1.3877295806326995E12 ; 0.0
1383 ; 1.1089358034379672E7 ; 7.247404055646137E8 ; 1.931102359673897E10 ; 1.388456031816855E12 ; 0.0
1384 ; 1.1084344834348567E7 ; 7.230335819030153E8 ; 1.932211295477335E10 ; 1.3891807722224197E12 ; 0.0
1385 ; 1.1077600599622738E7 ; 7.213307141488444E8 ; 1.9333197299607697E10 ; 1.3899038058043228E12 ; 0.0
1386 ; 1.1075399129624717E7 ; 7.196318036406543E8 ; 1.934427490020732E10 ; 1.3906251365184717E12 ; 0.0
1387 ; 1.106899336583659E7 ; 7.179368520923002E8 ; 1.9355350299336945E10 ; 1.3913447683221123E12 ; 0.0
1388 ; 1.106238258713049E7 ; 7.162458616084075E8 ; 1.936641929270278E10 ; 1.3920627051742046E12 ; 0.0
1389 ; 1.1061869958169982E7 ; 7.145588347004626E8 ; 1.9377481675289913E10 ; 1.392778951035813E12 ; 0.0
1390 ; 1.1060533007644685E7 ; 7.128757743035346E8 ; 1.9388543545248085E10 ; 1.3934935098705134E12 ; 0.0
1391 ; 1.1054184721929697E7 ; 7.111966837936339E8 ; 1.939960407825573E10 ; 1.394206385644817E12 ; 0.0
1392 ; 1.1045867243025646E7 ; 7.095215670057087E8 ; 1.941065826297766E10 ; 1.3949175823286106E12 ; 0.0
1393 ; 1.1042325235860828E7 ; 7.078504282522787E8 ; 1.9421704130220688E10 ; 1.3956271038956162E12 ; 0.0
1394 ; 1.1042570339492567E7 ; 7.061832723426996E8 ; 1.943274645545655E10 ; 1.3963349543238684E12 ; 0.0
1395 ; 1.1036869958634375E7 ; 7.045201046030439E8 ; 1.9443789025796043E10 ; 1.3970411375962112E12 ; 0.0
1396 ; 1.1024283113566812E7 ; 7.028609308965825E8 ; 1.9454825895754677E10 ; 1.3977456577008142E12 ; 0.0
1397 ; 1.1021880323257225E7 ; 7.012057576448344E8 ; 1.9465850178868244E10 ; 1.3984485186317107E12 ; 0.0
1398 ; 1.1019238813781021E7 ; 6.995545918491561E8 ; 1.94768720591915E10 ; 1.3991497243893555E12 ; 0.0
1399 ; 1.100813342469163E7 ; 6.979074411128185E8 ; 1.9487891298005283E10 ; 1.3998492789812046E12 ; 0.0
1400 ; 1.1007611706062675E7 ; 6.962643136635168E8 ; 1.9498899431429974E10 ; 1.4005471864223174E12 ; 0.0
1401 ; 1.1000176598369848E7 ; 6.946252183762395E8 ; 1.9509907043136036E10 ; 1.401243450735981E12 ; 0.0
1402 ; 1.0999419847614208E7 ; 6.929901647964166E8 ; 1.9520907219734406E10 ; 1.4019380759543572E12 ; 0.0
1403 ; 1.0998852805602366E7 ; 6.913591631632355E8 ; 1.953190663958202E10 ; 1.4026310661191536E12 ; 0.0
1404 ; 1.098907678338487E7 ; 6.89732224433008E8 ; 1.9542905492387623E10 ; 1.403322425282317E12 ; 0.0
1405 ; 1.098776387557077E7 ; 6.881093603024457E8 ; 1.955389456917101E10 ; 1.40401215750675E12 ; 0.0
1406 ; 1.0978138349164987E7 ; 6.86490583231673E8 ; 1.956488233304658E10 ; 1.4047002668670525E12 ; 0.0
1407 ; 1.0977416783882156E7 ; 6.848759064667894E8 ; 1.957586047139575E10 ; 1.4053867574502842E12 ; 0.0
1408 ; 1.0971594802365175E7 ; 6.832653440617547E8 ; 1.958683788817963E10 ; 1.406071633356751E12 ; 0.0
1409 ; 1.0963214626466809E7 ; 6.816589108993515E8 ; 1.9597809482981995E10 ; 1.4067548987008127E12 ; 0.0
1410 ; 1.0958438897226354E7 ; 6.800566227109303E8 ; 1.9608772697608463E10 ; 1.4074365576117122E12 ; 0.0
1411 ; 1.095285855850696E7 ; 6.78458496094624E8 ; 1.961973113650569E10 ; 1.408116614234423E12 ; 0.0
1412 ; 1.095207866410321E7 ; 6.768645485316603E8 ; 1.9630683995064198E10 ; 1.4087950727305178E12 ; 0.0
1413 ; 1.094327339086672E7 ; 6.752747984003807E8 ; 1.9641636073728302E10 ; 1.4094719372790496E12 ; 0.0
1414 ; 1.0935376150458597E7 ; 6.736892649875109E8 ; 1.9652579347119167E10 ; 1.41014721207745E12 ; 0.0
1415 ; 1.0938847859068632E7 ; 6.721079684962001E8 ; 1.9663514723269627E10 ; 1.4108209013424375E12 ; 0.0
1416 ; 1.0930174429030817E7 ; 6.705309300502927E8 ; 1.9674453571128696E10 ; 1.4114930093109336E12 ; 0.0
1417 ; 1.0923034800761424E7 ; 6.689581716942523E8 ; 1.9685383745557728E10 ; 1.412163540240984E12 ; 0.0
1418 ; 1.091699918608474E7 ; 6.673897163881183E8 ; 1.969630678035849E10 ; 1.4128324984126782E12 ; 0.0
1419 ; 1.0914706982736856E7 ; 6.65825587996829E8 ; 1.9707223779544575E10 ; 1.4134998881290664E12 ; 0.0
1420 ; 1.0910725195289895E7 ; 6.642658112732114E8 ; 1.9718138486527313E10 ; 1.4141657137170632E12 ; 0.0
1421 ; 1.0902665439640542E7 ; 6.62710411833907E8 ; 1.9729049211722603E10 ; 1.4148299795283364E12 ; 0.0
1422 ; 1.0898554167239279E7 ; 6.611594161274767E8 ; 1.9739951877162243E10 ; 1.4154926899401704E12 ; 0.0
1423 ; 1.0894344604823144E7 ; 6.59612851393918E8 ; 1.9750850431329483E10 ; 1.4161538493562979E12 ; 0.0
1424 ; 1.0891643689374644E7 ; 6.58070745614829E8 ; 1.9761744775934307E10 ; 1.4168134622076917E12 ; 0.0
1425 ; 1.0887546883215792E7 ; 6.565331274534627E8 ; 1.977263641962368E10 ; 1.4174715329533064E12 ; 0.0
1426 ; 1.0880592243610121E7 ; 6.550000261839623E8 ; 1.9783523966506897E10 ; 1.4181280660807598E12 ; 0.0
1427 ; 1.0870954627686549E7 ; 6.534714716091121E8 ; 1.9794404558750507E10 ; 1.4187830661069438E12 ; 0.0
1428 ; 1.0868560288420545E7 ; 6.519474939660289E8 ; 1.9805275513378193E10 ; 1.419436537578553E12 ; 0.0
1429 ; 1.0866784693357948E7 ; 6.504281238193266E8 ; 1.9816144073666615E10 ; 1.420088485072519E12 ; 0.0
1430 ; 1.0854104917441567E7 ; 6.489133919414233E8 ; 1.9827010858359974E10 ; 1.4207389131963384E12 ; 0.0
1431 ; 1.0852176181559702E7 ; 6.474033291798332E8 ; 1.9837864963277416E10 ; 1.4213878265882798E12 ; 0.0
1432 ; 1.0845336166304033E7 ; 6.458979663114902E8 ; 1.9848717139458977E10 ; 1.4220352299174597E12 ; 0.0
1433 ; 1.0837135891218888E7 ; 6.443973338843814E8 ; 1.9859562475625282E10 ; 1.4226811278837712E12 ; 0.0
1434 ; 1.0845782235719647E7 ; 6.429014620470395E8 ; 1.9870399611516502E10 ; 1.4233255252176555E12 ; 0.0
1435 ; 1.0842780034919713E7 ; 6.414103803667305E8 ; 1.988124539375222E10 ; 1.4239684266797026E12 ; 0.0
1436 ; 1.0830282051691603E7 ; 6.399241176374915E8 ; 1.989208817378714E10 ; 1.4246098370600693E12 ; 0.0
1437 ; 1.0824340479886137E7 ; 6.384427016795015E8 ; 1.9902918455838833E10 ; 1.4252497611777068E12 ; 0.0
1438 ; 1.0823470122890905E7 ; 6.369661591316003E8 ; 1.9913742796318718E10 ; 1.4258882038793862E12 ; 0.0
1439 ; 1.0816886134829655E7 ; 6.354945152391031E8 ; 1.992456626644161E10 ; 1.4265251700385178E12 ; 0.0
